0 0.634418 0.879585 0.093549 0.160025
0 0.252205 0.678318 0.092196 0.128045
0 0.249361 0.796267 0.078779 0.163993
0 0.605085 0.693259 0.093591 0.145780
1 0.094976 0.819169 0.040961 0.050721
1 0.243975 0.173784 0.030278 0.039631
1 0.245448 0.205344 0.029387 0.034883
1 0.184946 0.497471 0.033841 0.058649
1 0.318332 0.396124 0.025825 0.045973
1 0.287620 0.241565 0.024910 0.044388
1 0.291774 0.389652 0.023313 0.041317
1 0.312088 0.518964 0.027625 0.041183
1 0.539614 0.715562 0.030273 0.055520
1 0.563655 0.948574 0.028497 0.057064
1 0.754458 0.201787 0.027606 0.042768
1 0.718598 0.412777 0.023153 0.047567
1 0.732844 0.392945 0.024934 0.039614
1 0.719804 0.922513 0.029383 0.050747
1 0.710328 0.953683 0.033624 0.053188
1 0.773360 0.939853 0.029387 0.058649
1 0.876824 0.819375 0.032950 0.049136
2 0.312542 0.434169 0.028497 0.045973
2 0.765792 0.641833 0.032055 0.052307
3 0.281381 0.564929 0.032064 0.047592
3 0.725721 0.639455 0.030273 0.057064
4 0.723047 0.522148 0.138921 0.304362
5 0.271376 0.501539 0.150490 0.320210
1 0.224529 0.666594 0.031404 0.060453
1 0.579691 0.874891 0.032041 0.058591
1 0.205542 0.702815 0.024929 0.053935
1 0.229284 0.953318 0.032950 0.047576
1 0.128871 0.743251 0.036508 0.049136
