0 0.357008 0.182264 0.072125 0.099722
0 0.337148 0.826507 0.113984 0.215292
0 0.680176 0.164944 0.064117 0.123472
0 0.793320 0.807458 0.087266 0.193139
1 0.530152 0.428917 0.034727 0.071250
1 0.575848 0.426715 0.033836 0.066486
1 0.527062 0.295187 0.032953 0.060153
1 0.543660 0.150118 0.029383 0.050653
1 0.736445 0.127951 0.023156 0.041153
1 0.816398 0.043944 0.023156 0.045917
1 0.936355 0.799174 0.034727 0.066486
1 0.282750 0.183368 0.027609 0.047486
1 0.584621 0.596549 0.032945 0.066486
1 0.674656 0.429785 0.035625 0.066486
2 0.863547 0.750965 0.032062 0.068069
3 0.303398 0.220090 0.027281 0.049069
3 0.705754 0.130576 0.027602 0.045903
4 0.835734 0.435069 0.175422 0.351444
5 0.256219 0.450000 0.174531 0.357778
1 0.428336 0.439410 0.037406 0.064903
1 0.216559 0.953521 0.040070 0.052236
1 0.568715 0.933993 0.046305 0.071236
2 0.399043 0.895667 0.048977 0.088639
