0 0.602081 0.721082 0.086442 0.150537
0 0.248195 0.673691 0.092818 0.116174
0 0.246546 0.782479 0.078030 0.156435
0 0.583860 0.589761 0.072158 0.137911
1 0.091513 0.821707 0.040961 0.050730
1 0.243975 0.168943 0.030278 0.039631
1 0.246824 0.199836 0.029387 0.034874
1 0.186725 0.495491 0.033836 0.058649
1 0.318332 0.396124 0.025825 0.045973
1 0.287620 0.241565 0.024910 0.044388
1 0.291774 0.389652 0.023313 0.041317
1 0.312088 0.518964 0.027625 0.041183
1 0.534566 0.715545 0.030273 0.053893
1 0.694267 0.907030 0.028497 0.057064
1 0.746199 0.197697 0.027601 0.045294
1 0.778329 0.231275 0.025641 0.039664
1 0.718598 0.412777 0.023153 0.047567
1 0.732844 0.392945 0.024934 0.039614
1 0.729057 0.889702 0.030434 0.053549
1 0.716510 0.945755 0.033624 0.053188
1 0.773360 0.939853 0.029387 0.058649
1 0.879336 0.820008 0.032950 0.049144
2 0.312542 0.434169 0.028497 0.045973
2 0.765792 0.641833 0.032055 0.052307
3 0.281381 0.564929 0.032064 0.047592
3 0.725721 0.639455 0.030273 0.057064
4 0.723855 0.522148 0.139086 0.304362
5 0.271560 0.501539 0.150490 0.320210
1 0.226176 0.677961 0.032926 0.061812
1 0.772924 0.825654 0.032041 0.058591
1 0.207868 0.717806 0.032945 0.053935
1 0.229284 0.953318 0.032950 0.047576
1 0.127038 0.745067 0.036508 0.049144
