0 0.477750 0.671065 0.079298 0.141007
0 0.377863 0.904396 0.091682 0.145940
0 0.472019 0.906833 0.087253 0.131485
0 0.691065 0.307353 0.075570 0.110696
1 0.087842 0.824400 0.040961 0.050730
1 0.243975 0.163800 0.030278 0.039631
1 0.252201 0.198217 0.029387 0.034874
1 0.188610 0.493389 0.033836 0.058658
1 0.318332 0.396124 0.025825 0.045973
1 0.287620 0.241565 0.024910 0.044388
1 0.293480 0.389656 0.023313 0.041326
1 0.312088 0.518964 0.027625 0.041183
1 0.514055 0.500042 0.030278 0.053893
1 0.516225 0.667940 0.028492 0.057072
1 0.760589 0.211586 0.027606 0.036460
1 0.767849 0.231443 0.024934 0.033289
1 0.716902 0.450285 0.026037 0.047567
1 0.732335 0.391854 0.024934 0.039614
1 0.728280 0.888746 0.032196 0.058230
1 0.719409 0.945755 0.033624 0.053188
1 0.773360 0.939853 0.029387 0.058649
1 0.882434 0.820961 0.032945 0.049136
2 0.312542 0.434169 0.028497 0.045973
2 0.765792 0.641833 0.032055 0.052307
3 0.279583 0.565998 0.032069 0.047601
3 0.725721 0.639455 0.030273 0.057064
4 0.723704 0.522148 0.139387 0.304362
5 0.271758 0.501539 0.150490 0.320210
1 0.417260 0.880508 0.032926 0.061820
1 0.651310 0.684224 0.032950 0.066552
1 0.416492 0.938121 0.032945 0.053926
1 0.229284 0.953318 0.032950 0.047576
1 0.125094 0.746988 0.036513 0.049144
