0 0.608567 0.709836 0.077465 0.140730
0 0.268567 0.694874 0.096107 0.140134
0 0.328120 0.891397 0.095495 0.154975
0 0.569220 0.453297 0.069156 0.124513
1 0.090514 0.822441 0.040961 0.050721
1 0.243975 0.167542 0.030278 0.039631
1 0.251784 0.198385 0.029383 0.034874
1 0.187238 0.494920 0.033836 0.058649
1 0.318332 0.396124 0.025825 0.045973
1 0.287620 0.241565 0.024910 0.044388
1 0.291902 0.389652 0.023313 0.041317
1 0.312088 0.518964 0.027625 0.041183
1 0.515097 0.506598 0.030278 0.053901
1 0.695518 0.908909 0.030226 0.057064
1 0.752870 0.196883 0.027606 0.036468
1 0.775549 0.229153 0.024934 0.041913
1 0.720511 0.410956 0.023153 0.047567
1 0.732844 0.392945 0.024934 0.039614
1 0.728845 0.889442 0.030914 0.054824
1 0.717297 0.945755 0.033624 0.053188
1 0.773360 0.939853 0.029387 0.058649
1 0.881103 0.820327 0.032950 0.049144
2 0.312542 0.434169 0.028497 0.045973
2 0.765792 0.641833 0.032055 0.052307
3 0.281249 0.565013 0.032064 0.047592
3 0.725721 0.639455 0.030273 0.057064
4 0.723812 0.522148 0.139171 0.304362
5 0.271616 0.501539 0.150490 0.320210
1 0.232830 0.705923 0.032926 0.061812
1 0.776689 0.805990 0.032041 0.058591
1 0.208014 0.747672 0.032945 0.053935
1 0.229284 0.953318 0.032950 0.047576
1 0.126510 0.745587 0.036508 0.049144
