0 0.418037 0.664027 0.079298 0.141007
0 0.545429 0.907332 0.091687 0.145940
0 0.675860 0.906598 0.087253 0.131485
0 0.704350 0.350680 0.074797 0.099866
1 0.085415 0.826179 0.040961 0.050730
1 0.243975 0.160411 0.030278 0.039631
1 0.248030 0.196195 0.029387 0.034874
1 0.189856 0.492005 0.033841 0.058658
1 0.318332 0.396124 0.025825 0.045973
1 0.287620 0.241565 0.024910 0.044388
1 0.294918 0.389656 0.023313 0.041326
1 0.312088 0.518964 0.027625 0.041183
1 0.513928 0.500763 0.030278 0.053893
1 0.521727 0.638314 0.028497 0.057064
1 0.760705 0.209513 0.027601 0.036460
1 0.765577 0.232114 0.024934 0.033289
1 0.682458 0.408159 0.028497 0.044924
1 0.730438 0.387806 0.024929 0.039622
1 0.727731 0.892206 0.032945 0.060235
1 0.720285 0.947374 0.032059 0.057064
1 0.773360 0.939853 0.029387 0.058649
1 0.874142 0.820961 0.032950 0.049136
2 0.312542 0.434169 0.028497 0.045973
2 0.765792 0.641833 0.032055 0.052307
3 0.283857 0.566514 0.032069 0.047592
3 0.725721 0.639455 0.030273 0.057064
4 0.723603 0.522148 0.139590 0.304362
5 0.271885 0.501539 0.150490 0.320210
1 0.568560 0.914497 0.032926 0.061812
1 0.592592 0.888343 0.032950 0.066552
1 0.587253 0.947768 0.032950 0.055503
1 0.229284 0.953318 0.032950 0.047576
1 0.123810 0.748255 0.036508 0.049144
