0 0.424710 0.653318 0.081070 0.146569
0 0.446586 0.903368 0.091682 0.145948
0 0.633551 0.888356 0.090844 0.163205
0 0.704350 0.350218 0.074797 0.099866
1 0.085090 0.826418 0.040961 0.050721
1 0.243975 0.159958 0.030278 0.039631
1 0.247469 0.195919 0.029387 0.034874
1 0.190024 0.491816 0.033836 0.058649
1 0.318332 0.396124 0.025825 0.045973
1 0.287620 0.241565 0.024910 0.044388
1 0.295111 0.389656 0.023313 0.041326
1 0.311110 0.509102 0.027620 0.041191
1 0.513909 0.500860 0.030278 0.053901
1 0.520846 0.638456 0.028497 0.057064
1 0.760617 0.209060 0.027606 0.036460
1 0.765271 0.232206 0.024934 0.033289
1 0.682524 0.405961 0.028497 0.044455
1 0.730181 0.387261 0.024934 0.039622
1 0.727646 0.893704 0.032945 0.060243
1 0.719406 0.947722 0.032055 0.057072
1 0.773360 0.939853 0.029387 0.058649
1 0.873023 0.820961 0.032945 0.049136
2 0.312542 0.434169 0.028497 0.045973
2 0.765792 0.641833 0.032055 0.052307
3 0.282568 0.564534 0.032064 0.047592
3 0.725721 0.639455 0.030273 0.057064
4 0.723589 0.522148 0.139618 0.304362
5 0.271904 0.501539 0.150490 0.320210
1 0.467495 0.910533 0.032926 0.061820
1 0.495090 0.882005 0.032950 0.066560
1 0.495090 0.939052 0.032950 0.055503
1 0.229284 0.953318 0.032950 0.047576
1 0.123638 0.748427 0.036513 0.049136
