0 0.465799 0.675847 0.079298 0.141007
0 0.507684 0.905747 0.091682 0.145940
0 0.598551 0.908721 0.087253 0.131485
0 0.704350 0.353188 0.074797 0.099866
1 0.087187 0.824878 0.040961 0.050730
1 0.243975 0.162886 0.030278 0.039631
1 0.251074 0.197672 0.029387 0.034874
1 0.188947 0.493016 0.033841 0.058649
1 0.318332 0.396124 0.025825 0.045973
1 0.287620 0.241565 0.024910 0.044388
1 0.293869 0.389656 0.023318 0.041326
1 0.312088 0.518964 0.027625 0.041183
1 0.514022 0.500235 0.030278 0.053893
1 0.520528 0.656137 0.028492 0.057072
1 0.761178 0.211963 0.027606 0.036460
1 0.767236 0.231628 0.024934 0.033289
1 0.682107 0.420050 0.028492 0.047433
1 0.731821 0.390759 0.024934 0.039622
1 0.728143 0.888574 0.032507 0.059060
1 0.719922 0.945755 0.033624 0.053188
1 0.773360 0.939853 0.029387 0.058649
1 0.880196 0.820961 0.032945 0.049136
2 0.312542 0.434169 0.028497 0.045973
2 0.765792 0.641833 0.032055 0.052307
3 0.279175 0.566237 0.032064 0.047592
3 0.725721 0.639455 0.030273 0.057064
4 0.723676 0.522148 0.139444 0.304362
5 0.271791 0.501539 0.150490 0.320210
1 0.545040 0.881074 0.032926 0.061812
1 0.638266 0.720906 0.032950 0.066560
1 0.545198 0.931992 0.032950 0.053935
1 0.229284 0.953318 0.032950 0.047576
1 0.124748 0.747332 0.036508 0.049144
