0 0.412990 0.660856 0.079298 0.141007
0 0.492149 0.902576 0.091687 0.145940
0 0.652392 0.896418 0.093822 0.153960
0 0.704350 0.350436 0.074797 0.099866
1 0.085245 0.826305 0.040961 0.050730
1 0.243975 0.160168 0.030278 0.039631
1 0.247733 0.196044 0.029387 0.034874
1 0.189946 0.491909 0.033841 0.058649
1 0.318332 0.396124 0.025825 0.045973
1 0.287620 0.241565 0.024910 0.044388
1 0.295016 0.389656 0.023313 0.041326
1 0.311633 0.514358 0.027620 0.041183
1 0.513918 0.500814 0.030278 0.053893
1 0.521261 0.638389 0.028497 0.057064
1 0.760657 0.209279 0.027601 0.036460
1 0.765412 0.232164 0.024934 0.033289
1 0.682493 0.406992 0.028492 0.044673
1 0.730304 0.387513 0.024934 0.039622
1 0.727686 0.892999 0.032950 0.060243
1 0.719821 0.947559 0.032055 0.057064
1 0.773360 0.939853 0.029387 0.058649
1 0.873551 0.820961 0.032945 0.049136
2 0.312542 0.434169 0.028497 0.045973
2 0.765792 0.641833 0.032055 0.052307
3 0.283360 0.565591 0.032064 0.047592
3 0.725721 0.639455 0.030273 0.057064
4 0.723596 0.522148 0.139604 0.304362
5 0.271894 0.501539 0.150490 0.320210
1 0.513796 0.912647 0.032926 0.061820
1 0.538869 0.888612 0.032950 0.066552
1 0.539614 0.946711 0.032950 0.055503
1 0.229284 0.953318 0.032950 0.047576
1 0.123721 0.748347 0.036508 0.049144
