0 0.616918 0.895382 0.089114 0.152156
0 0.263789 0.685436 0.091725 0.145587
0 0.328162 0.858721 0.098238 0.168045
0 0.664241 0.812517 0.098907 0.171074
1 0.096324 0.818184 0.040961 0.050730
1 0.243975 0.175663 0.030278 0.039631
1 0.244915 0.207487 0.029387 0.034874
1 0.184253 0.498238 0.033841 0.058658
1 0.318332 0.396124 0.025825 0.045973
1 0.287620 0.241565 0.024910 0.044388
1 0.291774 0.389652 0.023313 0.041317
1 0.312088 0.518964 0.027625 0.041183
1 0.537915 0.714392 0.030278 0.055512
1 0.394988 0.944736 0.033850 0.057072
1 0.756169 0.202223 0.027606 0.042768
1 0.718598 0.412777 0.023153 0.047567
1 0.732844 0.392945 0.024934 0.039614
1 0.721115 0.919539 0.029383 0.050755
1 0.710328 0.953683 0.033624 0.053188
1 0.773360 0.939853 0.029387 0.058649
1 0.877811 0.819375 0.032945 0.049136
2 0.312542 0.434169 0.028497 0.045973
2 0.765792 0.641833 0.032055 0.052307
3 0.281381 0.564929 0.032064 0.047592
3 0.725721 0.639455 0.030273 0.057064
4 0.723047 0.522148 0.138921 0.304362
5 0.271305 0.501539 0.150490 0.320210
1 0.217495 0.667332 0.029797 0.059010
1 0.501909 0.950419 0.033836 0.058591
1 0.213087 0.714799 0.024929 0.053926
1 0.229284 0.953318 0.032950 0.047576
1 0.129585 0.742546 0.036513 0.049136
