0 0.653336 0.678100 0.075306 0.137441
0 0.274510 0.719874 0.102347 0.176040
0 0.292957 0.892328 0.087253 0.131485
0 0.653395 0.324060 0.076197 0.101913
1 0.089590 0.823117 0.040961 0.050730
1 0.243975 0.166250 0.030278 0.039631
1 0.265028 0.197311 0.029387 0.034874
1 0.187712 0.494392 0.033841 0.058649
1 0.318332 0.396124 0.025825 0.045973
1 0.287620 0.241565 0.024910 0.044388
1 0.292448 0.389652 0.023313 0.041317
1 0.312088 0.518964 0.027625 0.041183
1 0.515078 0.498226 0.030278 0.053901
1 0.692328 0.745268 0.028492 0.057064
1 0.758744 0.210126 0.027601 0.036460
1 0.769602 0.236141 0.024934 0.041980
1 0.722465 0.409102 0.023148 0.047567
1 0.732844 0.392945 0.024934 0.039614
1 0.728650 0.889199 0.031352 0.055998
1 0.718028 0.945755 0.033624 0.053188
1 0.773360 0.939853 0.029387 0.058649
1 0.882733 0.820617 0.032950 0.049136
2 0.312542 0.434169 0.028497 0.045973
2 0.765792 0.641833 0.032055 0.052307
3 0.280674 0.565348 0.032064 0.047592
3 0.725721 0.639455 0.030273 0.057064
4 0.723775 0.522148 0.139246 0.304362
5 0.271664 0.501539 0.150490 0.320210
1 0.255785 0.752013 0.032926 0.061812
1 0.727945 0.680688 0.028501 0.064950
1 0.241972 0.855831 0.032945 0.053926
1 0.229284 0.953318 0.032950 0.047576
1 0.126020 0.746074 0.036508 0.049144
