0 0.638202 0.711988 0.093577 0.134715
0 0.260337 0.678704 0.092568 0.114253
0 0.258426 0.816607 0.077512 0.166183
0 0.640700 0.582261 0.086404 0.142878
1 0.092323 0.821116 0.040961 0.050721
1 0.243975 0.170067 0.030278 0.039631
1 0.246503 0.201120 0.029387 0.034874
1 0.186310 0.495952 0.033836 0.058649
1 0.318332 0.396124 0.025825 0.045973
1 0.287620 0.241565 0.024910 0.044388
1 0.291774 0.389652 0.023313 0.041317
1 0.312088 0.518964 0.027625 0.041183
1 0.548023 0.759719 0.030278 0.053901
1 0.693061 0.908318 0.028497 0.057072
1 0.746923 0.197550 0.027606 0.042768
1 0.768275 0.231619 0.026334 0.037181
1 0.718598 0.412777 0.023153 0.047567
1 0.732844 0.392945 0.024934 0.039614
1 0.727969 0.892156 0.030047 0.052517
1 0.715874 0.945755 0.033624 0.053188
1 0.773360 0.939853 0.029387 0.058649
1 0.877908 0.819757 0.032950 0.049144
2 0.312542 0.434169 0.028497 0.045973
2 0.765792 0.641833 0.032055 0.052307
3 0.281381 0.564929 0.032064 0.047592
3 0.725721 0.639455 0.030273 0.057064
4 0.723888 0.522148 0.139020 0.304362
5 0.271517 0.501539 0.150490 0.320210
1 0.239819 0.680260 0.032926 0.061812
1 0.765582 0.836745 0.032041 0.058591
1 0.216447 0.699685 0.032950 0.053935
1 0.229284 0.953318 0.032950 0.047576
1 0.127467 0.744639 0.036508 0.049144
