0 0.609006 0.741342 0.080113 0.156879
0 0.244899 0.706791 0.096103 0.141166
0 0.255115 0.813012 0.083737 0.171007
0 0.561449 0.578402 0.072163 0.137911
1 0.091263 0.821892 0.040961 0.050730
1 0.243975 0.168591 0.030278 0.039631
1 0.246923 0.199434 0.029387 0.034874
1 0.186852 0.495348 0.033836 0.058649
1 0.318332 0.396124 0.025825 0.045973
1 0.287620 0.241565 0.024910 0.044388
1 0.291774 0.389652 0.023313 0.041317
1 0.312088 0.518964 0.027625 0.041183
1 0.528749 0.687009 0.030278 0.053901
1 0.694639 0.906632 0.028497 0.057072
1 0.752366 0.196728 0.027606 0.047651
1 0.779149 0.229161 0.024934 0.039664
1 0.718923 0.412466 0.023153 0.047567
1 0.732844 0.392945 0.024934 0.039614
1 0.729003 0.889639 0.030551 0.053859
1 0.716708 0.945755 0.033624 0.053188
1 0.773360 0.939853 0.029387 0.058649
1 0.879776 0.820092 0.032945 0.049144
2 0.312542 0.434169 0.028497 0.045973
2 0.765792 0.641833 0.032055 0.052307
3 0.281381 0.564929 0.032064 0.047592
3 0.725721 0.639455 0.030273 0.057064
4 0.723843 0.522148 0.139109 0.304362
5 0.271574 0.501539 0.150490 0.320210
1 0.220389 0.714761 0.032926 0.061820
1 0.772924 0.823674 0.032041 0.058591
1 0.207316 0.726636 0.032945 0.053926
1 0.229284 0.953318 0.032950 0.047576
1 0.126906 0.745193 0.036508 0.049144
