0 0.290035 0.703255 0.081051 0.137836
0 0.260792 0.870713 0.096136 0.155369
0 0.422514 0.900801 0.089496 0.131988
0 0.704350 0.347987 0.074797 0.099866
1 0.083511 0.827571 0.040961 0.050730
1 0.243975 0.157752 0.030278 0.039631
1 0.244755 0.194602 0.029387 0.034874
1 0.188200 0.481485 0.033836 0.058658
1 0.318332 0.396124 0.025825 0.045973
1 0.287620 0.241565 0.024910 0.044388
1 0.285431 0.390784 0.023134 0.042794
1 0.268131 0.490499 0.027620 0.041183
1 0.513827 0.501330 0.030273 0.053901
1 0.516598 0.639144 0.028492 0.057064
1 0.760193 0.206879 0.027606 0.036460
1 0.763789 0.232647 0.024929 0.033297
1 0.682837 0.395357 0.028492 0.042223
1 0.728949 0.384627 0.024929 0.039622
1 0.727241 0.900927 0.032945 0.060243
1 0.715167 0.949400 0.032059 0.057072
1 0.773360 0.939853 0.029387 0.058649
1 0.873459 0.825734 0.032950 0.049136
2 0.311612 0.428259 0.028492 0.045965
2 0.765792 0.641833 0.032055 0.052307
3 0.280931 0.556015 0.034727 0.055487
3 0.725721 0.639455 0.030273 0.057064
4 0.723525 0.522148 0.139746 0.304362
5 0.271989 0.501539 0.150490 0.320210
1 0.276385 0.900138 0.033629 0.061820
1 0.316550 0.900419 0.030273 0.052315
1 0.292597 0.947756 0.032950 0.045143
1 0.229284 0.953318 0.032950 0.047576
1 0.122804 0.749253 0.036513 0.049144
