0 0.711487 0.802731 0.086442 0.148951
0 0.245259 0.674052 0.092479 0.117517
0 0.278172 0.787374 0.087304 0.129782
0 0.635598 0.565512 0.086334 0.134329
1 0.094168 0.819761 0.040966 0.050730
1 0.243975 0.172651 0.030278 0.039631
1 0.245770 0.204056 0.029383 0.034874
1 0.185361 0.497009 0.033841 0.058649
1 0.318332 0.396124 0.025825 0.045973
1 0.287620 0.241565 0.024910 0.044388
1 0.291774 0.389652 0.023313 0.041317
1 0.312088 0.518964 0.027625 0.041183
1 0.542976 0.692047 0.030278 0.055520
1 0.681049 0.919421 0.028497 0.057064
1 0.753431 0.201527 0.027606 0.042768
1 0.718598 0.412777 0.023153 0.047567
1 0.732844 0.392945 0.024934 0.039614
1 0.716025 0.905231 0.029383 0.050747
1 0.710328 0.953683 0.033624 0.053188
1 0.773360 0.939853 0.029387 0.058649
1 0.876232 0.819375 0.032945 0.049136
2 0.312542 0.434169 0.028497 0.045973
2 0.765792 0.641833 0.032055 0.052307
3 0.281381 0.564929 0.032064 0.047592
3 0.725721 0.639455 0.030273 0.057064
4 0.722448 0.522148 0.138921 0.304362
5 0.271418 0.501539 0.150490 0.320210
1 0.225860 0.670013 0.032370 0.061317
1 0.638362 0.831032 0.032041 0.058591
1 0.202648 0.704815 0.024929 0.053926
1 0.229284 0.953318 0.032950 0.047576
1 0.128445 0.743674 0.036513 0.049144
