0 0.702090 0.708419 0.093577 0.134723
0 0.271254 0.684375 0.092564 0.114253
0 0.269234 0.856070 0.100646 0.167810
0 0.654562 0.550466 0.078407 0.144270
1 0.093035 0.820591 0.040961 0.050730
1 0.243975 0.171065 0.030278 0.039631
1 0.246221 0.202253 0.029387 0.034874
1 0.185943 0.496359 0.033836 0.058658
1 0.318332 0.396124 0.025825 0.045973
1 0.287620 0.241565 0.024910 0.044388
1 0.291774 0.389652 0.023313 0.041317
1 0.312088 0.518964 0.027625 0.041183
1 0.541393 0.713184 0.030278 0.055512
1 0.691998 0.909455 0.028492 0.057064
1 0.751989 0.201162 0.027606 0.042760
1 0.766694 0.228553 0.023172 0.031049
1 0.718598 0.412777 0.023153 0.047567
1 0.732844 0.392945 0.024934 0.039614
1 0.725212 0.897517 0.029708 0.051611
1 0.715313 0.945755 0.033624 0.053188
1 0.773360 0.939853 0.029387 0.058649
1 0.876649 0.819530 0.032950 0.049144
2 0.312542 0.434169 0.028497 0.045973
2 0.765792 0.641833 0.032055 0.052307
3 0.281381 0.564929 0.032064 0.047592
3 0.725721 0.639455 0.030273 0.057064
4 0.723916 0.522148 0.138963 0.304362
5 0.271480 0.501539 0.150490 0.320210
1 0.241883 0.687131 0.032926 0.061812
1 0.756821 0.847974 0.032041 0.058599
1 0.227830 0.736909 0.032945 0.053935
1 0.229284 0.953318 0.032950 0.047576
1 0.127844 0.744270 0.036508 0.049144
