1 0.871352 0.146160 0.027609 0.058569
0 0.441688 0.372431 0.094625 0.115417
0 0.502660 0.916215 0.127367 0.167569
0 0.753160 0.181528 0.077508 0.126750
0 0.816586 0.632944 0.089016 0.209000
1 0.351516 0.431910 0.034719 0.060181
1 0.597395 0.538382 0.032070 0.066486
1 0.489637 0.213444 0.032945 0.060167
1 0.543660 0.150118 0.029383 0.050653
1 0.736445 0.127924 0.023156 0.041097
1 0.814809 0.049597 0.023148 0.045917
1 0.936355 0.799174 0.034727 0.066486
1 0.282750 0.183368 0.027609 0.047486
1 0.584621 0.596549 0.032945 0.066486
1 0.510266 0.367951 0.035625 0.066486
2 0.896730 0.622667 0.032055 0.068083
3 0.255594 0.313965 0.028500 0.049069
3 0.790969 0.314681 0.028516 0.045861
4 0.835734 0.435069 0.175422 0.351444
5 0.257375 0.449319 0.174531 0.357778
1 0.642059 0.978160 0.037398 0.043681
1 0.685254 0.975556 0.042758 0.037806
1 0.758262 0.966076 0.046305 0.050431
2 0.584191 0.863340 0.033852 0.068042
