0 0.610488 0.745961 0.077743 0.159253
0 0.246680 0.705998 0.096103 0.141158
0 0.262684 0.824505 0.083737 0.171007
0 0.555438 0.572454 0.072158 0.137911
1 0.091206 0.821934 0.040961 0.050730
1 0.243975 0.168507 0.030278 0.039631
1 0.246946 0.199341 0.029387 0.034874
1 0.186883 0.495315 0.033841 0.058649
1 0.318332 0.396124 0.025825 0.045973
1 0.287620 0.241565 0.024910 0.044388
1 0.291774 0.389652 0.023313 0.041317
1 0.312088 0.518964 0.027625 0.041183
1 0.527592 0.678687 0.030273 0.053901
1 0.694727 0.906539 0.028492 0.057072
1 0.755490 0.194614 0.027606 0.048188
1 0.779149 0.228372 0.024934 0.039664
1 0.719046 0.412349 0.023153 0.047567
1 0.732844 0.392945 0.024934 0.039614
1 0.728989 0.889627 0.030580 0.053935
1 0.716755 0.945755 0.033624 0.053188
1 0.773360 0.939853 0.029387 0.058649
1 0.879877 0.820109 0.032950 0.049144
2 0.312542 0.434169 0.028497 0.045973
2 0.765792 0.641833 0.032055 0.052307
3 0.281381 0.564929 0.032064 0.047592
3 0.725721 0.639455 0.030273 0.057064
4 0.723841 0.522148 0.139114 0.304362
5 0.271579 0.501539 0.150490 0.320210
1 0.222486 0.715780 0.032926 0.061812
1 0.772924 0.823217 0.032041 0.058599
1 0.207189 0.728674 0.032945 0.053926
1 0.229284 0.953318 0.032950 0.047576
1 0.126878 0.745227 0.036508 0.049144
