0 0.247297 0.734023 0.097516 0.140512
0 0.252184 0.854140 0.074416 0.144035
0 0.340146 0.915512 0.085485 0.106208
0 0.704350 0.347282 0.074797 0.099866
1 0.083011 0.827940 0.040961 0.050730
1 0.243975 0.157047 0.030278 0.039631
1 0.243895 0.194182 0.029383 0.034874
1 0.186096 0.472743 0.033841 0.058658
1 0.318332 0.396124 0.025825 0.045973
1 0.286946 0.243150 0.026258 0.047559
1 0.266909 0.423863 0.026258 0.049136
1 0.249090 0.521346 0.031621 0.049119
1 0.513801 0.501477 0.030278 0.053893
1 0.515250 0.639362 0.028492 0.057064
1 0.760061 0.206191 0.027606 0.036460
1 0.763320 0.232785 0.024934 0.033289
1 0.682936 0.391997 0.028492 0.041510
1 0.728558 0.383788 0.024929 0.039622
1 0.727111 0.903217 0.032950 0.060243
1 0.713824 0.949933 0.032059 0.057064
1 0.773360 0.939853 0.029387 0.058649
1 0.874453 0.827949 0.032950 0.049136
2 0.310316 0.430206 0.028492 0.045965
2 0.765792 0.641833 0.032055 0.052307
3 0.282712 0.572081 0.034727 0.055487
3 0.725721 0.639455 0.030273 0.057064
4 0.723504 0.522148 0.139788 0.304362
5 0.272015 0.501539 0.150485 0.320210
1 0.257142 0.914039 0.034727 0.061820
1 0.302957 0.918221 0.030278 0.052315
1 0.277467 0.949274 0.032945 0.041216
1 0.224336 0.952223 0.029237 0.051963
1 0.122538 0.749513 0.036508 0.049144
