1 0.872840 0.145507 0.027602 0.058569
0 0.381539 0.434222 0.092625 0.121944
0 0.298117 0.847118 0.144297 0.223125
0 0.715520 0.344174 0.090070 0.159597
0 0.618879 0.663778 0.119383 0.178833
1 0.353984 0.425576 0.034719 0.060181
1 0.677320 0.529424 0.033844 0.066486
1 0.528668 0.292340 0.032945 0.060153
1 0.543660 0.150118 0.029383 0.050653
1 0.736445 0.127938 0.023156 0.041125
1 0.815453 0.047306 0.023156 0.045917
1 0.936355 0.799174 0.034727 0.066486
1 0.282750 0.183368 0.027609 0.047486
1 0.584621 0.596549 0.032945 0.066486
1 0.477949 0.380799 0.035617 0.066486
2 0.896730 0.622667 0.032055 0.068083
3 0.255594 0.313965 0.028500 0.049069
3 0.788383 0.311396 0.028516 0.045875
4 0.835734 0.435069 0.175422 0.351444
5 0.257375 0.449319 0.174531 0.357778
1 0.337961 0.858535 0.037406 0.064903
1 0.476871 0.935306 0.040070 0.066500
1 0.571652 0.931257 0.046305 0.071236
2 0.417664 0.903681 0.040953 0.079194
