0 0.614432 0.895247 0.089119 0.152156
0 0.264121 0.685638 0.091711 0.146091
0 0.328709 0.858205 0.098407 0.165386
0 0.663202 0.814035 0.098902 0.171074
1 0.096362 0.818154 0.040961 0.050721
1 0.243975 0.175721 0.030278 0.039631
1 0.244899 0.207546 0.029383 0.034874
1 0.184234 0.498259 0.033841 0.058649
1 0.318332 0.396124 0.025825 0.045973
1 0.287620 0.241565 0.024910 0.044388
1 0.291774 0.389652 0.023313 0.041317
1 0.312088 0.518964 0.027625 0.041183
1 0.537926 0.714333 0.030273 0.055512
1 0.391369 0.944635 0.033850 0.057072
1 0.756218 0.202236 0.027601 0.042760
1 0.718598 0.412777 0.023153 0.047567
1 0.732844 0.392945 0.024934 0.039614
1 0.721152 0.919451 0.029383 0.050747
1 0.710328 0.953683 0.033624 0.053188
1 0.773360 0.939853 0.029387 0.058649
1 0.877839 0.819375 0.032945 0.049136
2 0.312542 0.434169 0.028497 0.045973
2 0.765792 0.641833 0.032055 0.052307
3 0.281381 0.564929 0.032064 0.047592
3 0.725721 0.639455 0.030273 0.057064
4 0.723047 0.522148 0.138921 0.304362
5 0.271305 0.501539 0.150490 0.320210
1 0.216925 0.667848 0.029750 0.058968
1 0.501861 0.950336 0.033836 0.058591
1 0.213648 0.716292 0.024929 0.053926
1 0.229284 0.953318 0.032950 0.047576
1 0.129607 0.742525 0.036508 0.049144
