0 0.370846 0.706820 0.081051 0.137836
0 0.233299 0.829698 0.096136 0.155369
0 0.518235 0.895470 0.090844 0.131544
0 0.704350 0.348775 0.074797 0.099866
1 0.084072 0.827164 0.040961 0.050721
1 0.243975 0.158532 0.030278 0.039631
1 0.245714 0.195067 0.029383 0.034883
1 0.190547 0.491237 0.033836 0.058649
1 0.318332 0.396124 0.025825 0.045973
1 0.287620 0.241565 0.024910 0.044388
1 0.291697 0.388293 0.023139 0.042794
1 0.294279 0.479333 0.027625 0.041183
1 0.513857 0.501162 0.030278 0.053901
1 0.518098 0.638901 0.028497 0.057064
1 0.760344 0.207651 0.027606 0.036460
1 0.764314 0.232492 0.024934 0.033289
1 0.682726 0.399107 0.028497 0.043012
1 0.729385 0.385558 0.024934 0.039622
1 0.727382 0.898372 0.032945 0.060235
1 0.716668 0.948809 0.032055 0.057064
1 0.773360 0.939853 0.029387 0.058649
1 0.872347 0.823263 0.032950 0.049144
2 0.312542 0.434169 0.028497 0.045973
2 0.765792 0.641833 0.032055 0.052307
3 0.282271 0.569685 0.032064 0.047592
3 0.725721 0.639455 0.030273 0.057064
4 0.723549 0.522148 0.139698 0.304362
5 0.271958 0.501539 0.150485 0.320210
1 0.261350 0.869320 0.032926 0.061812
1 0.313433 0.894685 0.030278 0.066552
1 0.295179 0.941426 0.032950 0.055503
1 0.229284 0.953318 0.032950 0.047576
1 0.123098 0.748960 0.036508 0.049144
