0 0.605049 0.729010 0.086442 0.150537
0 0.246927 0.686422 0.094081 0.125780
0 0.248214 0.792395 0.080622 0.163062
0 0.575697 0.591086 0.072158 0.137911
1 0.091418 0.821779 0.040961 0.050721
1 0.243975 0.168809 0.030278 0.039631
1 0.246861 0.199677 0.029387 0.034874
1 0.186774 0.495436 0.033841 0.058658
1 0.318332 0.396124 0.025825 0.045973
1 0.287620 0.241565 0.024910 0.044388
1 0.291774 0.389652 0.023313 0.041317
1 0.312088 0.518964 0.027625 0.041183
1 0.531598 0.699694 0.030273 0.053901
1 0.694411 0.906875 0.028492 0.057072
1 0.747314 0.198729 0.027606 0.046200
1 0.779149 0.231275 0.024934 0.039664
1 0.718598 0.412777 0.023153 0.047567
1 0.732844 0.392945 0.024934 0.039614
1 0.729034 0.889677 0.030481 0.053666
1 0.716586 0.945755 0.033624 0.053188
1 0.773360 0.939853 0.029387 0.058649
1 0.879505 0.820042 0.032950 0.049144
2 0.312542 0.434169 0.028497 0.045973
2 0.765792 0.641833 0.032055 0.052307
3 0.281381 0.564929 0.032064 0.047592
3 0.725721 0.639455 0.030273 0.057064
4 0.723850 0.522148 0.139095 0.304362
5 0.271567 0.501539 0.150485 0.320210
1 0.223951 0.692114 0.032926 0.061812
1 0.772924 0.824891 0.032041 0.058591
1 0.207656 0.721200 0.032945 0.053926
1 0.229284 0.953318 0.032950 0.047576
1 0.126989 0.745117 0.036513 0.049144
