0 0.647773 0.703662 0.093577 0.134723
0 0.269109 0.682559 0.092564 0.114262
0 0.278683 0.882638 0.100646 0.167810
0 0.651037 0.560583 0.078407 0.144270
1 0.092648 0.820877 0.040961 0.050730
1 0.243975 0.170529 0.030278 0.039631
1 0.246374 0.201640 0.029383 0.034874
1 0.186140 0.496137 0.033836 0.058649
1 0.318332 0.396124 0.025825 0.045973
1 0.287620 0.241565 0.024910 0.044388
1 0.291774 0.389652 0.023313 0.041317
1 0.312088 0.518964 0.027625 0.041183
1 0.540207 0.738796 0.030273 0.053901
1 0.692571 0.908838 0.028497 0.057072
1 0.749251 0.199207 0.027606 0.042760
1 0.767549 0.230210 0.024882 0.034362
1 0.718598 0.412777 0.023153 0.047567
1 0.732844 0.392945 0.024934 0.039614
1 0.726704 0.894614 0.029892 0.052097
1 0.715615 0.945755 0.033624 0.053188
1 0.773360 0.939853 0.029387 0.058649
1 0.877330 0.819656 0.032945 0.049144
2 0.312542 0.434169 0.028497 0.045973
2 0.765792 0.641833 0.032055 0.052307
3 0.281381 0.564929 0.032064 0.047592
3 0.725721 0.639455 0.030273 0.057064
4 0.723902 0.522148 0.138992 0.304362
5 0.271501 0.501539 0.150485 0.320210
1 0.246770 0.691477 0.032926 0.061812
1 0.761557 0.841904 0.032041 0.058591
1 0.228148 0.734274 0.032950 0.053935
1 0.229284 0.953318 0.032950 0.047576
1 0.127641 0.744471 0.036508 0.049144
