0 0.473037 0.672324 0.079298 0.141007
0 0.416049 0.904815 0.091682 0.145940
0 0.509027 0.907253 0.087253 0.131485
0 0.695186 0.321619 0.075330 0.107332
1 0.087667 0.824526 0.040961 0.050730
1 0.243975 0.163557 0.030278 0.039631
1 0.251904 0.198075 0.029387 0.034874
1 0.188699 0.493293 0.033836 0.058649
1 0.318332 0.396124 0.025825 0.045973
1 0.287620 0.241565 0.024910 0.044388
1 0.293584 0.389656 0.023313 0.041326
1 0.312088 0.518964 0.027625 0.041183
1 0.514046 0.500092 0.030278 0.053893
1 0.517403 0.665004 0.028492 0.057072
1 0.760773 0.211728 0.027606 0.036460
1 0.767689 0.231493 0.024934 0.033289
1 0.706588 0.452106 0.026795 0.047567
1 0.732198 0.391565 0.024934 0.039622
1 0.728245 0.888695 0.032276 0.058448
1 0.719545 0.945755 0.033624 0.053188
1 0.773360 0.939853 0.029387 0.058649
1 0.881840 0.820961 0.032945 0.049136
2 0.312542 0.434169 0.028497 0.045973
2 0.765792 0.641833 0.032055 0.052307
3 0.279477 0.566061 0.032064 0.047592
3 0.725721 0.639455 0.030273 0.057064
4 0.723695 0.522148 0.139406 0.304362
5 0.271767 0.501539 0.150490 0.320210
1 0.454267 0.879245 0.032926 0.061812
1 0.648011 0.693456 0.032950 0.066560
1 0.453735 0.936443 0.032945 0.053926
1 0.229284 0.953318 0.032950 0.047576
1 0.125002 0.747081 0.036508 0.049144
