0 0.465615 0.689010 0.079298 0.141007
0 0.585160 0.898196 0.091687 0.145940
0 0.673937 0.911036 0.087253 0.131485
0 0.704350 0.351581 0.074797 0.099874
1 0.086051 0.825713 0.040961 0.050721
1 0.243975 0.161300 0.030278 0.039631
1 0.249123 0.196724 0.029387 0.034874
1 0.189529 0.492370 0.033836 0.058649
1 0.318332 0.396124 0.025825 0.045973
1 0.287620 0.241565 0.024910 0.044388
1 0.294541 0.389656 0.023313 0.041326
1 0.312088 0.518964 0.027625 0.041183
1 0.513961 0.500575 0.030278 0.053901
1 0.523438 0.638037 0.028497 0.057064
1 0.760874 0.210394 0.027601 0.036460
1 0.766171 0.231938 0.024934 0.033289
1 0.682333 0.412424 0.028492 0.045822
1 0.730935 0.388863 0.024934 0.039622
1 0.727893 0.889304 0.032950 0.060235
1 0.720818 0.945755 0.033624 0.053188
1 0.773360 0.939853 0.029387 0.058649
1 0.876315 0.820961 0.032950 0.049136
2 0.312542 0.434169 0.028497 0.045973
2 0.765792 0.641833 0.032055 0.052307
3 0.280650 0.566514 0.032064 0.047592
3 0.725721 0.639455 0.030273 0.057064
4 0.723629 0.522148 0.139538 0.304362
5 0.271852 0.501539 0.150490 0.320210
1 0.608353 0.901862 0.032926 0.061812
1 0.631550 0.815424 0.032950 0.066552
1 0.625756 0.924434 0.032945 0.054622
1 0.229284 0.953318 0.032950 0.047576
1 0.124147 0.747924 0.036513 0.049136
