0 0.594512 0.675268 0.079298 0.141007
0 0.274722 0.860298 0.079218 0.176049
0 0.355884 0.909769 0.087253 0.131485
0 0.689369 0.313532 0.075702 0.096728
1 0.089109 0.823469 0.040961 0.050730
1 0.243975 0.165579 0.030278 0.039631
1 0.261706 0.197764 0.029387 0.034874
1 0.187959 0.494115 0.033836 0.058649
1 0.318332 0.396124 0.025825 0.045973
1 0.287620 0.241565 0.024910 0.044388
1 0.292731 0.389652 0.023313 0.041317
1 0.312088 0.518964 0.027625 0.041183
1 0.514734 0.498813 0.030278 0.053901
1 0.621131 0.675772 0.028492 0.057064
1 0.759251 0.210529 0.027606 0.036460
1 0.769102 0.234002 0.024934 0.038171
1 0.721197 0.408138 0.023148 0.047567
1 0.732844 0.392945 0.024934 0.039614
1 0.728549 0.889077 0.031583 0.056611
1 0.718405 0.945755 0.033624 0.053188
1 0.773360 0.939853 0.029387 0.058649
1 0.883584 0.820768 0.032945 0.049136
2 0.312542 0.434169 0.028497 0.045973
2 0.765792 0.641833 0.032055 0.052307
3 0.280375 0.565529 0.032069 0.047601
3 0.725721 0.639455 0.030273 0.057064
4 0.723756 0.522148 0.139284 0.304362
5 0.271689 0.501539 0.150485 0.320210
1 0.294446 0.900755 0.032926 0.061812
1 0.644281 0.652227 0.028497 0.064958
1 0.301857 0.953322 0.032950 0.053926
1 0.229284 0.953318 0.032950 0.047576
1 0.125766 0.746326 0.036508 0.049144
