0 0.400372 0.677248 0.094420 0.156896
0 0.270419 0.864555 0.099095 0.157517
0 0.547618 0.889543 0.090844 0.155294
0 0.704350 0.349102 0.074797 0.099866
1 0.084303 0.826992 0.040961 0.050730
1 0.243975 0.158851 0.030278 0.039631
1 0.246112 0.195260 0.029387 0.034883
1 0.190429 0.491367 0.033836 0.058658
1 0.318332 0.396124 0.025825 0.045973
1 0.287620 0.241565 0.024910 0.044388
1 0.289972 0.385843 0.023139 0.042794
1 0.302293 0.479333 0.027620 0.041183
1 0.513869 0.501095 0.030273 0.053901
1 0.518721 0.638800 0.028497 0.057064
1 0.760405 0.207970 0.027606 0.036460
1 0.764529 0.232424 0.024929 0.033289
1 0.682679 0.400659 0.028497 0.043347
1 0.729566 0.385944 0.024929 0.039622
1 0.727443 0.897315 0.032945 0.060235
1 0.717288 0.948561 0.032059 0.057072
1 0.773360 0.939853 0.029387 0.058649
1 0.871887 0.822240 0.032945 0.049144
2 0.312542 0.434169 0.028497 0.045973
2 0.765792 0.641833 0.032055 0.052307
3 0.276261 0.569685 0.032069 0.047592
3 0.725721 0.639455 0.030273 0.057064
4 0.723558 0.522148 0.139680 0.304362
5 0.271946 0.501539 0.150490 0.320210
1 0.285393 0.893360 0.032926 0.061820
1 0.319187 0.899077 0.030278 0.066560
1 0.300111 0.942890 0.032945 0.055512
1 0.229284 0.953318 0.032950 0.047576
1 0.123221 0.748842 0.036508 0.049144
