0 0.636197 0.714761 0.093572 0.134723
0 0.258888 0.677781 0.092564 0.114253
0 0.253336 0.793960 0.077512 0.166191
0 0.640700 0.588691 0.086404 0.130017
1 0.092224 0.821187 0.040961 0.050730
1 0.243975 0.169933 0.030278 0.039631
1 0.246541 0.200969 0.029387 0.034874
1 0.186357 0.495898 0.033836 0.058658
1 0.318332 0.396124 0.025825 0.045973
1 0.287620 0.241565 0.024910 0.044388
1 0.291774 0.389652 0.023313 0.041317
1 0.312088 0.518964 0.027625 0.041183
1 0.549823 0.765390 0.030278 0.053901
1 0.693205 0.908163 0.028492 0.057064
1 0.746237 0.197060 0.027601 0.042760
1 0.768487 0.232030 0.026758 0.038003
1 0.718598 0.412777 0.023153 0.047567
1 0.732844 0.392945 0.024934 0.039614
1 0.728341 0.891430 0.030094 0.052643
1 0.715950 0.945755 0.033624 0.053188
1 0.773360 0.939853 0.029387 0.058649
1 0.878077 0.819786 0.032950 0.049136
2 0.312542 0.434169 0.028497 0.045973
2 0.765792 0.641833 0.032055 0.052307
3 0.281381 0.564929 0.032064 0.047592
3 0.725721 0.639455 0.030273 0.057064
4 0.723883 0.522148 0.139029 0.304362
5 0.271522 0.501539 0.150490 0.320210
1 0.236416 0.675134 0.032926 0.061812
1 0.766765 0.835227 0.032041 0.058591
1 0.215525 0.699685 0.032945 0.053935
1 0.229284 0.953318 0.032950 0.047576
1 0.127415 0.744690 0.036508 0.049144
