0 0.239522 0.732173 0.074802 0.147399
0 0.261341 0.845533 0.073907 0.139505
0 0.337474 0.914488 0.085485 0.106208
0 0.704350 0.346980 0.074797 0.099866
1 0.082799 0.828096 0.040961 0.050721
1 0.243975 0.156753 0.030278 0.039631
1 0.243530 0.194006 0.029387 0.034874
1 0.185205 0.469044 0.033841 0.058658
1 0.318332 0.396124 0.025825 0.045973
1 0.286272 0.244736 0.027606 0.050730
1 0.256887 0.454773 0.029383 0.055487
1 0.242196 0.531657 0.035617 0.057072
1 0.513789 0.501539 0.030273 0.053901
1 0.514680 0.639455 0.028492 0.057064
1 0.760005 0.205898 0.027606 0.036460
1 0.763122 0.232844 0.024934 0.033289
1 0.682978 0.390575 0.028492 0.041216
1 0.728393 0.383435 0.024929 0.039622
1 0.727057 0.904186 0.032945 0.060235
1 0.713254 0.950155 0.032059 0.057072
1 0.773360 0.939853 0.029387 0.058649
1 0.874875 0.828888 0.032945 0.049136
2 0.307198 0.427827 0.028497 0.045973
2 0.765792 0.641833 0.032055 0.052307
3 0.284493 0.578423 0.034727 0.055487
3 0.725721 0.639455 0.030273 0.057064
4 0.723494 0.522148 0.139807 0.304362
5 0.272026 0.501539 0.150490 0.320210
1 0.251546 0.897051 0.034731 0.061820
1 0.306308 0.922416 0.030278 0.052315
1 0.285384 0.948570 0.032945 0.041216
1 0.222158 0.951741 0.027606 0.053901
1 0.122427 0.749627 0.036513 0.049136
