0 0.679830 0.703662 0.093572 0.134723
0 0.273098 0.685222 0.092568 0.114253
0 0.279762 0.877513 0.100646 0.167810
0 0.651772 0.557974 0.078407 0.144270
1 0.092917 0.820675 0.040961 0.050730
1 0.243975 0.170906 0.030278 0.039631
1 0.246268 0.202068 0.029387 0.034874
1 0.186004 0.496292 0.033836 0.058658
1 0.318332 0.396124 0.025825 0.045973
1 0.287620 0.241565 0.024910 0.044388
1 0.291774 0.389652 0.023313 0.041317
1 0.312088 0.518964 0.027625 0.041183
1 0.539790 0.722206 0.030278 0.054547
1 0.692170 0.909270 0.028497 0.057064
1 0.751169 0.200575 0.027606 0.042760
1 0.766951 0.229052 0.023685 0.032047
1 0.718598 0.412777 0.023153 0.047567
1 0.732844 0.392945 0.024934 0.039614
1 0.725660 0.896648 0.029764 0.051753
1 0.715403 0.945755 0.033624 0.053188
1 0.773360 0.939853 0.029387 0.058649
1 0.876854 0.819572 0.032945 0.049144
2 0.312542 0.434169 0.028497 0.045973
2 0.765792 0.641833 0.032055 0.052307
3 0.281381 0.564929 0.032064 0.047592
3 0.725721 0.639455 0.030273 0.057064
4 0.723911 0.522148 0.138973 0.304362
5 0.271487 0.501539 0.150485 0.320210
1 0.243348 0.688431 0.032926 0.061812
1 0.758240 0.846154 0.032041 0.058599
1 0.229215 0.737261 0.032945 0.053935
1 0.229284 0.953318 0.032950 0.047576
1 0.127783 0.744329 0.036508 0.049144
