1 0.210622 0.717160 0.027606 0.049153
0 0.567990 0.899295 0.096018 0.149899
0 0.258725 0.753893 0.095405 0.183507
0 0.297241 0.873956 0.083690 0.161535
0 0.648106 0.844904 0.098907 0.171065
1 0.097938 0.816997 0.040966 0.050721
1 0.243975 0.179966 0.030278 0.039631
1 0.243690 0.212387 0.029387 0.034874
1 0.185012 0.494635 0.033841 0.058649
1 0.318332 0.396124 0.025825 0.045973
1 0.287620 0.241565 0.024910 0.044388
1 0.291774 0.389652 0.023313 0.041317
1 0.312088 0.518964 0.027625 0.041183
1 0.538230 0.717727 0.030278 0.055520
1 0.265822 0.943129 0.033850 0.057064
1 0.755434 0.199018 0.027606 0.042768
1 0.718598 0.412777 0.023153 0.047567
1 0.732844 0.392945 0.024934 0.039614
1 0.724105 0.912735 0.029387 0.050755
1 0.710328 0.953683 0.033624 0.053188
1 0.773360 0.939853 0.029387 0.058649
1 0.880066 0.819375 0.032950 0.049136
2 0.312542 0.434169 0.028497 0.045973
2 0.765792 0.641833 0.032055 0.052307
3 0.281381 0.564929 0.032064 0.047592
3 0.725721 0.639455 0.030273 0.057064
4 0.723047 0.522148 0.138921 0.304362
5 0.271140 0.501539 0.150490 0.320210
1 0.240954 0.644874 0.024943 0.045990
1 0.500401 0.944375 0.033836 0.058599
1 0.229284 0.953318 0.032950 0.047576
1 0.130441 0.741703 0.036508 0.049144
