0 0.611477 0.749044 0.076159 0.160839
0 0.247868 0.705470 0.096103 0.141158
0 0.268025 0.830059 0.083732 0.171007
0 0.550540 0.566909 0.072163 0.137911
1 0.091169 0.821959 0.040961 0.050730
1 0.243975 0.168456 0.030278 0.039631
1 0.246963 0.199283 0.029383 0.034874
1 0.186902 0.495294 0.033841 0.058658
1 0.318332 0.396124 0.025825 0.045973
1 0.287620 0.241565 0.024910 0.044388
1 0.291774 0.389652 0.023313 0.041317
1 0.312088 0.518964 0.027625 0.041183
1 0.526701 0.668385 0.030273 0.053901
1 0.694783 0.906477 0.028492 0.057064
1 0.757571 0.193201 0.027601 0.048549
1 0.779149 0.227844 0.024934 0.039664
1 0.719128 0.412273 0.023148 0.047567
1 0.732844 0.392945 0.024934 0.039614
1 0.728984 0.889614 0.030598 0.053993
1 0.716784 0.945755 0.033624 0.053188
1 0.773360 0.939853 0.029387 0.058649
1 0.879946 0.820117 0.032945 0.049144
2 0.312542 0.434169 0.028497 0.045973
2 0.765792 0.641833 0.032055 0.052307
3 0.281381 0.564929 0.032064 0.047592
3 0.725721 0.639455 0.030273 0.057064
4 0.723841 0.522148 0.139114 0.304362
5 0.271579 0.501539 0.150490 0.320210
1 0.223885 0.716460 0.032926 0.061812
1 0.772924 0.822911 0.032041 0.058591
1 0.207104 0.730034 0.032945 0.053926
1 0.229284 0.953318 0.032950 0.047576
1 0.126857 0.745243 0.036513 0.049144
