0 0.414922 0.662441 0.079298 0.141007
0 0.507139 0.905747 0.091687 0.145940
0 0.661162 0.897869 0.097064 0.152114
0 0.704350 0.350575 0.074797 0.099874
1 0.085339 0.826233 0.040961 0.050721
1 0.243975 0.160302 0.030278 0.039631
1 0.247898 0.196128 0.029387 0.034874
1 0.189896 0.491963 0.033836 0.058658
1 0.318332 0.396124 0.025825 0.045973
1 0.287620 0.241565 0.024910 0.044388
1 0.294960 0.389656 0.023313 0.041326
1 0.311958 0.517647 0.027620 0.041183
1 0.513923 0.500784 0.030278 0.053901
1 0.521520 0.638347 0.028497 0.057064
1 0.760683 0.209409 0.027606 0.036468
1 0.765502 0.232139 0.024934 0.033289
1 0.682474 0.407643 0.028492 0.044815
1 0.730379 0.387676 0.024934 0.039614
1 0.727710 0.892559 0.032950 0.060235
1 0.720080 0.947458 0.032055 0.057064
1 0.773360 0.939853 0.029387 0.058649
1 0.873881 0.820961 0.032945 0.049136
2 0.312542 0.434169 0.028497 0.045973
2 0.765792 0.641833 0.032055 0.052307
3 0.283855 0.566254 0.032064 0.047592
3 0.725721 0.639455 0.030273 0.057064
4 0.723600 0.522148 0.139595 0.304362
5 0.271890 0.501539 0.150490 0.320210
1 0.534724 0.912911 0.032926 0.061812
1 0.557865 0.886762 0.032950 0.066560
1 0.556086 0.947768 0.032945 0.055503
1 0.229284 0.953318 0.032950 0.047576
1 0.123772 0.748297 0.036508 0.049144
