0 0.710106 0.725063 0.093577 0.134723
0 0.269552 0.683553 0.092564 0.114253
0 0.261289 0.840457 0.100646 0.167810
0 0.656753 0.544614 0.078407 0.144279
1 0.093110 0.820537 0.040961 0.050721
1 0.243975 0.171174 0.030278 0.039631
1 0.246190 0.202374 0.029383 0.034883
1 0.185905 0.496401 0.033836 0.058658
1 0.318332 0.396124 0.025825 0.045973
1 0.287620 0.241565 0.024910 0.044388
1 0.291774 0.389652 0.023313 0.041317
1 0.312088 0.518964 0.027625 0.041183
1 0.540504 0.704463 0.030273 0.055520
1 0.691883 0.909576 0.028497 0.057072
1 0.752088 0.201187 0.027606 0.042760
1 0.766525 0.228221 0.022832 0.030386
1 0.718598 0.412777 0.023153 0.047567
1 0.732844 0.392945 0.024934 0.039614
1 0.724915 0.898096 0.029670 0.051510
1 0.715252 0.945755 0.033624 0.053188
1 0.773360 0.939853 0.029387 0.058649
1 0.876513 0.819509 0.032950 0.049136
2 0.312542 0.434169 0.028497 0.045973
2 0.765792 0.641833 0.032055 0.052307
3 0.281381 0.564929 0.032064 0.047592
3 0.725721 0.639455 0.030273 0.057064
4 0.723921 0.522148 0.138954 0.304362
5 0.271475 0.501539 0.150490 0.320210
1 0.240902 0.686258 0.032926 0.061812
1 0.755874 0.849186 0.032041 0.058591
1 0.226909 0.736674 0.032950 0.053935
1 0.229284 0.953318 0.032950 0.047576
1 0.127886 0.744228 0.036508 0.049144
