1 0.874309 0.144854 0.027602 0.058569
0 0.493539 0.395674 0.080172 0.112431
0 0.404852 0.515340 0.098625 0.192208
0 0.670336 0.342868 0.069437 0.152014
0 0.698887 0.575410 0.081055 0.180514
1 0.531504 0.429035 0.034727 0.071236
1 0.573895 0.428563 0.033836 0.066486
1 0.527586 0.294257 0.032953 0.060153
1 0.543660 0.150118 0.029383 0.050653
1 0.736445 0.127944 0.023156 0.041139
1 0.816090 0.045042 0.023148 0.045917
1 0.936355 0.799174 0.034727 0.066486
1 0.282750 0.183368 0.027609 0.047486
1 0.584621 0.596549 0.032945 0.066486
1 0.668770 0.380458 0.035617 0.066500
2 0.898512 0.622667 0.032055 0.068083
3 0.255594 0.313965 0.028500 0.049069
3 0.785875 0.308215 0.028516 0.045875
4 0.835734 0.435069 0.175422 0.351444
5 0.257375 0.449319 0.174531 0.357778
1 0.426738 0.460243 0.037398 0.064903
1 0.220543 0.953521 0.040070 0.052236
1 0.569676 0.933104 0.046305 0.071236
2 0.398441 0.895535 0.048977 0.088653
