0 0.485346 0.670696 0.079298 0.141007
0 0.344262 0.904161 0.091682 0.145940
0 0.438848 0.906271 0.087253 0.131485
0 0.689880 0.304346 0.075707 0.109279
1 0.088054 0.824245 0.040961 0.050721
1 0.243975 0.164094 0.030278 0.039631
1 0.252564 0.198393 0.029387 0.034874
1 0.188501 0.493511 0.033836 0.058649
1 0.318332 0.396124 0.025825 0.045973
1 0.287620 0.241565 0.024910 0.044388
1 0.293358 0.389656 0.023313 0.041326
1 0.312088 0.518964 0.027625 0.041183
1 0.514067 0.499979 0.030273 0.053901
1 0.525888 0.669904 0.028497 0.057072
1 0.760368 0.211409 0.027606 0.036460
1 0.768049 0.231384 0.024929 0.033289
1 0.725057 0.435604 0.025099 0.047567
1 0.732500 0.392206 0.024934 0.039614
1 0.728325 0.888800 0.032088 0.057953
1 0.719239 0.945755 0.033624 0.053188
1 0.773360 0.939853 0.029387 0.058649
1 0.883157 0.820961 0.032950 0.049136
2 0.312542 0.434169 0.028497 0.045973
2 0.765792 0.641833 0.032055 0.052307
3 0.279715 0.565919 0.032069 0.047592
3 0.725721 0.639455 0.030273 0.057064
4 0.723711 0.522148 0.139373 0.304362
5 0.271746 0.501539 0.150485 0.320210
1 0.385134 0.884941 0.032926 0.061812
1 0.648129 0.673645 0.032950 0.066552
1 0.384463 0.939862 0.032950 0.053935
1 0.229284 0.953318 0.032950 0.047576
1 0.125205 0.746879 0.036508 0.049144
