0 0.569053 0.896951 0.089114 0.152156
0 0.255961 0.693666 0.092912 0.167282
0 0.350403 0.894467 0.100269 0.147810
0 0.646675 0.840747 0.098902 0.171074
1 0.097573 0.817265 0.040961 0.050721
1 0.243975 0.177416 0.030278 0.039631
1 0.244418 0.209476 0.029383 0.034874
1 0.183612 0.498951 0.033841 0.058658
1 0.318332 0.396124 0.025825 0.045973
1 0.287620 0.241565 0.024910 0.044388
1 0.291774 0.389652 0.023313 0.041317
1 0.312088 0.518964 0.027625 0.041183
1 0.538325 0.712496 0.030278 0.055512
1 0.289705 0.948935 0.033850 0.057064
1 0.757759 0.202626 0.027601 0.042768
1 0.718598 0.412777 0.023153 0.047567
1 0.732844 0.392945 0.024934 0.039614
1 0.722330 0.916774 0.029383 0.050747
1 0.710328 0.953683 0.033624 0.053188
1 0.773360 0.939853 0.029387 0.058649
1 0.878728 0.819375 0.032950 0.049136
2 0.312542 0.434169 0.028497 0.045973
2 0.765792 0.641833 0.032055 0.052307
3 0.281381 0.564929 0.032064 0.047592
3 0.725721 0.639455 0.030273 0.057064
4 0.723047 0.522148 0.138921 0.304362
5 0.271239 0.501539 0.150490 0.320210
1 0.227995 0.642047 0.024943 0.045990
1 0.500372 0.947630 0.033836 0.058599
1 0.229284 0.953318 0.032950 0.047576
1 0.130247 0.741892 0.036508 0.049136
