0 0.631751 0.676711 0.079298 0.141007
0 0.264927 0.813003 0.079222 0.176040
0 0.323235 0.906598 0.087253 0.131485
0 0.687884 0.310512 0.075702 0.096728
1 0.089303 0.823326 0.040961 0.050730
1 0.243975 0.165847 0.030278 0.039631
1 0.264326 0.197454 0.029387 0.034874
1 0.187861 0.494224 0.033836 0.058649
1 0.318332 0.396124 0.025825 0.045973
1 0.287620 0.241565 0.024910 0.044388
1 0.292618 0.389652 0.023313 0.041317
1 0.312088 0.518964 0.027625 0.041183
1 0.514870 0.498578 0.030278 0.053901
1 0.661607 0.674329 0.028492 0.057064
1 0.759048 0.210361 0.027606 0.036460
1 0.769300 0.234857 0.024934 0.039698
1 0.723075 0.408523 0.023153 0.047567
1 0.732844 0.392945 0.024934 0.039614
1 0.728589 0.889128 0.031494 0.056359
1 0.718254 0.945755 0.033624 0.053188
1 0.773360 0.939853 0.029387 0.058649
1 0.883242 0.820705 0.032950 0.049144
2 0.312542 0.434169 0.028497 0.045973
2 0.765792 0.641833 0.032055 0.052307
3 0.280495 0.565457 0.032064 0.047592
3 0.725721 0.639455 0.030273 0.057064
4 0.723763 0.522148 0.139270 0.304362
5 0.271678 0.501539 0.150490 0.320210
1 0.263131 0.859018 0.032926 0.061812
1 0.675851 0.645021 0.028497 0.064958
1 0.267573 0.937471 0.032950 0.053935
1 0.229284 0.953318 0.032950 0.047576
1 0.125869 0.746225 0.036508 0.049144
