0 0.462971 0.688171 0.079298 0.141007
0 0.586317 0.898213 0.091682 0.145940
0 0.675111 0.910084 0.087253 0.131477
0 0.704350 0.351497 0.074797 0.099874
1 0.085994 0.825755 0.040961 0.050721
1 0.243975 0.161216 0.030278 0.039631
1 0.249025 0.196674 0.029387 0.034874
1 0.189559 0.492336 0.033841 0.058649
1 0.318332 0.396124 0.025825 0.045973
1 0.287620 0.241565 0.024910 0.044388
1 0.294574 0.389656 0.023313 0.041326
1 0.312088 0.518964 0.027625 0.041183
1 0.513959 0.500591 0.030273 0.053901
1 0.523282 0.638062 0.028497 0.057064
1 0.760858 0.210310 0.027606 0.036460
1 0.766119 0.231955 0.024934 0.033289
1 0.682344 0.412039 0.028497 0.045738
1 0.730888 0.388771 0.024934 0.039622
1 0.727877 0.889564 0.032945 0.060235
1 0.720865 0.945755 0.033624 0.053188
1 0.773360 0.939853 0.029387 0.058649
1 0.876117 0.820961 0.032950 0.049136
2 0.312542 0.434169 0.028497 0.045973
2 0.765792 0.641833 0.032055 0.052307
3 0.280943 0.566514 0.032064 0.047592
3 0.725721 0.639455 0.030273 0.057064
4 0.723626 0.522148 0.139543 0.304362
5 0.271857 0.501539 0.150490 0.320210
1 0.608523 0.902307 0.032926 0.061812
1 0.631362 0.823352 0.032950 0.066552
1 0.628000 0.924341 0.032945 0.054807
1 0.229284 0.953318 0.032950 0.047576
1 0.124116 0.747953 0.036508 0.049144
