1 0.873961 0.145007 0.027609 0.058569
0 0.488465 0.427965 0.081070 0.112431
0 0.353980 0.639264 0.107758 0.205750
0 0.661719 0.338993 0.100609 0.158375
0 0.737172 0.728181 0.113453 0.223806
1 0.516945 0.427951 0.034734 0.071236
1 0.572937 0.429465 0.033844 0.066486
1 0.527840 0.293799 0.032945 0.060153
1 0.543660 0.150118 0.029383 0.050653
1 0.736445 0.127944 0.023156 0.041139
1 0.815938 0.045576 0.023156 0.045903
1 0.936355 0.799174 0.034727 0.066486
1 0.282750 0.183368 0.027609 0.047486
1 0.584621 0.596549 0.032945 0.066486
1 0.639980 0.355924 0.035617 0.066486
2 0.896730 0.622667 0.032055 0.068083
3 0.255594 0.313965 0.028500 0.049069
3 0.786469 0.308965 0.028516 0.045875
4 0.835734 0.435069 0.175422 0.351444
5 0.257375 0.449319 0.174531 0.357778
1 0.377590 0.581507 0.037398 0.064903
1 0.222496 0.953521 0.040070 0.052236
1 0.570145 0.932660 0.046305 0.071236
2 0.398145 0.895479 0.048977 0.088653
