1 0.216527 0.673893 0.033525 0.053658
0 0.567455 0.898377 0.089114 0.152156
0 0.258523 0.736724 0.095386 0.175747
0 0.325631 0.900789 0.088822 0.131141
0 0.646899 0.841346 0.098907 0.171065
1 0.097785 0.817110 0.040961 0.050730
1 0.243975 0.177710 0.030278 0.039631
1 0.244333 0.209811 0.029383 0.034874
1 0.183504 0.499073 0.033841 0.058649
1 0.318332 0.396124 0.025825 0.045973
1 0.287620 0.241565 0.024910 0.044388
1 0.291774 0.389652 0.023313 0.041317
1 0.312088 0.518964 0.027625 0.041183
1 0.538393 0.712173 0.030273 0.055520
1 0.267151 0.939899 0.033850 0.057064
1 0.758028 0.202697 0.027601 0.042760
1 0.718598 0.412777 0.023153 0.047567
1 0.732844 0.392945 0.024934 0.039614
1 0.722533 0.916305 0.029383 0.050747
1 0.710328 0.953683 0.033624 0.053188
1 0.773360 0.939853 0.029387 0.058649
1 0.878883 0.819375 0.032950 0.049136
2 0.312542 0.434169 0.028497 0.045973
2 0.765792 0.641833 0.032055 0.052307
3 0.281381 0.564929 0.032064 0.047592
3 0.725721 0.639455 0.030273 0.057064
4 0.723047 0.522148 0.138921 0.304362
5 0.271228 0.501539 0.150485 0.320210
1 0.230858 0.635793 0.024939 0.045982
1 0.500113 0.947156 0.033836 0.058591
1 0.229284 0.953318 0.032950 0.047576
1 0.130361 0.741783 0.036508 0.049136
