0 0.606534 0.733633 0.084067 0.152919
0 0.246166 0.694056 0.094840 0.131552
0 0.249215 0.798347 0.082182 0.167030
0 0.570356 0.586330 0.072163 0.137911
1 0.091362 0.821820 0.040961 0.050721
1 0.243975 0.168725 0.030278 0.039631
1 0.246885 0.199585 0.029387 0.034874
1 0.186803 0.495403 0.033841 0.058658
1 0.318332 0.396124 0.025825 0.045973
1 0.287620 0.241565 0.024910 0.044388
1 0.291774 0.389652 0.023313 0.041317
1 0.312088 0.518964 0.027625 0.041183
1 0.530530 0.694937 0.030278 0.053901
1 0.694498 0.906783 0.028497 0.057072
1 0.747978 0.199341 0.027606 0.046737
1 0.779149 0.230487 0.024934 0.039664
1 0.718721 0.412659 0.023153 0.047567
1 0.732844 0.392945 0.024934 0.039614
1 0.729025 0.889664 0.030509 0.053742
1 0.716633 0.945755 0.033624 0.053188
1 0.773360 0.939853 0.029387 0.058649
1 0.879607 0.820059 0.032945 0.049144
2 0.312542 0.434169 0.028497 0.045973
2 0.765792 0.641833 0.032055 0.052307
3 0.281381 0.564929 0.032064 0.047592
3 0.725721 0.639455 0.030273 0.057064
4 0.723848 0.522148 0.139100 0.304362
5 0.271569 0.501539 0.150490 0.320210
1 0.222613 0.700604 0.032926 0.061812
1 0.772924 0.824438 0.032041 0.058591
1 0.207528 0.723238 0.032945 0.053926
1 0.229284 0.953318 0.032950 0.047576
1 0.126958 0.745143 0.036508 0.049144
