1 0.872535 0.145639 0.027602 0.058583
0 0.434582 0.421528 0.108648 0.169444
0 0.317461 0.864069 0.138906 0.196250
0 0.715027 0.332375 0.088211 0.153611
0 0.771816 0.641194 0.114492 0.190667
1 0.352113 0.431910 0.034727 0.060181
1 0.698844 0.535757 0.032078 0.066486
1 0.528887 0.291944 0.032945 0.060167
1 0.543660 0.150118 0.029383 0.050653
1 0.736445 0.127931 0.023156 0.041111
1 0.815320 0.047771 0.023156 0.045903
1 0.936355 0.799174 0.034727 0.066486
1 0.282750 0.183368 0.027609 0.047486
1 0.584621 0.596549 0.032945 0.066486
1 0.497441 0.380299 0.035617 0.066486
2 0.896730 0.622667 0.032055 0.068083
3 0.255594 0.313965 0.028500 0.049069
3 0.788898 0.312049 0.028516 0.045875
4 0.835734 0.435069 0.175422 0.351444
5 0.257375 0.449319 0.174531 0.357778
1 0.352652 0.887035 0.037398 0.064903
1 0.549004 0.971604 0.040070 0.056792
1 0.572059 0.930882 0.046305 0.071236
2 0.439930 0.915965 0.037406 0.073625
