0 0.355078 0.179083 0.072125 0.099722
0 0.330562 0.858590 0.113984 0.215292
0 0.680000 0.157833 0.064109 0.123472
0 0.792484 0.810049 0.087266 0.193125
1 0.530402 0.428299 0.034727 0.071236
1 0.576137 0.426438 0.033836 0.066486
1 0.526984 0.295326 0.032953 0.060153
1 0.543660 0.150118 0.029383 0.050653
1 0.736445 0.127951 0.023156 0.041153
1 0.816445 0.043778 0.023156 0.045917
1 0.936355 0.799174 0.034727 0.066486
1 0.282750 0.183368 0.027609 0.047486
1 0.584621 0.596549 0.032945 0.066486
1 0.674738 0.429535 0.035617 0.066486
2 0.840785 0.794632 0.032055 0.068069
3 0.317602 0.206160 0.028500 0.049069
3 0.704242 0.128222 0.027609 0.045917
4 0.835734 0.435069 0.175422 0.351444
5 0.255852 0.450222 0.174531 0.357778
1 0.428340 0.439312 0.037398 0.064903
1 0.215965 0.953521 0.040070 0.052236
1 0.568574 0.934132 0.046305 0.071236
2 0.399133 0.895687 0.048969 0.088653
