0 0.417766 0.658490 0.094420 0.156896
0 0.298471 0.899677 0.094057 0.148565
0 0.571039 0.883284 0.090844 0.163213
0 0.704350 0.349459 0.074797 0.099874
1 0.084552 0.826812 0.040961 0.050721
1 0.243975 0.159203 0.030278 0.039631
1 0.246541 0.195466 0.029387 0.034874
1 0.190302 0.491510 0.033836 0.058658
1 0.318332 0.396124 0.025825 0.045973
1 0.287620 0.241565 0.024910 0.044388
1 0.292403 0.386808 0.023139 0.042794
1 0.308607 0.489706 0.027620 0.041191
1 0.513881 0.501019 0.030278 0.053901
1 0.519394 0.638691 0.028497 0.057064
1 0.760471 0.208314 0.027606 0.036460
1 0.764762 0.232357 0.024934 0.033289
1 0.682632 0.402341 0.028497 0.043691
1 0.729762 0.386359 0.024934 0.039614
1 0.727507 0.896170 0.032950 0.060243
1 0.717959 0.948297 0.032055 0.057064
1 0.773360 0.939853 0.029387 0.058649
1 0.871390 0.821133 0.032950 0.049144
2 0.312542 0.434169 0.028497 0.045973
2 0.765792 0.641833 0.032055 0.052307
3 0.277762 0.565231 0.032064 0.047592
3 0.725721 0.639455 0.030273 0.057064
4 0.723567 0.522148 0.139661 0.304362
5 0.271932 0.501539 0.150490 0.320210
1 0.331402 0.925596 0.032926 0.061812
1 0.368195 0.907370 0.032950 0.066552
1 0.348014 0.954111 0.032945 0.055503
1 0.229284 0.953318 0.032950 0.047576
1 0.123353 0.748708 0.036508 0.049144
