0 0.467095 0.676133 0.079298 0.141007
0 0.510396 0.905747 0.091687 0.145940
0 0.601466 0.908939 0.087257 0.131485
0 0.704350 0.353129 0.074797 0.099866
1 0.087149 0.824908 0.040961 0.050721
1 0.243975 0.162836 0.030278 0.039631
1 0.251008 0.197638 0.029387 0.034874
1 0.188968 0.492995 0.033836 0.058658
1 0.318332 0.396124 0.025825 0.045973
1 0.287620 0.241565 0.024910 0.044388
1 0.293890 0.389656 0.023313 0.041326
1 0.312088 0.518964 0.027625 0.041183
1 0.514020 0.500247 0.030273 0.053901
1 0.520730 0.655197 0.028492 0.057072
1 0.761169 0.211913 0.027606 0.036460
1 0.767201 0.231636 0.024929 0.033289
1 0.682114 0.419794 0.028497 0.047374
1 0.731793 0.390696 0.024934 0.039614
1 0.728134 0.888565 0.032526 0.059111
1 0.719955 0.945755 0.033624 0.053188
1 0.773360 0.939853 0.029387 0.058649
1 0.880064 0.820961 0.032945 0.049136
2 0.312542 0.434169 0.028497 0.045973
2 0.765792 0.641833 0.032055 0.052307
3 0.279152 0.566254 0.032064 0.047592
3 0.725721 0.639455 0.030273 0.057064
4 0.723673 0.522148 0.139449 0.304362
5 0.271795 0.501539 0.150490 0.320210
1 0.548452 0.882924 0.032926 0.061820
1 0.637304 0.723679 0.032950 0.066552
1 0.548678 0.931707 0.032945 0.053935
1 0.229284 0.953318 0.032950 0.047576
1 0.124729 0.747349 0.036508 0.049144
