0 0.641984 0.884279 0.094449 0.160201
0 0.258824 0.682383 0.091927 0.138070
0 0.290547 0.871854 0.100566 0.173054
0 0.664112 0.755365 0.093077 0.162441
1 0.095745 0.818603 0.040961 0.050730
1 0.243975 0.174857 0.030278 0.039631
1 0.245144 0.206569 0.029383 0.034883
1 0.184550 0.497907 0.033841 0.058649
1 0.318332 0.396124 0.025825 0.045973
1 0.287620 0.241565 0.024910 0.044388
1 0.291774 0.389652 0.023313 0.041317
1 0.312088 0.518964 0.027625 0.041183
1 0.538885 0.718372 0.030278 0.055520
1 0.463360 0.939207 0.033845 0.057072
1 0.755438 0.202034 0.027606 0.042760
1 0.718598 0.412777 0.023153 0.047567
1 0.732844 0.392945 0.024934 0.039614
1 0.720554 0.920814 0.029383 0.050755
1 0.710328 0.953683 0.033624 0.053188
1 0.773360 0.939853 0.029387 0.058649
1 0.877387 0.819375 0.032945 0.049136
2 0.312542 0.434169 0.028497 0.045973
2 0.765792 0.641833 0.032055 0.052307
3 0.281381 0.564929 0.032064 0.047592
3 0.725721 0.639455 0.030273 0.057064
4 0.723047 0.522148 0.138921 0.304362
5 0.271336 0.501539 0.150485 0.320210
1 0.223263 0.663347 0.030485 0.059631
1 0.502941 0.914522 0.033836 0.058591
1 0.207262 0.701103 0.024929 0.053935
1 0.229284 0.953318 0.032950 0.047576
1 0.129281 0.742848 0.036508 0.049136
