1 0.217686 0.691149 0.027606 0.049161
0 0.566885 0.900298 0.097729 0.149337
0 0.252783 0.756506 0.111164 0.155126
0 0.276770 0.882940 0.099788 0.160227
0 0.648021 0.844480 0.098907 0.171074
1 0.097938 0.816997 0.040966 0.050721
1 0.243975 0.179455 0.030278 0.039631
1 0.243836 0.211804 0.029387 0.034883
1 0.184616 0.495768 0.033841 0.058649
1 0.318332 0.396124 0.025825 0.045973
1 0.287620 0.241565 0.024910 0.044388
1 0.291774 0.389652 0.023313 0.041317
1 0.312088 0.518964 0.027625 0.041183
1 0.538113 0.718893 0.030278 0.055520
1 0.236513 0.895344 0.033845 0.057064
1 0.756131 0.199950 0.027606 0.042768
1 0.718598 0.412777 0.023153 0.047567
1 0.732844 0.392945 0.024934 0.039614
1 0.723749 0.913544 0.029383 0.050747
1 0.710328 0.953683 0.033624 0.053188
1 0.773360 0.939853 0.029387 0.058649
1 0.879800 0.819375 0.032945 0.049136
2 0.312542 0.434169 0.028497 0.045973
2 0.765792 0.641833 0.032055 0.052307
3 0.281381 0.564929 0.032064 0.047592
3 0.725721 0.639455 0.030273 0.057064
4 0.723047 0.522148 0.138921 0.304362
5 0.271159 0.501539 0.150490 0.320210
1 0.239861 0.644392 0.024943 0.045982
1 0.499500 0.944698 0.033836 0.058591
1 0.229284 0.953318 0.032950 0.047576
1 0.130441 0.741703 0.036508 0.049144
