0 0.621433 0.716082 0.083921 0.134715
0 0.256277 0.676120 0.092564 0.114253
0 0.251334 0.791732 0.077512 0.166183
0 0.634842 0.601120 0.086404 0.130025
1 0.092052 0.821313 0.040966 0.050730
1 0.243975 0.169690 0.030278 0.039631
1 0.246612 0.200692 0.029387 0.034874
1 0.186447 0.495797 0.033836 0.058658
1 0.318332 0.396124 0.025825 0.045973
1 0.287620 0.241565 0.024910 0.044388
1 0.291774 0.389652 0.023313 0.041317
1 0.312088 0.518964 0.027625 0.041183
1 0.549234 0.766514 0.030278 0.053901
1 0.693461 0.907890 0.028497 0.057072
1 0.745005 0.196187 0.027606 0.042760
1 0.768871 0.232777 0.027526 0.039497
1 0.718598 0.412777 0.023153 0.047567
1 0.732844 0.392945 0.024934 0.039614
1 0.729013 0.890126 0.030174 0.052852
1 0.716086 0.945755 0.033624 0.053188
1 0.773360 0.939853 0.029387 0.058649
1 0.878384 0.819841 0.032950 0.049144
2 0.312542 0.434169 0.028497 0.045973
2 0.765792 0.641833 0.032055 0.052307
3 0.281381 0.564929 0.032064 0.047592
3 0.725721 0.639455 0.030273 0.057064
4 0.723876 0.522148 0.139043 0.304362
5 0.271532 0.501539 0.150490 0.320210
1 0.233966 0.675134 0.032926 0.061812
1 0.768900 0.832492 0.032041 0.058591
1 0.213867 0.699685 0.032945 0.053935
1 0.229284 0.953318 0.032950 0.047576
1 0.127326 0.744782 0.036508 0.049144
