0 0.616927 0.709539 0.084647 0.148960
0 0.257194 0.687504 0.096103 0.130914
0 0.324211 0.894354 0.097762 0.151393
0 0.585992 0.383771 0.065057 0.106233
1 0.090167 0.822693 0.040966 0.050721
1 0.243975 0.167055 0.030278 0.039631
1 0.256748 0.197982 0.029387 0.034874
1 0.187415 0.494719 0.033841 0.058649
1 0.318332 0.396124 0.025825 0.045973
1 0.287620 0.241565 0.024910 0.044388
1 0.292104 0.389652 0.023313 0.041317
1 0.312088 0.518964 0.027625 0.041183
1 0.515488 0.497521 0.030278 0.053901
1 0.704486 0.904593 0.033054 0.057072
1 0.756628 0.205805 0.027601 0.036460
1 0.771737 0.235294 0.024934 0.044279
1 0.721244 0.410260 0.023148 0.047567
1 0.732844 0.392945 0.024934 0.039614
1 0.728772 0.889350 0.031079 0.055260
1 0.717571 0.945755 0.033624 0.053188
1 0.773360 0.939853 0.029387 0.058649
1 0.881713 0.820436 0.032945 0.049144
2 0.312542 0.434169 0.028497 0.045973
2 0.765792 0.641833 0.032055 0.052307
3 0.281032 0.565138 0.032064 0.047592
3 0.725721 0.639455 0.030273 0.057064
4 0.723798 0.522148 0.139199 0.304362
5 0.271635 0.501539 0.150490 0.320210
1 0.228424 0.696653 0.032926 0.061812
1 0.778966 0.778532 0.032041 0.058591
1 0.213254 0.758226 0.032945 0.053935
1 0.229284 0.953318 0.032950 0.047576
1 0.126327 0.745772 0.036508 0.049144
