0 0.590789 0.675126 0.079298 0.141007
0 0.275613 0.862143 0.079218 0.176049
0 0.359743 0.909769 0.087253 0.131485
0 0.689517 0.313834 0.075707 0.096728
1 0.089090 0.823486 0.040961 0.050730
1 0.243975 0.165554 0.030278 0.039631
1 0.261444 0.197798 0.029383 0.034874
1 0.187969 0.494107 0.033836 0.058649
1 0.318332 0.396124 0.025825 0.045973
1 0.287620 0.241565 0.024910 0.044388
1 0.292740 0.389652 0.023313 0.041317
1 0.312088 0.518964 0.027625 0.041183
1 0.514720 0.498834 0.030278 0.053893
1 0.617083 0.675914 0.028492 0.057064
1 0.759272 0.210541 0.027601 0.036468
1 0.769083 0.233918 0.024934 0.038020
1 0.720912 0.408096 0.023153 0.047567
1 0.732844 0.392945 0.024934 0.039614
1 0.728544 0.889073 0.031593 0.056636
1 0.718424 0.945755 0.033624 0.053188
1 0.773360 0.939853 0.029387 0.058649
1 0.883617 0.820772 0.032945 0.049144
2 0.312542 0.434169 0.028497 0.045973
2 0.765792 0.641833 0.032055 0.052307
3 0.280363 0.565533 0.032064 0.047592
3 0.725721 0.639455 0.030273 0.057064
4 0.723754 0.522148 0.139288 0.304362
5 0.271692 0.501539 0.150490 0.320210
1 0.296967 0.901812 0.032926 0.061812
1 0.641124 0.652949 0.028497 0.064958
1 0.304974 0.953322 0.032945 0.053926
1 0.229284 0.953318 0.032950 0.047576
1 0.125756 0.746334 0.036508 0.049144
