0 0.713070 0.802731 0.086442 0.148951
0 0.244927 0.673851 0.092493 0.117013
0 0.276612 0.784602 0.087304 0.129773
0 0.638169 0.561460 0.086725 0.132584
1 0.094128 0.819790 0.040961 0.050721
1 0.243975 0.172601 0.030278 0.039631
1 0.245785 0.203997 0.029383 0.034874
1 0.185379 0.496984 0.033841 0.058649
1 0.318332 0.396124 0.025825 0.045973
1 0.287620 0.241565 0.024910 0.044388
1 0.291774 0.389652 0.023313 0.041317
1 0.312088 0.518964 0.027625 0.041183
1 0.543768 0.690990 0.030278 0.055520
1 0.680752 0.917131 0.028497 0.057064
1 0.753384 0.201514 0.027606 0.042760
1 0.718598 0.412777 0.023153 0.047567
1 0.732844 0.392945 0.024934 0.039614
1 0.714738 0.904174 0.029383 0.050747
1 0.710328 0.953683 0.033624 0.053188
1 0.773360 0.939853 0.029387 0.058649
1 0.876204 0.819375 0.032945 0.049136
2 0.312542 0.434169 0.028497 0.045973
2 0.765792 0.641833 0.032055 0.052307
3 0.281381 0.564929 0.032064 0.047592
3 0.725721 0.639455 0.030273 0.057064
4 0.722415 0.522148 0.138921 0.304362
5 0.271423 0.501539 0.150490 0.320210
1 0.225924 0.670176 0.032422 0.061359
1 0.644102 0.832089 0.032041 0.058591
1 0.202022 0.705004 0.024929 0.053935
1 0.229284 0.953318 0.032950 0.047576
1 0.128424 0.743695 0.036508 0.049136
