1 0.873625 0.145153 0.027609 0.058583
0 0.364641 0.431132 0.080172 0.112431
0 0.281402 0.826063 0.142477 0.205764
0 0.589566 0.334569 0.090820 0.178972
0 0.734969 0.713799 0.101641 0.200681
1 0.389113 0.426368 0.034727 0.071236
1 0.567258 0.454063 0.033844 0.066486
1 0.528090 0.293368 0.032945 0.060153
1 0.543660 0.150118 0.029383 0.050653
1 0.736445 0.127944 0.023156 0.041139
1 0.815793 0.046090 0.023148 0.045903
1 0.936355 0.799174 0.034727 0.066486
1 0.282750 0.183368 0.027609 0.047486
1 0.584621 0.596549 0.032945 0.066486
1 0.544105 0.340090 0.035617 0.066486
2 0.896730 0.622667 0.032055 0.068083
3 0.255594 0.313965 0.028500 0.049069
3 0.787039 0.309688 0.028516 0.045875
4 0.835734 0.435069 0.175422 0.351444
5 0.257375 0.449319 0.174531 0.357778
1 0.307238 0.793632 0.037398 0.064903
1 0.224363 0.953521 0.040070 0.052236
1 0.570590 0.932243 0.046305 0.071236
2 0.397859 0.895410 0.048969 0.088653
