1 0.874230 0.144882 0.027602 0.058569
0 0.496211 0.415299 0.080172 0.112431
0 0.402949 0.518167 0.102430 0.197861
0 0.669781 0.333958 0.069437 0.152028
0 0.704230 0.651396 0.081055 0.180514
1 0.532848 0.427458 0.034727 0.071250
1 0.573684 0.428757 0.033836 0.066486
1 0.527645 0.294160 0.032945 0.060153
1 0.543660 0.150118 0.029383 0.050653
1 0.736445 0.127944 0.023156 0.041139
1 0.816055 0.045160 0.023156 0.045903
1 0.936355 0.799174 0.034727 0.066486
1 0.282750 0.183368 0.027609 0.047486
1 0.584621 0.596549 0.032945 0.066486
1 0.668770 0.368590 0.035617 0.066486
2 0.897875 0.622667 0.032062 0.068083
3 0.255594 0.313965 0.028500 0.049069
3 0.786000 0.308375 0.028516 0.045861
4 0.835734 0.435069 0.175422 0.351444
5 0.257375 0.449319 0.174531 0.357778
1 0.426465 0.465764 0.037398 0.064917
1 0.220969 0.953521 0.040078 0.052236
1 0.569777 0.933007 0.046305 0.071236
2 0.398371 0.895521 0.048977 0.088653
