1 0.873688 0.145125 0.027609 0.058583
0 0.361473 0.431132 0.080180 0.112431
0 0.281629 0.822896 0.125117 0.205764
0 0.596098 0.341958 0.090820 0.178972
0 0.735508 0.717722 0.104062 0.207500
1 0.385945 0.426368 0.034734 0.071236
1 0.569809 0.442049 0.033836 0.066486
1 0.528043 0.293451 0.032945 0.060153
1 0.543660 0.150118 0.029383 0.050653
1 0.736445 0.127944 0.023156 0.041139
1 0.815820 0.046000 0.023156 0.045917
1 0.936355 0.799174 0.034727 0.066486
1 0.282750 0.183368 0.027609 0.047486
1 0.584621 0.596549 0.032945 0.066486
1 0.560727 0.344312 0.035625 0.066486
2 0.896730 0.622667 0.032055 0.068083
3 0.255594 0.313965 0.028500 0.049069
3 0.786930 0.309556 0.028516 0.045861
4 0.835734 0.435069 0.175422 0.351444
5 0.257375 0.449319 0.174531 0.357778
1 0.304566 0.785715 0.037398 0.064903
1 0.224020 0.953521 0.040070 0.052236
1 0.570512 0.932326 0.046305 0.071236
2 0.397910 0.895424 0.048977 0.088653
