0 0.609524 0.710935 0.079378 0.142928
0 0.266041 0.693238 0.096107 0.138087
0 0.328122 0.891640 0.096866 0.155461
0 0.572370 0.437202 0.068058 0.119639
1 0.090438 0.822496 0.040961 0.050730
1 0.243975 0.167433 0.030278 0.039631
1 0.252886 0.198293 0.029383 0.034874
1 0.187276 0.494874 0.033836 0.058658
1 0.318332 0.396124 0.025825 0.045973
1 0.287620 0.241565 0.024910 0.044388
1 0.291944 0.389652 0.023313 0.041317
1 0.312088 0.518964 0.027625 0.041183
1 0.515681 0.497190 0.030278 0.053893
1 0.697509 0.907949 0.030853 0.057072
1 0.753704 0.198867 0.027606 0.036460
1 0.774701 0.230516 0.024934 0.042441
1 0.720674 0.410805 0.023148 0.047567
1 0.732844 0.392945 0.024934 0.039614
1 0.728829 0.889421 0.030947 0.054916
1 0.717359 0.945755 0.033624 0.053188
1 0.773360 0.939853 0.029387 0.058649
1 0.881237 0.820352 0.032945 0.049144
2 0.312542 0.434169 0.028497 0.045973
2 0.765792 0.641833 0.032055 0.052307
3 0.281202 0.565038 0.032064 0.047592
3 0.725721 0.639455 0.030273 0.057064
4 0.723810 0.522148 0.139175 0.304362
5 0.271619 0.501539 0.150485 0.320210
1 0.231854 0.703859 0.032926 0.061812
1 0.778061 0.801116 0.032041 0.058591
1 0.208699 0.748402 0.032950 0.053935
1 0.229284 0.953318 0.032950 0.047576
1 0.126468 0.745629 0.036508 0.049144
