0 0.358687 0.185521 0.072125 0.099736
0 0.339031 0.817340 0.113984 0.215292
0 0.680223 0.170660 0.064117 0.123486
0 0.791953 0.799174 0.087266 0.193125
1 0.530078 0.429090 0.034734 0.071236
1 0.575762 0.426799 0.033836 0.066486
1 0.527086 0.295146 0.032953 0.060153
1 0.543660 0.150118 0.029383 0.050653
1 0.736445 0.127951 0.023156 0.041153
1 0.816387 0.043986 0.023148 0.045917
1 0.936355 0.799174 0.034727 0.066486
1 0.282750 0.183368 0.027609 0.047486
1 0.584621 0.596549 0.032945 0.066486
1 0.674633 0.429854 0.035625 0.066486
2 0.878625 0.713951 0.032063 0.068069
3 0.291199 0.231118 0.027289 0.049069
3 0.706188 0.131243 0.027609 0.045903
4 0.835734 0.435069 0.175422 0.351444
5 0.256324 0.449937 0.174539 0.357764
1 0.428332 0.439437 0.037398 0.064903
1 0.216730 0.953521 0.040070 0.052236
1 0.568762 0.933951 0.046305 0.071236
2 0.399020 0.895660 0.048977 0.088653
