0 0.568035 0.897857 0.089114 0.152156
0 0.257535 0.722949 0.094486 0.174421
0 0.335181 0.898721 0.091852 0.135663
0 0.646819 0.841124 0.098907 0.171074
1 0.097707 0.817169 0.040966 0.050730
1 0.243975 0.177601 0.030278 0.039631
1 0.244364 0.209694 0.029387 0.034874
1 0.183541 0.499031 0.033841 0.058649
1 0.318332 0.396124 0.025825 0.045973
1 0.287620 0.241565 0.024910 0.044388
1 0.291774 0.389652 0.023313 0.041317
1 0.312088 0.518964 0.027625 0.041183
1 0.538369 0.712290 0.030273 0.055520
1 0.275174 0.946393 0.033845 0.057064
1 0.757931 0.202672 0.027606 0.042760
1 0.718598 0.412777 0.023153 0.047567
1 0.732844 0.392945 0.024934 0.039614
1 0.722460 0.916477 0.029387 0.050755
1 0.710328 0.953683 0.033624 0.053188
1 0.773360 0.939853 0.029387 0.058649
1 0.878827 0.819375 0.032950 0.049136
2 0.312542 0.434169 0.028497 0.045973
2 0.765792 0.641833 0.032055 0.052307
3 0.281381 0.564929 0.032064 0.047592
3 0.725721 0.639455 0.030273 0.057064
4 0.723047 0.522148 0.138921 0.304362
5 0.271230 0.501539 0.150490 0.320210
1 0.229828 0.637475 0.024943 0.045990
1 0.500207 0.947328 0.033836 0.058599
1 0.229284 0.953318 0.032950 0.047576
1 0.130318 0.741820 0.036508 0.049144
