0 0.567194 0.674329 0.079298 0.141007
0 0.292978 0.877605 0.085448 0.160998
0 0.378888 0.907387 0.087257 0.131485
0 0.690556 0.315948 0.075702 0.096728
1 0.088954 0.823582 0.040961 0.050721
1 0.243975 0.165361 0.030278 0.039631
1 0.259611 0.198016 0.029383 0.034874
1 0.188037 0.494027 0.033841 0.058658
1 0.318332 0.396124 0.025825 0.045973
1 0.287620 0.241565 0.024910 0.044388
1 0.292820 0.389652 0.023313 0.041317
1 0.312088 0.518964 0.027625 0.041183
1 0.514623 0.498997 0.030273 0.053901
1 0.599274 0.678293 0.028492 0.057072
1 0.759413 0.210654 0.027601 0.036460
1 0.768942 0.233314 0.024934 0.036946
1 0.718914 0.407827 0.023153 0.047567
1 0.732844 0.392945 0.024934 0.039614
1 0.728516 0.889035 0.031659 0.056812
1 0.718527 0.945755 0.033624 0.053188
1 0.773360 0.939853 0.029387 0.058649
1 0.883855 0.820814 0.032950 0.049144
2 0.312542 0.434169 0.028497 0.045973
2 0.765792 0.641833 0.032055 0.052307
3 0.280278 0.565583 0.032064 0.047592
3 0.725721 0.639455 0.030273 0.057064
4 0.723749 0.522148 0.139298 0.304362
5 0.271697 0.501539 0.150490 0.320210
1 0.321902 0.893888 0.032926 0.061820
1 0.627990 0.665227 0.030721 0.065755
1 0.324119 0.948565 0.032950 0.053926
1 0.229284 0.953318 0.032950 0.047576
1 0.125686 0.746405 0.036508 0.049136
