1 0.212559 0.710956 0.027606 0.049144
0 0.567698 0.899564 0.096470 0.149748
0 0.257467 0.753544 0.100636 0.175243
0 0.290907 0.878402 0.088723 0.161535
0 0.648084 0.844790 0.098902 0.171074
1 0.097938 0.816997 0.040966 0.050721
1 0.243975 0.179832 0.030278 0.039631
1 0.243730 0.212236 0.029383 0.034874
1 0.184908 0.494933 0.033841 0.058658
1 0.318332 0.396124 0.025825 0.045973
1 0.287620 0.241565 0.024910 0.044388
1 0.291774 0.389652 0.023313 0.041317
1 0.312088 0.518964 0.027625 0.041183
1 0.538077 0.719639 0.030273 0.055520
1 0.255672 0.930646 0.033850 0.057064
1 0.755617 0.199266 0.027606 0.042760
1 0.718598 0.412777 0.023153 0.047567
1 0.732844 0.392945 0.024934 0.039614
1 0.724010 0.912949 0.029387 0.050747
1 0.710328 0.953683 0.033624 0.053188
1 0.773360 0.939853 0.029387 0.058649
1 0.879998 0.819375 0.032945 0.049136
2 0.312542 0.434169 0.028497 0.045973
2 0.765792 0.641833 0.032055 0.052307
3 0.281381 0.564929 0.032064 0.047592
3 0.725721 0.639455 0.030273 0.057064
4 0.723047 0.522148 0.138921 0.304362
5 0.271145 0.501539 0.150490 0.320210
1 0.240667 0.644748 0.024943 0.045990
1 0.500163 0.944463 0.033831 0.058591
1 0.229284 0.953318 0.032950 0.047576
1 0.130441 0.741703 0.036508 0.049144
