0 0.616176 0.856602 0.085556 0.158440
0 0.254689 0.679845 0.092092 0.131804
0 0.262717 0.829899 0.088553 0.166326
0 0.617118 0.697206 0.083775 0.140990
1 0.095264 0.818956 0.040961 0.050730
1 0.243975 0.174186 0.030278 0.039631
1 0.245335 0.205801 0.029387 0.034874
1 0.184797 0.497634 0.033836 0.058658
1 0.318332 0.396124 0.025825 0.045973
1 0.287620 0.241565 0.024910 0.044388
1 0.291774 0.389652 0.023313 0.041317
1 0.312088 0.518964 0.027625 0.041183
1 0.543174 0.694161 0.030278 0.055520
1 0.520917 0.948574 0.033850 0.057064
1 0.754826 0.201883 0.027606 0.042760
1 0.718598 0.412777 0.023153 0.047567
1 0.732844 0.392945 0.024934 0.039614
1 0.720087 0.921875 0.029383 0.050747
1 0.710328 0.953683 0.033624 0.053188
1 0.773360 0.939853 0.029387 0.058649
1 0.877036 0.819375 0.032950 0.049136
2 0.312542 0.434169 0.028497 0.045973
2 0.765792 0.641833 0.032055 0.052307
3 0.281381 0.564929 0.032064 0.047592
3 0.725721 0.639455 0.030273 0.057064
4 0.723047 0.522148 0.138921 0.304362
5 0.271362 0.501539 0.150490 0.320210
1 0.224055 0.665378 0.031060 0.060151
1 0.529816 0.852693 0.033836 0.058591
1 0.206188 0.702173 0.024929 0.053926
1 0.229284 0.953318 0.032950 0.047576
1 0.129027 0.743100 0.036508 0.049136
