0 0.469036 0.676560 0.079298 0.141007
0 0.514465 0.905747 0.091682 0.145940
0 0.605836 0.909266 0.087253 0.131485
0 0.704350 0.353049 0.074797 0.099874
1 0.087088 0.824950 0.040961 0.050721
1 0.243975 0.162752 0.030278 0.039631
1 0.250910 0.197588 0.029387 0.034874
1 0.188996 0.492961 0.033836 0.058658
1 0.318332 0.396124 0.025825 0.045973
1 0.287620 0.241565 0.024910 0.044388
1 0.293928 0.389656 0.023313 0.041326
1 0.312088 0.518964 0.027625 0.041183
1 0.514017 0.500264 0.030278 0.053901
1 0.521034 0.653792 0.028497 0.057064
1 0.761152 0.211829 0.027601 0.036460
1 0.767147 0.231653 0.024934 0.033289
1 0.682125 0.419404 0.028492 0.047299
1 0.731746 0.390600 0.024934 0.039622
1 0.728122 0.888549 0.032549 0.059178
1 0.719998 0.945755 0.033624 0.053188
1 0.773360 0.939853 0.029387 0.058649
1 0.879868 0.820961 0.032950 0.049136
2 0.312542 0.434169 0.028497 0.045973
2 0.765792 0.641833 0.032055 0.052307
3 0.279116 0.566275 0.032069 0.047601
3 0.725721 0.639455 0.030273 0.057064
4 0.723671 0.522148 0.139453 0.304362
5 0.271795 0.501539 0.150490 0.320210
1 0.553570 0.885696 0.032926 0.061812
1 0.635858 0.727840 0.032950 0.066552
1 0.553900 0.931271 0.032945 0.053935
1 0.229284 0.953318 0.032950 0.047576
1 0.124696 0.747383 0.036508 0.049144
