1 0.874598 0.144722 0.027602 0.058583
0 0.480891 0.365431 0.080172 0.112417
0 0.414961 0.484931 0.097094 0.189944
0 0.674609 0.342986 0.069438 0.133000
0 0.694582 0.456417 0.081055 0.180528
1 0.529145 0.431382 0.034727 0.071236
1 0.574684 0.427812 0.033836 0.066486
1 0.527375 0.294632 0.032953 0.060153
1 0.543660 0.150118 0.029383 0.050653
1 0.736445 0.127951 0.023156 0.041153
1 0.816215 0.044597 0.023148 0.045917
1 0.936355 0.799174 0.034727 0.066486
1 0.282750 0.183368 0.027609 0.047486
1 0.584621 0.596549 0.032945 0.066486
1 0.672078 0.419840 0.035625 0.066486
2 0.898512 0.618444 0.032055 0.068083
3 0.255594 0.313965 0.028500 0.049069
3 0.779648 0.298944 0.028516 0.045861
4 0.835734 0.435069 0.175422 0.351444
5 0.257375 0.449319 0.174531 0.357778
1 0.427176 0.446944 0.037398 0.064917
1 0.218934 0.953521 0.040070 0.052236
1 0.569285 0.933465 0.046305 0.071236
2 0.398684 0.895590 0.048977 0.088653
