0 0.354930 0.179132 0.072125 0.099736
0 0.329609 0.863104 0.113984 0.215292
0 0.679926 0.157000 0.064117 0.123472
0 0.792133 0.811153 0.087266 0.193139
1 0.530512 0.428035 0.034727 0.071236
1 0.576262 0.426326 0.033836 0.066486
1 0.526949 0.295382 0.032945 0.060153
1 0.543660 0.150118 0.029383 0.050653
1 0.736445 0.127951 0.023156 0.041153
1 0.816465 0.043708 0.023148 0.045917
1 0.936355 0.799174 0.034727 0.066486
1 0.282750 0.183368 0.027609 0.047486
1 0.584621 0.596549 0.032945 0.066486
1 0.674777 0.429424 0.035617 0.066486
2 0.840277 0.795146 0.032055 0.068069
3 0.317887 0.205965 0.028492 0.049069
3 0.703594 0.127215 0.027609 0.045903
4 0.835734 0.435069 0.175422 0.351444
5 0.255695 0.450313 0.174531 0.357764
1 0.428340 0.439271 0.037398 0.064903
1 0.215711 0.953521 0.040078 0.052236
1 0.568512 0.934188 0.046305 0.071236
2 0.399168 0.895687 0.048977 0.088653
