0 0.705054 0.804316 0.086442 0.148951
0 0.246418 0.674761 0.092432 0.119270
0 0.278730 0.791120 0.090391 0.139086
0 0.624670 0.583918 0.081103 0.137332
1 0.094303 0.819660 0.040961 0.050730
1 0.243975 0.172840 0.030278 0.039622
1 0.245716 0.204274 0.029387 0.034874
1 0.185292 0.497085 0.033836 0.058649
1 0.318332 0.396124 0.025825 0.045973
1 0.287620 0.241565 0.024910 0.044388
1 0.291774 0.389652 0.023313 0.041317
1 0.312088 0.518964 0.027625 0.041183
1 0.540822 0.697559 0.030278 0.055520
1 0.682088 0.927437 0.028492 0.057072
1 0.753603 0.201569 0.027601 0.042768
1 0.764006 0.223335 0.017795 0.020612
1 0.718598 0.412777 0.023153 0.047567
1 0.732844 0.392945 0.024934 0.039614
1 0.720525 0.908926 0.029383 0.050755
1 0.710328 0.953683 0.033624 0.053188
1 0.773360 0.939853 0.029387 0.058649
1 0.876329 0.819375 0.032950 0.049136
2 0.312542 0.434169 0.028497 0.045973
2 0.765792 0.641833 0.032055 0.052307
3 0.281381 0.564929 0.032064 0.047592
3 0.725721 0.639455 0.030273 0.057064
4 0.722557 0.522148 0.138921 0.304362
5 0.271414 0.501539 0.150490 0.320210
1 0.225639 0.669438 0.032210 0.061174
1 0.620950 0.828389 0.032041 0.058591
1 0.204034 0.704316 0.024929 0.053935
1 0.229284 0.953318 0.032950 0.047576
1 0.128518 0.743607 0.036508 0.049144
