0 0.736522 0.792953 0.088822 0.153708
0 0.244710 0.672890 0.092568 0.114253
0 0.246522 0.774895 0.092347 0.131351
0 0.662802 0.519975 0.087319 0.129950
1 0.093878 0.819971 0.040961 0.050730
1 0.243975 0.172248 0.030278 0.039631
1 0.245886 0.203599 0.029387 0.034883
1 0.185509 0.496841 0.033836 0.058649
1 0.318332 0.396124 0.025825 0.045973
1 0.287620 0.241565 0.024910 0.044388
1 0.291774 0.389652 0.023313 0.041317
1 0.312088 0.518964 0.027625 0.041183
1 0.550299 0.678884 0.030278 0.055520
1 0.684123 0.913695 0.028492 0.057072
1 0.753066 0.201430 0.027601 0.042760
1 0.718598 0.412777 0.023153 0.047567
1 0.732844 0.392945 0.024934 0.039614
1 0.715353 0.907118 0.029387 0.050747
1 0.710328 0.953683 0.033624 0.053188
1 0.773360 0.939853 0.029387 0.058649
1 0.876020 0.819375 0.032945 0.049136
2 0.312542 0.434169 0.028497 0.045973
2 0.765792 0.641833 0.032055 0.052307
3 0.281381 0.564929 0.032064 0.047592
3 0.725721 0.639455 0.030273 0.057064
4 0.722217 0.522148 0.138921 0.304362
5 0.271437 0.501539 0.150490 0.320210
1 0.226336 0.671233 0.032719 0.061628
1 0.692783 0.854279 0.032041 0.058591
1 0.229284 0.953318 0.032950 0.047576
1 0.128292 0.743826 0.036508 0.049144
