0 0.491977 0.671133 0.079298 0.141007
0 0.329484 0.904161 0.091682 0.145940
0 0.423895 0.905835 0.087253 0.131485
0 0.691352 0.310902 0.075702 0.104908
1 0.088205 0.824132 0.040961 0.050730
1 0.243975 0.164312 0.030278 0.039631
1 0.252830 0.198519 0.029383 0.034874
1 0.188424 0.493599 0.033841 0.058658
1 0.318332 0.396124 0.025825 0.045973
1 0.287620 0.241565 0.024910 0.044388
1 0.293266 0.389656 0.023318 0.041326
1 0.312088 0.518964 0.027625 0.041183
1 0.514088 0.499916 0.030278 0.053893
1 0.539644 0.670340 0.028497 0.057072
1 0.760205 0.211284 0.027601 0.036460
1 0.768193 0.231342 0.024934 0.033289
1 0.729628 0.425713 0.024420 0.047567
1 0.732618 0.392462 0.024934 0.039622
1 0.728358 0.888838 0.032022 0.057760
1 0.719121 0.945755 0.033624 0.053188
1 0.773360 0.939853 0.029387 0.058649
1 0.883683 0.820961 0.032945 0.049136
2 0.312542 0.434169 0.028497 0.045973
2 0.765792 0.641833 0.032055 0.052307
3 0.279811 0.565860 0.032064 0.047592
3 0.725721 0.639455 0.030273 0.057064
4 0.723718 0.522148 0.139359 0.304362
5 0.271739 0.501539 0.150490 0.320210
1 0.371209 0.888591 0.032926 0.061812
1 0.641565 0.667928 0.032950 0.066560
1 0.370712 0.940495 0.032950 0.053926
1 0.229284 0.953318 0.032950 0.047576
1 0.125290 0.746795 0.036508 0.049144
