0 0.607611 0.708737 0.075551 0.138532
0 0.269599 0.695831 0.096107 0.141158
0 0.328120 0.891149 0.094128 0.154480
0 0.566070 0.469392 0.070245 0.129388
1 0.090589 0.822387 0.040961 0.050730
1 0.243975 0.167651 0.030278 0.039631
1 0.250679 0.198469 0.029387 0.034874
1 0.187198 0.494962 0.033841 0.058649
1 0.318332 0.396124 0.025825 0.045973
1 0.287620 0.241565 0.024910 0.044388
1 0.291854 0.389652 0.023313 0.041317
1 0.312088 0.518964 0.027625 0.041183
1 0.514295 0.519169 0.030278 0.053893
1 0.693525 0.909866 0.029595 0.057064
1 0.752033 0.194899 0.027601 0.036460
1 0.776397 0.227785 0.024934 0.041376
1 0.720349 0.411116 0.023148 0.047567
1 0.732844 0.392945 0.024934 0.039614
1 0.728860 0.889463 0.030877 0.054715
1 0.717241 0.945755 0.033624 0.053188
1 0.773360 0.939853 0.029387 0.058649
1 0.880966 0.820302 0.032950 0.049144
2 0.312542 0.434169 0.028497 0.045973
2 0.765792 0.641833 0.032055 0.052307
3 0.281296 0.564979 0.032064 0.047592
3 0.725721 0.639455 0.030273 0.057064
4 0.723817 0.522148 0.139161 0.304362
5 0.271612 0.501539 0.150490 0.320210
1 0.233810 0.707987 0.032926 0.061812
1 0.775323 0.810872 0.032041 0.058591
1 0.207328 0.746938 0.032950 0.053926
1 0.229284 0.953318 0.032950 0.047576
1 0.126550 0.745545 0.036513 0.049144
