0 0.630535 0.870445 0.098893 0.177483
0 0.257005 0.681267 0.092003 0.135319
0 0.275184 0.861284 0.097672 0.168507
0 0.644517 0.719484 0.093087 0.154371
1 0.095533 0.818763 0.040961 0.050730
1 0.243975 0.174564 0.030278 0.039631
1 0.245226 0.206229 0.029387 0.034874
1 0.184658 0.497789 0.033841 0.058649
1 0.318332 0.396124 0.025825 0.045973
1 0.287620 0.241565 0.024910 0.044388
1 0.291774 0.389652 0.023313 0.041317
1 0.312088 0.518964 0.027625 0.041183
1 0.541305 0.708591 0.030273 0.055520
1 0.492990 0.944971 0.033850 0.057072
1 0.755167 0.201967 0.027601 0.042760
1 0.718598 0.412777 0.023153 0.047567
1 0.732844 0.392945 0.024934 0.039614
1 0.720346 0.921279 0.029383 0.050747
1 0.710328 0.953683 0.033624 0.053188
1 0.773360 0.939853 0.029387 0.058649
1 0.877231 0.819375 0.032945 0.049136
2 0.312542 0.434169 0.028497 0.045973
2 0.765792 0.641833 0.032055 0.052307
3 0.281381 0.564929 0.032064 0.047592
3 0.725721 0.639455 0.030273 0.057064
4 0.723047 0.522148 0.138921 0.304362
5 0.271348 0.501539 0.150490 0.320210
1 0.223612 0.664241 0.030740 0.059857
1 0.514034 0.884832 0.033836 0.058591
1 0.206791 0.701573 0.024929 0.053935
1 0.229284 0.953318 0.032950 0.047576
1 0.129168 0.742961 0.036508 0.049144
