0 0.607026 0.735176 0.083280 0.153708
0 0.245912 0.696607 0.095094 0.133482
0 0.249550 0.800327 0.082700 0.168356
0 0.568574 0.584744 0.072163 0.137911
1 0.091341 0.821833 0.040966 0.050730
1 0.243975 0.168700 0.030278 0.039631
1 0.246894 0.199560 0.029387 0.034874
1 0.186812 0.495390 0.033841 0.058649
1 0.318332 0.396124 0.025825 0.045973
1 0.287620 0.241565 0.024910 0.044388
1 0.291774 0.389652 0.023313 0.041317
1 0.312088 0.518964 0.027625 0.041183
1 0.530174 0.693352 0.030273 0.053901
1 0.694526 0.906753 0.028497 0.057064
1 0.748202 0.199551 0.027601 0.046921
1 0.779149 0.230218 0.024934 0.039664
1 0.718761 0.412617 0.023148 0.047567
1 0.732844 0.392945 0.024934 0.039614
1 0.729020 0.889660 0.030518 0.053767
1 0.716647 0.945755 0.033624 0.053188
1 0.773360 0.939853 0.029387 0.058649
1 0.879639 0.820067 0.032945 0.049144
2 0.312542 0.434169 0.028497 0.045973
2 0.765792 0.641833 0.032055 0.052307
3 0.281381 0.564929 0.032064 0.047592
3 0.725721 0.639455 0.030273 0.057064
4 0.723848 0.522148 0.139100 0.304362
5 0.271569 0.501539 0.150490 0.320210
1 0.222170 0.703440 0.032926 0.061812
1 0.772924 0.824283 0.032041 0.058599
1 0.207486 0.723918 0.032945 0.053926
1 0.229284 0.953318 0.032950 0.047576
1 0.126949 0.745155 0.036508 0.049136
