0 0.426640 0.650805 0.081659 0.148423
0 0.441541 0.903633 0.091687 0.145940
0 0.630728 0.888091 0.090844 0.163213
0 0.704350 0.350193 0.074797 0.099866
1 0.085071 0.826430 0.040961 0.050730
1 0.243975 0.159924 0.030278 0.039631
1 0.247436 0.195902 0.029387 0.034874
1 0.190033 0.491808 0.033836 0.058649
1 0.318332 0.396124 0.025825 0.045973
1 0.287620 0.241565 0.024910 0.044388
1 0.295120 0.389656 0.023313 0.041326
1 0.311046 0.508444 0.027625 0.041183
1 0.513909 0.500864 0.030278 0.053893
1 0.520794 0.638465 0.028497 0.057064
1 0.760613 0.209035 0.027606 0.036460
1 0.765252 0.232215 0.024934 0.033289
1 0.682528 0.405831 0.028497 0.044430
1 0.730167 0.387227 0.024934 0.039622
1 0.727641 0.893792 0.032945 0.060235
1 0.719357 0.947743 0.032059 0.057064
1 0.773360 0.939853 0.029387 0.058649
1 0.872957 0.820961 0.032945 0.049136
2 0.312542 0.434169 0.028497 0.045973
2 0.765792 0.641833 0.032055 0.052307
3 0.282469 0.564400 0.032064 0.047592
3 0.725721 0.639455 0.030273 0.057064
4 0.723589 0.522148 0.139618 0.304362
5 0.271904 0.501539 0.150490 0.320210
1 0.461704 0.910268 0.032926 0.061812
1 0.489892 0.882005 0.032950 0.066560
1 0.489894 0.938255 0.032945 0.055503
1 0.229284 0.953318 0.032950 0.047576
1 0.123629 0.748440 0.036513 0.049144
