0 0.317121 0.702592 0.081046 0.137836
0 0.237158 0.833398 0.096136 0.155369
0 0.476527 0.885940 0.081649 0.156946
0 0.704350 0.348398 0.074797 0.099866
1 0.083801 0.827362 0.040966 0.050730
1 0.243975 0.158154 0.030278 0.039631
1 0.245252 0.194845 0.029383 0.034874
1 0.189416 0.486527 0.033836 0.058658
1 0.318332 0.396124 0.025825 0.045973
1 0.287620 0.241565 0.024910 0.044388
1 0.293706 0.391162 0.023134 0.042794
1 0.279439 0.476162 0.027625 0.041183
1 0.513843 0.501242 0.030278 0.053893
1 0.517373 0.639018 0.028497 0.057064
1 0.760273 0.207282 0.027606 0.036460
1 0.764060 0.232567 0.024934 0.033289
1 0.682780 0.397299 0.028492 0.042634
1 0.729175 0.385105 0.024929 0.039622
1 0.727314 0.899606 0.032950 0.060235
1 0.715943 0.949094 0.032055 0.057064
1 0.773360 0.939853 0.029387 0.058649
1 0.872884 0.824455 0.032950 0.049144
2 0.312184 0.432584 0.028497 0.045973
2 0.765792 0.641833 0.032055 0.052307
3 0.283779 0.555281 0.034731 0.055478
3 0.725721 0.639455 0.030273 0.057064
4 0.723537 0.522148 0.139722 0.304362
5 0.271975 0.501539 0.150490 0.320210
1 0.265803 0.889132 0.032926 0.061820
1 0.313433 0.899216 0.030278 0.057492
1 0.293933 0.944480 0.032945 0.050503
1 0.229284 0.953318 0.032950 0.047576
1 0.122957 0.749102 0.036508 0.049144
