0 0.297828 0.700482 0.081046 0.137827
0 0.253779 0.858230 0.096136 0.155369
0 0.447439 0.893876 0.086395 0.134732
0 0.704350 0.348180 0.074797 0.099866
1 0.083648 0.827475 0.040961 0.050721
1 0.243975 0.157936 0.030278 0.039631
1 0.244986 0.194711 0.029387 0.034874
1 0.188768 0.483838 0.033841 0.058649
1 0.318332 0.396124 0.025825 0.045973
1 0.287620 0.241565 0.024910 0.044388
1 0.289397 0.389778 0.023139 0.042794
1 0.273798 0.480919 0.027625 0.041183
1 0.513834 0.501288 0.030278 0.053901
1 0.516960 0.639086 0.028492 0.057064
1 0.760231 0.207064 0.027606 0.036460
1 0.763914 0.232609 0.024934 0.033289
1 0.682811 0.396263 0.028497 0.042408
1 0.729055 0.384849 0.024934 0.039614
1 0.727274 0.900310 0.032945 0.060235
1 0.715530 0.949258 0.032059 0.057072
1 0.773360 0.939853 0.029387 0.058649
1 0.873190 0.825138 0.032950 0.049136
2 0.310761 0.426242 0.028497 0.045973
2 0.765792 0.641833 0.032055 0.052307
3 0.280931 0.551477 0.034727 0.055487
3 0.725721 0.639455 0.030273 0.057064
4 0.723530 0.522148 0.139736 0.304362
5 0.271979 0.501539 0.150490 0.320210
1 0.272924 0.897055 0.032926 0.061812
1 0.313433 0.901808 0.030278 0.052307
1 0.293219 0.946229 0.032950 0.047643
1 0.229284 0.953318 0.032950 0.047576
1 0.122875 0.749186 0.036513 0.049144
