0 0.284246 0.705319 0.082922 0.137366
0 0.260457 0.869782 0.096136 0.155369
0 0.407472 0.905600 0.089929 0.123985
0 0.704350 0.347878 0.074797 0.099866
1 0.083435 0.827630 0.040961 0.050730
1 0.243975 0.157643 0.030278 0.039631
1 0.244623 0.194534 0.029387 0.034874
1 0.187877 0.480138 0.033841 0.058649
1 0.318332 0.396124 0.025825 0.045973
1 0.287620 0.241565 0.024910 0.044388
1 0.283164 0.391363 0.023134 0.042794
1 0.264894 0.495977 0.027620 0.041183
1 0.513822 0.501351 0.030273 0.053893
1 0.516390 0.639178 0.028492 0.057064
1 0.760174 0.206774 0.027606 0.036468
1 0.763716 0.232668 0.024934 0.033289
1 0.682853 0.394841 0.028497 0.042114
1 0.728890 0.384492 0.024934 0.039622
1 0.727220 0.901279 0.032950 0.060243
1 0.714960 0.949480 0.032059 0.057064
1 0.773360 0.939853 0.029387 0.058649
1 0.873612 0.826074 0.032945 0.049144
2 0.312097 0.429413 0.028492 0.045973
2 0.765792 0.641833 0.032055 0.052307
3 0.280931 0.558607 0.034727 0.055487
3 0.725721 0.639455 0.030273 0.057064
4 0.723523 0.522148 0.139750 0.304362
5 0.271993 0.501539 0.150490 0.320210
1 0.278362 0.901900 0.034029 0.061820
1 0.315391 0.902601 0.030273 0.052315
1 0.292241 0.948628 0.032945 0.043716
1 0.228690 0.953188 0.032507 0.048104
1 0.122764 0.749295 0.036508 0.049144
