0 0.419597 0.664815 0.079298 0.141007
0 0.556115 0.904954 0.091682 0.145948
0 0.676237 0.906598 0.087253 0.131485
0 0.704350 0.350738 0.074797 0.099866
1 0.085455 0.826149 0.040966 0.050721
1 0.243975 0.160470 0.030278 0.039631
1 0.248096 0.196221 0.029387 0.034874
1 0.189835 0.492026 0.033836 0.058649
1 0.318332 0.396124 0.025825 0.045973
1 0.287620 0.241565 0.024910 0.044388
1 0.294894 0.389656 0.023313 0.041326
1 0.312088 0.518964 0.027625 0.041183
1 0.513930 0.500751 0.030273 0.053901
1 0.521831 0.638297 0.028497 0.057064
1 0.760714 0.209572 0.027601 0.036460
1 0.765610 0.232106 0.024934 0.033289
1 0.682451 0.408419 0.028492 0.044975
1 0.730469 0.387869 0.024934 0.039614
1 0.727740 0.892030 0.032945 0.060235
1 0.720389 0.947332 0.032059 0.057064
1 0.773360 0.939853 0.029387 0.058649
1 0.874274 0.820961 0.032950 0.049136
2 0.312542 0.434169 0.028497 0.045973
2 0.765792 0.641833 0.032055 0.052307
3 0.283662 0.566514 0.032064 0.047592
3 0.725721 0.639455 0.030273 0.057064
4 0.723605 0.522148 0.139585 0.304362
5 0.271885 0.501539 0.150490 0.320210
1 0.577910 0.914497 0.032926 0.061812
1 0.603280 0.887555 0.032950 0.066552
1 0.600165 0.947768 0.032950 0.055503
1 0.229284 0.953318 0.032950 0.047576
1 0.123831 0.748238 0.036513 0.049144
