0 0.629347 0.896036 0.089119 0.152156
0 0.262135 0.684417 0.091791 0.143079
0 0.325434 0.861275 0.097370 0.181342
0 0.669434 0.804920 0.098907 0.171065
1 0.096131 0.818322 0.040961 0.050721
1 0.243975 0.175394 0.030278 0.039631
1 0.244991 0.207181 0.029387 0.034883
1 0.184352 0.498129 0.033841 0.058658
1 0.318332 0.396124 0.025825 0.045973
1 0.287620 0.241565 0.024910 0.044388
1 0.291774 0.389652 0.023313 0.041317
1 0.312088 0.518964 0.027625 0.041183
1 0.537851 0.714681 0.030273 0.055520
1 0.413084 0.945247 0.033850 0.057072
1 0.755926 0.202160 0.027601 0.042760
1 0.718598 0.412777 0.023153 0.047567
1 0.732844 0.392945 0.024934 0.039614
1 0.720926 0.919962 0.029383 0.050747
1 0.710328 0.953683 0.033624 0.053188
1 0.773360 0.939853 0.029387 0.058649
1 0.877670 0.819375 0.032945 0.049136
2 0.312542 0.434169 0.028497 0.045973
2 0.765792 0.641833 0.032055 0.052307
3 0.281381 0.564929 0.032064 0.047592
3 0.725721 0.639455 0.030273 0.057064
4 0.723047 0.522148 0.138921 0.304362
5 0.271315 0.501539 0.150490 0.320210
1 0.220349 0.664765 0.030028 0.059211
1 0.502144 0.950847 0.033836 0.058591
1 0.210269 0.707345 0.024929 0.053935
1 0.229284 0.953318 0.032950 0.047576
1 0.129484 0.742647 0.036508 0.049136
