0 0.416553 0.660856 0.079298 0.141007
0 0.473895 0.902576 0.091682 0.145940
0 0.646159 0.892055 0.092036 0.159513
0 0.704350 0.350357 0.074797 0.099874
1 0.085184 0.826346 0.040961 0.050730
1 0.243975 0.160092 0.030278 0.039631
1 0.247634 0.196003 0.029387 0.034874
1 0.189974 0.491875 0.033841 0.058649
1 0.318332 0.396124 0.025825 0.045973
1 0.287620 0.241565 0.024910 0.044388
1 0.295054 0.389656 0.023313 0.041326
1 0.311437 0.512387 0.027625 0.041183
1 0.513916 0.500831 0.030273 0.053893
1 0.521105 0.638414 0.028497 0.057064
1 0.760641 0.209195 0.027606 0.036460
1 0.765361 0.232181 0.024934 0.033289
1 0.682505 0.406607 0.028497 0.044589
1 0.730257 0.387420 0.024934 0.039622
1 0.727670 0.893263 0.032945 0.060235
1 0.719665 0.947622 0.032055 0.057072
1 0.773360 0.939853 0.029387 0.058649
1 0.873353 0.820961 0.032945 0.049136
2 0.312542 0.434169 0.028497 0.045973
2 0.765792 0.641833 0.032055 0.052307
3 0.283063 0.565197 0.032064 0.047592
3 0.725721 0.639455 0.030273 0.057064
4 0.723593 0.522148 0.139609 0.304362
5 0.271899 0.501539 0.150490 0.320210
1 0.496435 0.911854 0.032926 0.061812
1 0.521951 0.884648 0.032950 0.066560
1 0.522248 0.943540 0.032950 0.055503
1 0.229284 0.953318 0.032950 0.047576
1 0.123690 0.748377 0.036513 0.049136
