0 0.302151 0.700482 0.081051 0.137827
0 0.250217 0.853247 0.096136 0.155369
0 0.455073 0.891607 0.086395 0.141082
0 0.704350 0.348234 0.074797 0.099874
1 0.083685 0.827445 0.040961 0.050730
1 0.243975 0.157995 0.030278 0.039631
1 0.245052 0.194744 0.029387 0.034874
1 0.188928 0.484509 0.033841 0.058649
1 0.318332 0.396124 0.025825 0.045973
1 0.287620 0.241565 0.024910 0.044388
1 0.290669 0.390231 0.023139 0.042794
1 0.275071 0.479107 0.027625 0.041183
1 0.513836 0.501275 0.030273 0.053893
1 0.517064 0.639069 0.028492 0.057064
1 0.760240 0.207122 0.027606 0.036460
1 0.763951 0.232601 0.024934 0.033289
1 0.682802 0.396523 0.028497 0.042475
1 0.729083 0.384912 0.024934 0.039622
1 0.727286 0.900134 0.032950 0.060235
1 0.715634 0.949216 0.032059 0.057072
1 0.773360 0.939853 0.029387 0.058649
1 0.873113 0.824966 0.032945 0.049144
2 0.311117 0.427827 0.028492 0.045973
2 0.765792 0.641833 0.032055 0.052307
3 0.281642 0.552424 0.034727 0.055487
3 0.725721 0.639455 0.030273 0.057064
4 0.723532 0.522148 0.139731 0.304362
5 0.271979 0.501539 0.150490 0.320210
1 0.271145 0.895243 0.032931 0.061812
1 0.313433 0.901158 0.030278 0.053607
1 0.293398 0.945793 0.032950 0.048364
1 0.229284 0.953318 0.032950 0.047576
1 0.122896 0.749161 0.036508 0.049144
