0 0.611678 0.713406 0.083685 0.147869
0 0.260353 0.689551 0.096107 0.133482
0 0.328120 0.892194 0.099943 0.156569
0 0.579456 0.400990 0.065603 0.108674
1 0.090264 0.822622 0.040961 0.050730
1 0.243975 0.167190 0.030278 0.039631
1 0.255370 0.198091 0.029383 0.034874
1 0.187366 0.494778 0.033836 0.058649
1 0.318332 0.396124 0.025825 0.045973
1 0.287620 0.241565 0.024910 0.044388
1 0.292048 0.389652 0.023313 0.041317
1 0.312088 0.518964 0.027625 0.041183
1 0.515558 0.497404 0.030278 0.053901
1 0.701996 0.905793 0.032267 0.057072
1 0.755584 0.203326 0.027606 0.036468
1 0.772795 0.233591 0.024929 0.043624
1 0.721039 0.410453 0.023153 0.047567
1 0.732844 0.392945 0.024934 0.039614
1 0.728791 0.889379 0.031032 0.055134
1 0.717495 0.945755 0.033624 0.053188
1 0.773360 0.939853 0.029387 0.058649
1 0.881543 0.820403 0.032945 0.049144
2 0.312542 0.434169 0.028497 0.045973
2 0.765792 0.641833 0.032055 0.052307
3 0.281093 0.565105 0.032064 0.047592
3 0.725721 0.639455 0.030273 0.057064
4 0.723803 0.522148 0.139189 0.304362
5 0.271628 0.501539 0.150485 0.320210
1 0.229649 0.699228 0.032926 0.061812
1 0.781143 0.790143 0.032041 0.058591
1 0.210240 0.750050 0.032950 0.053926
1 0.229284 0.953318 0.032950 0.047576
1 0.126378 0.745721 0.036508 0.049144
