0 0.643318 0.889463 0.091781 0.149832
0 0.259321 0.682689 0.091904 0.138817
0 0.296560 0.870117 0.099953 0.175218
0 0.668000 0.763150 0.095990 0.166753
1 0.095801 0.818561 0.040961 0.050730
1 0.243975 0.174941 0.030278 0.039631
1 0.245120 0.206657 0.029383 0.034874
1 0.184519 0.497940 0.033836 0.058649
1 0.318332 0.396124 0.025825 0.045973
1 0.287620 0.241565 0.024910 0.044388
1 0.291774 0.389652 0.023313 0.041317
1 0.312088 0.518964 0.027625 0.041183
1 0.537912 0.720537 0.030273 0.055520
1 0.456074 0.938339 0.033845 0.057064
1 0.755509 0.202055 0.027606 0.042768
1 0.718598 0.412777 0.023153 0.047567
1 0.732844 0.392945 0.024934 0.039614
1 0.720610 0.920684 0.029383 0.050747
1 0.710328 0.953683 0.033624 0.053188
1 0.773360 0.939853 0.029387 0.058649
1 0.877429 0.819375 0.032945 0.049136
2 0.312542 0.434169 0.028497 0.045973
2 0.765792 0.641833 0.032055 0.052307
3 0.281381 0.564929 0.032064 0.047592
3 0.725721 0.639455 0.030273 0.057064
4 0.723047 0.522148 0.138921 0.304362
5 0.271334 0.501539 0.150490 0.320210
1 0.223167 0.663104 0.030415 0.059564
1 0.501244 0.924031 0.033836 0.058599
1 0.207392 0.700973 0.024934 0.053926
1 0.229284 0.953318 0.032950 0.047576
1 0.129310 0.742819 0.036508 0.049144
