0 0.607521 0.736716 0.082488 0.154505
0 0.245660 0.699153 0.095344 0.135403
0 0.249882 0.802315 0.083214 0.169681
0 0.566793 0.583159 0.072163 0.137911
1 0.091320 0.821850 0.040961 0.050730
1 0.243975 0.168670 0.030278 0.039622
1 0.246902 0.199526 0.029383 0.034874
1 0.186824 0.495382 0.033836 0.058649
1 0.318332 0.396124 0.025825 0.045973
1 0.287620 0.241565 0.024910 0.044388
1 0.291774 0.389652 0.023313 0.041317
1 0.312088 0.518964 0.027625 0.041183
1 0.529819 0.691766 0.030278 0.053901
1 0.694555 0.906724 0.028497 0.057072
1 0.749244 0.198846 0.027601 0.047106
1 0.779149 0.229958 0.024934 0.039664
1 0.718803 0.412584 0.023148 0.047567
1 0.732844 0.392945 0.024934 0.039614
1 0.729015 0.889656 0.030528 0.053792
1 0.716661 0.945755 0.033624 0.053188
1 0.773360 0.939853 0.029387 0.058649
1 0.879675 0.820071 0.032950 0.049136
2 0.312542 0.434169 0.028497 0.045973
2 0.765792 0.641833 0.032055 0.052307
3 0.281381 0.564929 0.032064 0.047592
3 0.725721 0.639455 0.030273 0.057064
4 0.723845 0.522148 0.139105 0.304362
5 0.271572 0.501539 0.150485 0.320210
1 0.221722 0.706267 0.032926 0.061812
1 0.772924 0.824132 0.032041 0.058599
1 0.207443 0.724597 0.032945 0.053926
1 0.229284 0.953318 0.032950 0.047576
1 0.126939 0.745168 0.036508 0.049144
