0 0.603268 0.724253 0.086442 0.150537
0 0.247689 0.678784 0.093322 0.120017
0 0.247215 0.786447 0.079067 0.159086
0 0.580596 0.590289 0.072163 0.137911
1 0.091475 0.821737 0.040961 0.050721
1 0.243975 0.168884 0.030278 0.039631
1 0.246840 0.199769 0.029383 0.034874
1 0.186744 0.495470 0.033836 0.058658
1 0.318332 0.396124 0.025825 0.045973
1 0.287620 0.241565 0.024910 0.044388
1 0.291774 0.389652 0.023313 0.041317
1 0.312088 0.518964 0.027625 0.041183
1 0.533379 0.709203 0.030273 0.053893
1 0.694324 0.906967 0.028497 0.057072
1 0.746645 0.198108 0.027606 0.045663
1 0.778659 0.231275 0.025358 0.039664
1 0.718598 0.412777 0.023153 0.047567
1 0.732844 0.392945 0.024934 0.039614
1 0.729048 0.889694 0.030452 0.053599
1 0.716543 0.945755 0.033624 0.053188
1 0.773360 0.939853 0.029387 0.058649
1 0.879402 0.820025 0.032950 0.049144
2 0.312542 0.434169 0.028497 0.045973
2 0.765792 0.641833 0.032055 0.052307
3 0.281381 0.564929 0.032064 0.047592
3 0.725721 0.639455 0.030273 0.057064
4 0.723852 0.522148 0.139090 0.304362
5 0.271565 0.501539 0.150490 0.320210
1 0.225285 0.683624 0.032926 0.061812
1 0.772924 0.825352 0.032041 0.058591
1 0.207783 0.719161 0.032945 0.053926
1 0.229284 0.953318 0.032950 0.047576
1 0.127019 0.745084 0.036508 0.049144
