0 0.652849 0.678440 0.074604 0.137013
0 0.275806 0.706888 0.101979 0.173054
0 0.291440 0.889904 0.087253 0.131485
0 0.645500 0.329249 0.076447 0.104505
1 0.089647 0.823075 0.040961 0.050730
1 0.243975 0.166334 0.030278 0.039631
1 0.264199 0.197378 0.029387 0.034874
1 0.187681 0.494425 0.033836 0.058649
1 0.318332 0.396124 0.025825 0.045973
1 0.287620 0.241565 0.024910 0.044388
1 0.292410 0.389652 0.023313 0.041317
1 0.312088 0.518964 0.027625 0.041183
1 0.515118 0.498154 0.030273 0.053893
1 0.694974 0.766086 0.028497 0.057072
1 0.758683 0.210076 0.027601 0.036460
1 0.769663 0.236397 0.024934 0.042441
1 0.722342 0.409220 0.023148 0.047567
1 0.732844 0.392945 0.024934 0.039614
1 0.728662 0.889220 0.031329 0.055923
1 0.717981 0.945755 0.033624 0.053188
1 0.773360 0.939853 0.029387 0.058649
1 0.882632 0.820596 0.032945 0.049144
2 0.312542 0.434169 0.028497 0.045973
2 0.765792 0.641833 0.032055 0.052307
3 0.280709 0.565331 0.032069 0.047592
3 0.725721 0.639455 0.030273 0.057064
4 0.723777 0.522148 0.139241 0.304362
5 0.271661 0.501539 0.150485 0.320210
1 0.252547 0.732760 0.032926 0.061812
1 0.735775 0.689690 0.028704 0.064581
1 0.238134 0.845063 0.032950 0.053935
1 0.229284 0.953318 0.032950 0.047576
1 0.126053 0.746040 0.036508 0.049144
