0 0.483688 0.670587 0.079298 0.141007
0 0.348391 0.904161 0.091682 0.145940
0 0.443051 0.906380 0.087253 0.131485
0 0.689510 0.302706 0.075702 0.110378
1 0.088011 0.824274 0.040961 0.050730
1 0.243975 0.164044 0.030278 0.039631
1 0.252498 0.198360 0.029387 0.034874
1 0.188523 0.493490 0.033841 0.058658
1 0.318332 0.396124 0.025825 0.045973
1 0.287620 0.241565 0.024910 0.044388
1 0.293381 0.389656 0.023313 0.041326
1 0.312088 0.518964 0.027625 0.041183
1 0.514065 0.499992 0.030278 0.053893
1 0.522448 0.669790 0.028497 0.057064
1 0.760408 0.211443 0.027601 0.036460
1 0.768014 0.231393 0.024934 0.033289
1 0.723574 0.438272 0.025273 0.047567
1 0.732469 0.392143 0.024929 0.039622
1 0.728318 0.888792 0.032111 0.058003
1 0.719272 0.945755 0.033624 0.053188
1 0.773360 0.939853 0.029387 0.058649
1 0.883025 0.820961 0.032950 0.049136
2 0.312542 0.434169 0.028497 0.045973
2 0.765792 0.641833 0.032055 0.052307
3 0.279691 0.565935 0.032069 0.047592
3 0.725721 0.639455 0.030273 0.057064
4 0.723711 0.522148 0.139373 0.304362
5 0.271748 0.501539 0.150490 0.320210
1 0.388989 0.883695 0.032926 0.061820
1 0.649802 0.675466 0.032950 0.066552
1 0.388242 0.939593 0.032950 0.053935
1 0.229284 0.953318 0.032950 0.047576
1 0.125186 0.746896 0.036508 0.049144
