0 0.637090 0.881699 0.093549 0.160025
0 0.252043 0.678217 0.092201 0.127794
0 0.248471 0.794027 0.078129 0.163842
0 0.604788 0.692202 0.093591 0.145780
1 0.094958 0.819182 0.040961 0.050730
1 0.243975 0.173754 0.030278 0.039622
1 0.245457 0.205315 0.029387 0.034874
1 0.184955 0.497458 0.033841 0.058658
1 0.318332 0.396124 0.025825 0.045973
1 0.287620 0.241565 0.024910 0.044388
1 0.291774 0.389652 0.023313 0.041317
1 0.312088 0.518964 0.027625 0.041183
1 0.539317 0.716225 0.030273 0.055520
1 0.567514 0.948574 0.028497 0.057064
1 0.754434 0.201783 0.027606 0.042760
1 0.718598 0.412777 0.023153 0.047567
1 0.732844 0.392945 0.024934 0.039614
1 0.719786 0.922555 0.029383 0.050747
1 0.710328 0.953683 0.033624 0.053188
1 0.773360 0.939853 0.029387 0.058649
1 0.876810 0.819375 0.032950 0.049136
2 0.312542 0.434169 0.028497 0.045973
2 0.765792 0.641833 0.032055 0.052307
3 0.281381 0.564929 0.032064 0.047592
3 0.725721 0.639455 0.030273 0.057064
4 0.723047 0.522148 0.138921 0.304362
5 0.271378 0.501539 0.150485 0.320210
1 0.224562 0.666678 0.031433 0.060470
1 0.581473 0.877001 0.032041 0.058599
1 0.205500 0.702857 0.024929 0.053935
1 0.229284 0.953318 0.032950 0.047576
1 0.128862 0.743263 0.036508 0.049144
