0 0.650547 0.680302 0.075862 0.138507
0 0.272611 0.703901 0.101244 0.167081
0 0.293744 0.891397 0.087253 0.131485
0 0.640236 0.332706 0.076607 0.106233
1 0.089687 0.823049 0.040966 0.050730
1 0.243975 0.166384 0.030278 0.039631
1 0.263648 0.197420 0.029387 0.034874
1 0.187663 0.494446 0.033836 0.058658
1 0.318332 0.396124 0.025825 0.045973
1 0.287620 0.241565 0.024910 0.044388
1 0.292392 0.389652 0.023313 0.041317
1 0.312088 0.518964 0.027625 0.041183
1 0.515146 0.498108 0.030273 0.053901
1 0.695811 0.781565 0.028492 0.057072
1 0.758643 0.210042 0.027606 0.036460
1 0.769701 0.236569 0.024934 0.042752
1 0.722260 0.409295 0.023153 0.047567
1 0.732844 0.392945 0.024934 0.039614
1 0.728671 0.889228 0.031310 0.055872
1 0.717952 0.945755 0.033624 0.053188
1 0.773360 0.939853 0.029387 0.058649
1 0.882564 0.820587 0.032950 0.049144
2 0.312542 0.434169 0.028497 0.045973
2 0.765792 0.641833 0.032055 0.052307
3 0.280733 0.565315 0.032069 0.047592
3 0.725721 0.639455 0.030273 0.057064
4 0.723779 0.522148 0.139237 0.304362
5 0.271659 0.501539 0.150490 0.320210
1 0.249197 0.727534 0.032926 0.061812
1 0.739863 0.696590 0.029123 0.063834
1 0.236249 0.837789 0.032950 0.053935
1 0.229284 0.953318 0.032950 0.047576
1 0.126072 0.746023 0.036508 0.049144
