1 0.872199 0.145785 0.027602 0.058569
0 0.461445 0.388292 0.100703 0.166250
0 0.423707 0.915007 0.127367 0.169986
0 0.683793 0.185528 0.070398 0.132000
0 0.794180 0.638417 0.111328 0.185111
1 0.351949 0.431910 0.034727 0.060181
1 0.653312 0.532167 0.032078 0.066500
1 0.529133 0.291507 0.032953 0.060153
1 0.543660 0.150118 0.029383 0.050653
1 0.736445 0.127931 0.023156 0.041111
1 0.815176 0.048285 0.023148 0.045903
1 0.936355 0.799174 0.034727 0.066486
1 0.282750 0.183368 0.027609 0.047486
1 0.584621 0.596549 0.032945 0.066486
1 0.515871 0.430465 0.035617 0.066486
2 0.896730 0.622667 0.032055 0.068083
3 0.255594 0.313965 0.028500 0.049069
3 0.789469 0.312778 0.028516 0.045861
4 0.835734 0.435069 0.175422 0.351444
5 0.257375 0.449319 0.174531 0.357778
1 0.465488 0.946396 0.037398 0.064903
1 0.508934 0.990007 0.040070 0.019986
1 0.572504 0.930458 0.046305 0.071250
2 0.510723 0.939326 0.033852 0.068042
