0 0.474220 0.677718 0.079298 0.141007
0 0.525313 0.905747 0.091682 0.145940
0 0.617495 0.910130 0.087253 0.131485
0 0.704350 0.352831 0.074797 0.099874
1 0.086937 0.825063 0.040961 0.050730
1 0.243975 0.162538 0.030278 0.039622
1 0.250646 0.197462 0.029387 0.034874
1 0.189076 0.492873 0.033836 0.058649
1 0.318332 0.396124 0.025825 0.045973
1 0.287620 0.241565 0.024910 0.044388
1 0.294017 0.389656 0.023313 0.041326
1 0.312088 0.518964 0.027625 0.041183
1 0.514008 0.500310 0.030278 0.053893
1 0.521845 0.650046 0.028497 0.057072
1 0.761112 0.211619 0.027606 0.036460
1 0.767000 0.231695 0.024934 0.033289
1 0.682156 0.418372 0.028497 0.047081
1 0.731628 0.390344 0.024934 0.039614
1 0.728089 0.888507 0.032625 0.059379
1 0.720120 0.945755 0.033624 0.053188
1 0.773360 0.939853 0.029387 0.058649
1 0.879340 0.820961 0.032950 0.049136
2 0.312542 0.434169 0.028497 0.045973
2 0.765792 0.641833 0.032055 0.052307
3 0.279020 0.566330 0.032064 0.047592
3 0.725721 0.639455 0.030273 0.057064
4 0.723666 0.522148 0.139463 0.304362
5 0.271805 0.501539 0.150490 0.320210
1 0.567227 0.893096 0.032926 0.061812
1 0.631998 0.738939 0.032950 0.066552
1 0.567825 0.930122 0.032945 0.053935
1 0.229284 0.953318 0.032950 0.047576
1 0.124616 0.747462 0.036508 0.049136
