0 0.355227 0.179042 0.072125 0.099722
0 0.333383 0.844840 0.113984 0.215292
0 0.680074 0.158667 0.064117 0.123472
0 0.792844 0.808937 0.087266 0.193125
1 0.530293 0.428563 0.034727 0.071236
1 0.576012 0.426563 0.033836 0.066486
1 0.527020 0.295271 0.032945 0.060153
1 0.543660 0.150118 0.029383 0.050653
1 0.736445 0.127951 0.023156 0.041153
1 0.816426 0.043847 0.023148 0.045917
1 0.936355 0.799174 0.034727 0.066486
1 0.282750 0.183368 0.027609 0.047486
1 0.584621 0.596549 0.032945 0.066486
1 0.674707 0.429646 0.035617 0.066486
2 0.841293 0.794118 0.032055 0.068069
3 0.317316 0.206354 0.028492 0.049069
3 0.704891 0.129229 0.027609 0.045903
4 0.835734 0.435069 0.175422 0.351444
5 0.256008 0.450125 0.174531 0.357778
1 0.428336 0.439354 0.037406 0.064903
1 0.216223 0.953521 0.040070 0.052236
1 0.568637 0.934076 0.046305 0.071236
2 0.399098 0.895674 0.048977 0.088653
