1 0.221046 0.683066 0.027606 0.049153
0 0.566477 0.900671 0.098355 0.149128
0 0.243862 0.760868 0.108874 0.150680
0 0.276303 0.870688 0.099788 0.157181
0 0.647992 0.844320 0.098907 0.171074
1 0.097938 0.816997 0.040966 0.050721
1 0.243975 0.179270 0.030278 0.039631
1 0.243890 0.211590 0.029383 0.034874
1 0.184470 0.496187 0.033841 0.058649
1 0.318332 0.396124 0.025825 0.045973
1 0.287620 0.241565 0.024910 0.044388
1 0.291774 0.389652 0.023313 0.041317
1 0.312088 0.518964 0.027625 0.041183
1 0.538440 0.714463 0.030273 0.055520
1 0.237785 0.889501 0.033845 0.057072
1 0.756388 0.200294 0.027601 0.042768
1 0.718598 0.412777 0.023153 0.047567
1 0.732844 0.392945 0.024934 0.039614
1 0.723617 0.913842 0.029383 0.050755
1 0.710328 0.953683 0.033624 0.053188
1 0.773360 0.939853 0.029387 0.058649
1 0.879701 0.819375 0.032945 0.049136
2 0.312542 0.434169 0.028497 0.045973
2 0.765792 0.641833 0.032055 0.052307
3 0.281381 0.564929 0.032064 0.047592
3 0.725721 0.639455 0.030273 0.057064
4 0.723047 0.522148 0.138921 0.304362
5 0.271169 0.501539 0.150490 0.320210
1 0.239460 0.644211 0.024943 0.045990
1 0.499166 0.944824 0.033836 0.058591
1 0.229284 0.953318 0.032950 0.047576
1 0.130441 0.741703 0.036508 0.049144
