1 0.874871 0.144604 0.027602 0.058569
0 0.371797 0.214229 0.072125 0.099736
0 0.357094 0.746931 0.113984 0.215278
0 0.680348 0.215028 0.064117 0.123472
0 0.774734 0.715278 0.087266 0.193139
1 0.529789 0.429799 0.034734 0.071236
1 0.575434 0.427104 0.033836 0.066486
1 0.527176 0.294993 0.032945 0.060153
1 0.543660 0.150118 0.029383 0.050653
1 0.736445 0.127951 0.023156 0.041153
1 0.816332 0.044174 0.023148 0.045903
1 0.936355 0.799174 0.034727 0.066486
1 0.282750 0.183368 0.027609 0.047486
1 0.584621 0.596549 0.032945 0.066486
1 0.674535 0.430146 0.035617 0.066486
2 0.892277 0.594174 0.032055 0.068069
3 0.268949 0.249694 0.028492 0.049083
3 0.714195 0.192069 0.028516 0.045917
4 0.835734 0.435069 0.175422 0.351444
5 0.256742 0.449694 0.174531 0.357778
1 0.428332 0.439535 0.037398 0.064903
1 0.217410 0.953521 0.040070 0.052236
1 0.568918 0.933806 0.046305 0.071250
2 0.398914 0.895639 0.048969 0.088639
