1 0.871441 0.146125 0.027602 0.058583
0 0.453727 0.319361 0.070547 0.123333
0 0.502660 0.916215 0.127367 0.167569
0 0.715574 0.159681 0.071289 0.126750
0 0.808570 0.658278 0.089016 0.209000
1 0.351574 0.431910 0.034727 0.060181
1 0.593676 0.538938 0.032070 0.066486
1 0.503590 0.241937 0.032945 0.060153
1 0.543660 0.150118 0.029383 0.050653
1 0.736445 0.127924 0.023156 0.041097
1 0.814848 0.049458 0.023148 0.045917
1 0.936355 0.799174 0.034727 0.066486
1 0.282750 0.183368 0.027609 0.047486
1 0.584621 0.596549 0.032945 0.066486
1 0.509375 0.377285 0.035625 0.066486
2 0.896730 0.622667 0.032055 0.068083
3 0.255594 0.313965 0.028500 0.049069
3 0.790758 0.314417 0.028516 0.045861
4 0.835734 0.435069 0.175422 0.351444
5 0.257375 0.449319 0.174531 0.357778
1 0.634043 0.974785 0.037398 0.050431
1 0.680004 0.978569 0.042758 0.037806
1 0.728434 0.970035 0.046305 0.050431
2 0.584191 0.863340 0.033852 0.068042
