0 0.389390 0.688872 0.094425 0.156888
0 0.257205 0.847911 0.099387 0.161208
0 0.537825 0.891514 0.090844 0.147374
0 0.704350 0.348993 0.074797 0.099866
1 0.084222 0.827051 0.040961 0.050730
1 0.243975 0.158742 0.030278 0.039631
1 0.245980 0.195197 0.029387 0.034874
1 0.190469 0.491326 0.033841 0.058658
1 0.318332 0.396124 0.025825 0.045973
1 0.287620 0.241565 0.024910 0.044388
1 0.290547 0.386657 0.023139 0.042794
1 0.299623 0.479333 0.027625 0.041183
1 0.513864 0.501116 0.030273 0.053893
1 0.518513 0.638834 0.028497 0.057064
1 0.760386 0.207869 0.027606 0.036460
1 0.764456 0.232450 0.024934 0.033289
1 0.682696 0.400143 0.028492 0.043238
1 0.729508 0.385810 0.024934 0.039622
1 0.727422 0.897668 0.032950 0.060235
1 0.717081 0.948641 0.032059 0.057064
1 0.773360 0.939853 0.029387 0.058649
1 0.872041 0.822580 0.032950 0.049136
2 0.312542 0.434169 0.028497 0.045973
2 0.765792 0.641833 0.032055 0.052307
3 0.278263 0.569685 0.032069 0.047592
3 0.725721 0.639455 0.030273 0.057064
4 0.723553 0.522148 0.139689 0.304362
5 0.271951 0.501539 0.150490 0.320210
1 0.274705 0.884908 0.032926 0.061812
1 0.317269 0.897613 0.030278 0.066552
1 0.298466 0.942399 0.032945 0.055503
1 0.229284 0.953318 0.032950 0.047576
1 0.123179 0.748880 0.036508 0.049136
