0 0.628996 0.869581 0.098897 0.177483
0 0.256838 0.681162 0.092008 0.135059
0 0.274293 0.859044 0.097022 0.168356
0 0.642330 0.715663 0.093897 0.154228
1 0.095514 0.818775 0.040961 0.050721
1 0.243975 0.174534 0.030278 0.039622
1 0.245236 0.206204 0.029387 0.034874
1 0.184670 0.497777 0.033836 0.058658
1 0.318332 0.396124 0.025825 0.045973
1 0.287620 0.241565 0.024910 0.044388
1 0.291774 0.389652 0.023313 0.041317
1 0.312088 0.518964 0.027625 0.041183
1 0.541440 0.707559 0.030278 0.055520
1 0.495902 0.945692 0.033850 0.057072
1 0.755144 0.201959 0.027601 0.042760
1 0.718598 0.412777 0.023153 0.047567
1 0.732844 0.392945 0.024934 0.039614
1 0.720328 0.921321 0.029383 0.050747
1 0.710328 0.953683 0.033624 0.053188
1 0.773360 0.939853 0.029387 0.058649
1 0.877217 0.819375 0.032945 0.049136
2 0.312542 0.434169 0.028497 0.045973
2 0.765792 0.641833 0.032055 0.052307
3 0.281381 0.564929 0.032064 0.047592
3 0.725721 0.639455 0.030273 0.057064
4 0.723047 0.522148 0.138921 0.304362
5 0.271348 0.501539 0.150490 0.320210
1 0.223643 0.664320 0.030763 0.059883
1 0.515410 0.882525 0.033836 0.058591
1 0.206746 0.701615 0.024934 0.053935
1 0.229284 0.953318 0.032950 0.047576
1 0.129159 0.742970 0.036508 0.049144
