0 0.739046 0.789648 0.090014 0.156091
0 0.245511 0.672966 0.092568 0.114253
0 0.243777 0.776883 0.094868 0.132139
0 0.663841 0.516539 0.087314 0.129941
1 0.093860 0.819987 0.040961 0.050730
1 0.243975 0.172223 0.030278 0.039631
1 0.245893 0.203570 0.029383 0.034874
1 0.185518 0.496833 0.033836 0.058649
1 0.318332 0.396124 0.025825 0.045973
1 0.287620 0.241565 0.024910 0.044388
1 0.291774 0.389652 0.023313 0.041317
1 0.312088 0.518964 0.027625 0.041183
1 0.550299 0.677592 0.030278 0.055520
1 0.684505 0.913695 0.028492 0.057072
1 0.753040 0.201426 0.027606 0.042768
1 0.718598 0.412777 0.023153 0.047567
1 0.732844 0.392945 0.024934 0.039614
1 0.715608 0.907567 0.029387 0.050755
1 0.710328 0.953683 0.033624 0.053188
1 0.773360 0.939853 0.029387 0.058649
1 0.876006 0.819375 0.032945 0.049136
2 0.312542 0.434169 0.028497 0.045973
2 0.765792 0.641833 0.032055 0.052307
3 0.281381 0.564929 0.032064 0.047592
3 0.725721 0.639455 0.030273 0.057064
4 0.722203 0.522148 0.138921 0.304362
5 0.271437 0.501539 0.150490 0.320210
1 0.226367 0.671309 0.032743 0.061644
1 0.700351 0.855864 0.032041 0.058591
1 0.229284 0.953318 0.032950 0.047576
1 0.128282 0.743834 0.036508 0.049144
