0 0.640459 0.678121 0.079298 0.141007
0 0.265328 0.786938 0.089496 0.176040
0 0.313339 0.904484 0.087253 0.131485
0 0.679574 0.311921 0.075707 0.096728
1 0.089378 0.823272 0.040961 0.050721
1 0.243975 0.165956 0.030278 0.039631
1 0.265372 0.197332 0.029387 0.034883
1 0.187820 0.494270 0.033841 0.058658
1 0.318332 0.396124 0.025825 0.045973
1 0.287620 0.241565 0.024910 0.044388
1 0.292571 0.389652 0.023313 0.041317
1 0.312088 0.518964 0.027625 0.041183
1 0.514927 0.498482 0.030278 0.053893
1 0.672293 0.688419 0.028497 0.057072
1 0.758968 0.210302 0.027606 0.036460
1 0.769380 0.235201 0.024934 0.040302
1 0.722912 0.408674 0.023148 0.047567
1 0.732844 0.392945 0.024934 0.039614
1 0.728605 0.889148 0.031451 0.056267
1 0.718193 0.945755 0.033624 0.053188
1 0.773360 0.939853 0.029387 0.058649
1 0.883108 0.820684 0.032945 0.049136
2 0.312542 0.434169 0.028497 0.045973
2 0.765792 0.641833 0.032055 0.052307
3 0.280542 0.565432 0.032064 0.047592
3 0.725721 0.639455 0.030273 0.057064
4 0.723765 0.522148 0.139265 0.304362
5 0.271675 0.501539 0.150485 0.320210
1 0.261944 0.833649 0.032926 0.061812
1 0.691289 0.653477 0.028497 0.064958
1 0.260054 0.910696 0.032945 0.053926
1 0.229284 0.953318 0.032950 0.047576
1 0.125910 0.746183 0.036513 0.049144
