1 0.872082 0.145840 0.027602 0.058569
0 0.478398 0.346826 0.099453 0.161208
0 0.433203 0.915312 0.127359 0.169375
0 0.679824 0.158306 0.065070 0.126750
0 0.790695 0.644417 0.105141 0.185111
1 0.351891 0.431910 0.034719 0.060181
1 0.643457 0.539556 0.032070 0.066500
1 0.529223 0.291354 0.032945 0.060153
1 0.543660 0.150118 0.029383 0.050653
1 0.736445 0.127931 0.023156 0.041111
1 0.815121 0.048479 0.023148 0.045903
1 0.936355 0.799174 0.034727 0.066486
1 0.282750 0.183368 0.027609 0.047486
1 0.584621 0.596549 0.032945 0.066486
1 0.497777 0.433236 0.035617 0.066500
2 0.896730 0.622667 0.032055 0.068083
3 0.255594 0.313965 0.028500 0.049069
3 0.789672 0.313035 0.028516 0.045875
4 0.835734 0.435069 0.175422 0.351444
5 0.257375 0.449319 0.174531 0.357778
1 0.476684 0.940063 0.037398 0.064903
1 0.522328 0.984632 0.041516 0.030736
1 0.571340 0.925187 0.046305 0.071236
2 0.514285 0.930889 0.033852 0.068056
