0 0.706098 0.716741 0.093572 0.134723
0 0.270403 0.683964 0.092568 0.114253
0 0.265262 0.848268 0.100646 0.167810
0 0.655660 0.547542 0.078407 0.144279
1 0.093073 0.820566 0.040961 0.050730
1 0.243975 0.171116 0.030278 0.039631
1 0.246206 0.202311 0.029387 0.034874
1 0.185924 0.496380 0.033836 0.058649
1 0.318332 0.396124 0.025825 0.045973
1 0.287620 0.241565 0.024910 0.044388
1 0.291774 0.389652 0.023313 0.041317
1 0.312088 0.518964 0.027625 0.041183
1 0.540950 0.708826 0.030278 0.055520
1 0.691939 0.909513 0.028497 0.057064
1 0.752041 0.201170 0.027606 0.042760
1 0.766609 0.228389 0.023002 0.030721
1 0.718598 0.412777 0.023153 0.047567
1 0.732844 0.392945 0.024934 0.039614
1 0.725061 0.897802 0.029689 0.051560
1 0.715280 0.945755 0.033624 0.053188
1 0.773360 0.939853 0.029387 0.058649
1 0.876581 0.819522 0.032945 0.049144
2 0.312542 0.434169 0.028497 0.045973
2 0.765792 0.641833 0.032055 0.052307
3 0.281381 0.564929 0.032064 0.047592
3 0.725721 0.639455 0.030273 0.057064
4 0.723918 0.522148 0.138959 0.304362
5 0.271480 0.501539 0.150490 0.320210
1 0.241393 0.686695 0.032926 0.061812
1 0.756345 0.848582 0.032041 0.058591
1 0.227368 0.736791 0.032945 0.053935
1 0.229284 0.953318 0.032950 0.047576
1 0.127865 0.744249 0.036513 0.049136
