1 0.417460 0.602462 0.024062 0.049153
1 0.086998 0.369094 0.032931 0.057064
1 0.082208 0.441036 0.035622 0.061820
0 0.442147 0.892420 0.089119 0.152156
0 0.439767 0.584916 0.097846 0.148305
0 0.341506 0.794870 0.091107 0.162827
0 0.550895 0.891032 0.098907 0.171074
1 0.097938 0.816997 0.040966 0.050721
1 0.243975 0.180533 0.030278 0.039622
1 0.243530 0.213029 0.029387 0.034883
1 0.187311 0.488087 0.033841 0.058658
1 0.318332 0.396124 0.025825 0.045973
1 0.287620 0.241565 0.024910 0.044388
1 0.291774 0.389652 0.023313 0.041317
1 0.312088 0.518964 0.027625 0.041183
1 0.538723 0.720554 0.030273 0.055520
1 0.325398 0.786401 0.033850 0.057064
1 0.756442 0.207500 0.027606 0.042768
1 0.718598 0.412777 0.023153 0.047567
1 0.732844 0.392945 0.024934 0.039614
1 0.724385 0.921607 0.029383 0.050747
1 0.710328 0.953683 0.033624 0.053188
1 0.773360 0.939853 0.029387 0.058649
1 0.881619 0.819375 0.032945 0.049136
2 0.312542 0.434169 0.028497 0.045973
2 0.765792 0.641833 0.032055 0.052307
3 0.281381 0.564929 0.032064 0.047592
3 0.725721 0.639455 0.030273 0.057064
4 0.723047 0.522148 0.138921 0.304362
5 0.271136 0.501539 0.150490 0.320210
1 0.241298 0.645029 0.024943 0.045982
1 0.375231 0.925696 0.033836 0.058591
1 0.229284 0.953318 0.032950 0.047576
1 0.130441 0.741703 0.036508 0.049144
