0 0.746984 0.771812 0.093582 0.163221
0 0.256732 0.674077 0.092568 0.114262
0 0.236232 0.791552 0.103822 0.151930
0 0.669757 0.503742 0.087319 0.129950
1 0.093591 0.820185 0.040961 0.050721
1 0.243975 0.171846 0.030278 0.039631
1 0.245999 0.203142 0.029387 0.034874
1 0.185657 0.496678 0.033841 0.058658
1 0.318332 0.396124 0.025825 0.045973
1 0.287620 0.241565 0.024910 0.044388
1 0.291774 0.389652 0.023313 0.041317
1 0.312088 0.518964 0.027625 0.041183
1 0.549112 0.678838 0.030278 0.055512
1 0.691164 0.910344 0.028492 0.057064
1 0.752700 0.201338 0.027606 0.042760
1 0.765457 0.226149 0.020697 0.026242
1 0.718598 0.412777 0.023153 0.047567
1 0.732844 0.392945 0.024934 0.039614
1 0.723051 0.901716 0.029439 0.050898
1 0.714873 0.945755 0.033629 0.053188
1 0.773360 0.939853 0.029387 0.058649
1 0.875808 0.819375 0.032945 0.049136
2 0.312542 0.434169 0.028497 0.045973
2 0.765792 0.641833 0.032055 0.052307
3 0.281381 0.564929 0.032064 0.047592
3 0.725721 0.639455 0.030273 0.057064
4 0.723556 0.522148 0.138921 0.304362
5 0.271451 0.501539 0.150490 0.320210
1 0.232557 0.678301 0.032926 0.061820
1 0.746506 0.859035 0.032041 0.058591
1 0.204354 0.723993 0.031159 0.053926
1 0.229284 0.953318 0.032950 0.047576
1 0.128141 0.743977 0.036508 0.049144
