0 0.354582 0.179229 0.072133 0.099736
0 0.329563 0.862868 0.113984 0.215292
0 0.679754 0.155049 0.064117 0.123486
0 0.791297 0.813743 0.087266 0.193125
1 0.530762 0.427424 0.034727 0.071236
1 0.576551 0.426049 0.033836 0.066486
1 0.526871 0.295521 0.032945 0.060153
1 0.543660 0.150118 0.029383 0.050653
1 0.736445 0.127958 0.023156 0.041167
1 0.816512 0.043542 0.023148 0.045917
1 0.936355 0.799174 0.034727 0.066486
1 0.282750 0.183368 0.027609 0.047486
1 0.584621 0.596549 0.032945 0.066486
1 0.674859 0.429174 0.035625 0.066486
2 0.839098 0.796340 0.032055 0.068069
3 0.318559 0.205507 0.028492 0.049069
3 0.702086 0.124861 0.027609 0.045917
4 0.835734 0.435069 0.175422 0.351444
5 0.255328 0.450528 0.174531 0.357778
1 0.428340 0.439188 0.037398 0.064903
1 0.215117 0.953521 0.040078 0.052236
1 0.568371 0.934312 0.046305 0.071236
2 0.399262 0.895715 0.048977 0.088653
