0 0.278011 0.707546 0.085419 0.136737
0 0.258676 0.866158 0.096136 0.155369
0 0.392158 0.910680 0.089925 0.113826
0 0.704350 0.347768 0.074797 0.099866
1 0.083360 0.827685 0.040961 0.050721
1 0.243975 0.157534 0.030278 0.039631
1 0.244491 0.194476 0.029387 0.034874
1 0.187552 0.478796 0.033841 0.058649
1 0.318332 0.396124 0.025825 0.045973
1 0.287620 0.241565 0.024910 0.044388
1 0.280898 0.391942 0.023134 0.042794
1 0.261654 0.501451 0.027625 0.041191
1 0.513820 0.501372 0.030278 0.053901
1 0.516183 0.639211 0.028492 0.057064
1 0.760153 0.206669 0.027601 0.036460
1 0.763645 0.232693 0.024934 0.033289
1 0.682868 0.394325 0.028497 0.042005
1 0.728829 0.384367 0.024934 0.039622
1 0.727201 0.901632 0.032950 0.060243
1 0.714755 0.949564 0.032055 0.057064
1 0.773360 0.939853 0.029387 0.058649
1 0.873765 0.826418 0.032950 0.049144
2 0.312582 0.430562 0.028492 0.045973
2 0.765792 0.641833 0.032055 0.052307
3 0.280931 0.561200 0.034727 0.055487
3 0.725721 0.639455 0.030273 0.057064
4 0.723518 0.522148 0.139760 0.304362
5 0.271998 0.501539 0.150490 0.320210
1 0.280339 0.903662 0.034430 0.061820
1 0.313254 0.905772 0.030278 0.052315
1 0.291883 0.949501 0.032945 0.042290
1 0.227898 0.953012 0.031913 0.048809
1 0.122721 0.749337 0.036508 0.049144
