0 0.605935 0.719367 0.072201 0.159790
0 0.268207 0.696657 0.096103 0.141166
0 0.316100 0.883972 0.091730 0.167089
0 0.551654 0.517370 0.072158 0.137911
1 0.090820 0.822215 0.040961 0.050721
1 0.243975 0.167970 0.030278 0.039631
1 0.247368 0.198737 0.029383 0.034874
1 0.187081 0.495096 0.033841 0.058649
1 0.318332 0.396124 0.025825 0.045973
1 0.287620 0.241565 0.024910 0.044388
1 0.291774 0.389652 0.023313 0.041317
1 0.312088 0.518964 0.027625 0.041183
1 0.516609 0.599295 0.030278 0.053893
1 0.695302 0.905923 0.028492 0.057064
1 0.749529 0.188951 0.027606 0.036460
1 0.778937 0.223691 0.024934 0.039799
1 0.719859 0.411577 0.023148 0.047567
1 0.732844 0.392945 0.024934 0.039614
1 0.728909 0.889522 0.030768 0.054430
1 0.717057 0.945755 0.033624 0.053188
1 0.773360 0.939853 0.029387 0.058649
1 0.880558 0.820227 0.032945 0.049144
2 0.312542 0.434169 0.028497 0.045973
2 0.765792 0.641833 0.032055 0.052307
3 0.281381 0.564929 0.032064 0.047592
3 0.725721 0.639455 0.030273 0.057064
4 0.723827 0.522148 0.139142 0.304362
5 0.271598 0.501539 0.150490 0.320210
1 0.233617 0.714421 0.032926 0.061812
1 0.772924 0.820168 0.032041 0.058591
1 0.206341 0.742261 0.032945 0.053935
1 0.229284 0.953318 0.032950 0.047576
1 0.126673 0.745428 0.036513 0.049144
