0 0.699611 0.806959 0.086442 0.148951
0 0.247246 0.675268 0.092399 0.120520
0 0.276506 0.790596 0.094255 0.150721
0 0.615026 0.601078 0.073690 0.136468
1 0.094397 0.819593 0.040961 0.050730
1 0.243975 0.172978 0.030278 0.039631
1 0.245679 0.204425 0.029387 0.034874
1 0.185243 0.497139 0.033841 0.058658
1 0.318332 0.396124 0.025825 0.045973
1 0.287620 0.241565 0.024910 0.044388
1 0.291774 0.389652 0.023313 0.041317
1 0.312088 0.518964 0.027625 0.041183
1 0.539868 0.703221 0.030273 0.055520
1 0.682830 0.933159 0.028497 0.057072
1 0.753725 0.201598 0.027601 0.042760
1 0.764006 0.223335 0.017795 0.020612
1 0.718598 0.412777 0.023153 0.047567
1 0.732844 0.392945 0.024934 0.039614
1 0.723742 0.911569 0.029387 0.050755
1 0.710328 0.953683 0.033624 0.053188
1 0.773360 0.939853 0.029387 0.058649
1 0.876400 0.819375 0.032950 0.049136
2 0.312542 0.434169 0.028497 0.045973
2 0.765792 0.641833 0.032055 0.052307
3 0.281381 0.564929 0.032064 0.047592
3 0.725721 0.639455 0.030273 0.057064
4 0.722632 0.522148 0.138921 0.304362
5 0.271409 0.501539 0.150490 0.320210
1 0.225478 0.669035 0.032097 0.061074
1 0.611056 0.827508 0.032045 0.058591
1 0.204251 0.704102 0.024929 0.053926
1 0.229284 0.953318 0.032950 0.047576
1 0.128567 0.743557 0.036513 0.049144
