0 0.455436 0.681460 0.079298 0.141007
0 0.585907 0.900394 0.091682 0.145940
0 0.679423 0.906598 0.087253 0.131485
0 0.704350 0.351200 0.074797 0.099866
1 0.085782 0.825910 0.040961 0.050730
1 0.243975 0.160923 0.030278 0.039631
1 0.248659 0.196497 0.029383 0.034874
1 0.189668 0.492215 0.033841 0.058658
1 0.318332 0.396124 0.025825 0.045973
1 0.287620 0.241565 0.024910 0.044388
1 0.294701 0.389656 0.023313 0.041326
1 0.312088 0.518964 0.027625 0.041183
1 0.513947 0.500654 0.030278 0.053893
1 0.522712 0.638154 0.028497 0.057064
1 0.760801 0.210017 0.027606 0.036460
1 0.765919 0.232013 0.024929 0.033289
1 0.682387 0.410612 0.028497 0.045436
1 0.730723 0.388414 0.024934 0.039614
1 0.727823 0.890533 0.032950 0.060243
1 0.721268 0.946984 0.032055 0.057072
1 0.773360 0.939853 0.029387 0.058649
1 0.875393 0.820961 0.032945 0.049136
2 0.312542 0.434169 0.028497 0.045973
2 0.765792 0.641833 0.032055 0.052307
3 0.282012 0.566514 0.032064 0.047592
3 0.725721 0.639455 0.030273 0.057064
4 0.723619 0.522148 0.139557 0.304362
5 0.271866 0.501539 0.150490 0.320210
1 0.609135 0.903943 0.032926 0.061812
1 0.629105 0.858226 0.032950 0.066552
1 0.636228 0.923989 0.032945 0.055512
1 0.229284 0.953318 0.032950 0.047576
1 0.124006 0.748066 0.036513 0.049136
