0 0.605935 0.711837 0.072201 0.144732
0 0.268556 0.696451 0.096103 0.141158
0 0.323313 0.888020 0.091734 0.159010
0 0.556996 0.505482 0.072163 0.137911
1 0.090763 0.822257 0.040961 0.050721
1 0.243975 0.167894 0.030278 0.039631
1 0.248195 0.198670 0.029387 0.034874
1 0.187109 0.495063 0.033841 0.058649
1 0.318332 0.396124 0.025825 0.045973
1 0.287620 0.241565 0.024910 0.044388
1 0.291774 0.389652 0.023313 0.041317
1 0.312088 0.518964 0.027625 0.041183
1 0.514383 0.564421 0.030273 0.053893
1 0.695386 0.905835 0.028492 0.057072
1 0.750156 0.190445 0.027606 0.036460
1 0.778301 0.224715 0.024934 0.040185
1 0.719981 0.411460 0.023148 0.047567
1 0.732844 0.392945 0.024934 0.039614
1 0.728897 0.889509 0.030792 0.054505
1 0.717104 0.945755 0.033624 0.053188
1 0.773360 0.939853 0.029387 0.058649
1 0.880660 0.820247 0.032950 0.049136
2 0.312542 0.434169 0.028497 0.045973
2 0.765792 0.641833 0.032055 0.052307
3 0.281381 0.564929 0.032064 0.047592
3 0.725721 0.639455 0.030273 0.057064
4 0.723824 0.522148 0.139147 0.304362
5 0.271602 0.501539 0.150490 0.320210
1 0.234762 0.712722 0.032926 0.061820
1 0.772924 0.819711 0.032041 0.058599
1 0.206213 0.744299 0.032945 0.053935
1 0.229284 0.953318 0.032950 0.047576
1 0.126642 0.745457 0.036508 0.049136
