0 0.651341 0.679883 0.079298 0.141007
0 0.265829 0.754350 0.102347 0.176049
0 0.300971 0.901841 0.087257 0.131485
0 0.669185 0.313683 0.075702 0.096728
1 0.089477 0.823201 0.040961 0.050730
1 0.243975 0.166091 0.030278 0.039631
1 0.266682 0.197177 0.029387 0.034874
1 0.187771 0.494325 0.033836 0.058649
1 0.318332 0.396124 0.025825 0.045973
1 0.287620 0.241565 0.024910 0.044388
1 0.292514 0.389652 0.023313 0.041317
1 0.312088 0.518964 0.027625 0.041183
1 0.514995 0.498364 0.030273 0.053893
1 0.685648 0.706036 0.028497 0.057072
1 0.758867 0.210218 0.027601 0.036460
1 0.769482 0.235625 0.024929 0.041065
1 0.722707 0.408867 0.023153 0.047567
1 0.732844 0.392945 0.024934 0.039614
1 0.728626 0.889169 0.031409 0.056141
1 0.718117 0.945755 0.033624 0.053188
1 0.773360 0.939853 0.029387 0.058649
1 0.882938 0.820654 0.032945 0.049144
2 0.312542 0.434169 0.028497 0.045973
2 0.765792 0.641833 0.032055 0.052307
3 0.280603 0.565394 0.032064 0.047601
3 0.725721 0.639455 0.030273 0.057064
4 0.723770 0.522148 0.139255 0.304362
5 0.271668 0.501539 0.150490 0.320210
1 0.260459 0.801946 0.032926 0.061812
1 0.710582 0.664044 0.028497 0.064950
1 0.250653 0.877232 0.032945 0.053926
1 0.229284 0.953318 0.032950 0.047576
1 0.125959 0.746133 0.036508 0.049144
