0 0.417055 0.659283 0.094420 0.156888
0 0.297283 0.898360 0.096433 0.151200
0 0.569526 0.883758 0.090844 0.163205
0 0.704350 0.349430 0.074797 0.099866
1 0.084533 0.826825 0.040961 0.050730
1 0.243975 0.159178 0.030278 0.039631
1 0.246508 0.195453 0.029387 0.034883
1 0.190311 0.491497 0.033836 0.058649
1 0.318332 0.396124 0.025825 0.045973
1 0.287620 0.241565 0.024910 0.044388
1 0.292069 0.386607 0.023139 0.042794
1 0.308202 0.488553 0.027620 0.041183
1 0.513881 0.501023 0.030278 0.053893
1 0.519343 0.638700 0.028497 0.057064
1 0.760467 0.208289 0.027606 0.036460
1 0.764746 0.232366 0.024929 0.033289
1 0.682634 0.402211 0.028492 0.043666
1 0.729748 0.386330 0.024934 0.039622
1 0.727502 0.896258 0.032950 0.060235
1 0.717908 0.948314 0.032055 0.057064
1 0.773360 0.939853 0.029387 0.058649
1 0.871428 0.821216 0.032950 0.049144
2 0.312542 0.434169 0.028497 0.045973
2 0.765792 0.641833 0.032055 0.052307
3 0.277373 0.565726 0.032069 0.047592
3 0.725721 0.639455 0.030273 0.057064
4 0.723567 0.522148 0.139661 0.304362
5 0.271932 0.501539 0.150490 0.320210
1 0.329324 0.925596 0.032926 0.061812
1 0.366414 0.905784 0.032950 0.066552
1 0.343860 0.954111 0.032950 0.055503
1 0.229284 0.953318 0.032950 0.047576
1 0.123344 0.748721 0.036508 0.049136
