0 0.420855 0.658343 0.079892 0.142861
0 0.456678 0.902840 0.091687 0.145948
0 0.639187 0.888884 0.090844 0.163205
0 0.704350 0.350273 0.074797 0.099874
1 0.085127 0.826388 0.040961 0.050730
1 0.243975 0.160008 0.030278 0.039631
1 0.247535 0.195952 0.029387 0.034874
1 0.190005 0.491841 0.033836 0.058649
1 0.318332 0.396124 0.025825 0.045973
1 0.287620 0.241565 0.024910 0.044388
1 0.295087 0.389656 0.023313 0.041326
1 0.311242 0.510415 0.027620 0.041183
1 0.513911 0.500847 0.030273 0.053893
1 0.520950 0.638440 0.028497 0.057064
1 0.760627 0.209119 0.027606 0.036460
1 0.765304 0.232198 0.024934 0.033289
1 0.682516 0.406216 0.028492 0.044513
1 0.730214 0.387320 0.024934 0.039622
1 0.727656 0.893528 0.032945 0.060243
1 0.719510 0.947680 0.032055 0.057072
1 0.773360 0.939853 0.029387 0.058649
1 0.873155 0.820961 0.032945 0.049136
2 0.312542 0.434169 0.028497 0.045973
2 0.765792 0.641833 0.032055 0.052307
3 0.282766 0.564799 0.032064 0.047601
3 0.725721 0.639455 0.030273 0.057064
4 0.723591 0.522148 0.139614 0.304362
5 0.271904 0.501539 0.150490 0.320210
1 0.479069 0.911061 0.032926 0.061820
1 0.505476 0.882005 0.032950 0.066560
1 0.505478 0.940633 0.032945 0.055512
1 0.229284 0.953318 0.032950 0.047576
1 0.123659 0.748406 0.036508 0.049144
