0 0.513631 0.672324 0.079298 0.141007
0 0.321239 0.901552 0.091687 0.145940
0 0.415057 0.905013 0.087257 0.131485
0 0.693523 0.321988 0.075707 0.096728
1 0.088572 0.823863 0.040961 0.050730
1 0.243975 0.164824 0.030278 0.039631
1 0.254373 0.198637 0.029387 0.034874
1 0.188235 0.493809 0.033841 0.058658
1 0.318332 0.396124 0.025825 0.045973
1 0.287620 0.241565 0.024910 0.044388
1 0.293051 0.389652 0.023313 0.041317
1 0.312088 0.518964 0.027625 0.041183
1 0.514350 0.499467 0.030273 0.053901
1 0.569208 0.673398 0.028492 0.057064
1 0.759819 0.210973 0.027601 0.036460
1 0.768544 0.231602 0.024929 0.033893
1 0.719442 0.415025 0.023153 0.047567
1 0.732844 0.392945 0.024934 0.039614
1 0.728433 0.888935 0.031843 0.057299
1 0.718831 0.945755 0.033629 0.053188
1 0.773360 0.939853 0.029387 0.058649
1 0.884533 0.820940 0.032950 0.049144
2 0.312542 0.434169 0.028497 0.045973
2 0.765792 0.641833 0.032055 0.052307
3 0.280038 0.565726 0.032064 0.047592
3 0.725721 0.639455 0.030273 0.057064
4 0.723732 0.522148 0.139331 0.304362
5 0.271720 0.501539 0.150490 0.320210
1 0.360455 0.879899 0.032926 0.061812
1 0.627111 0.677513 0.032950 0.066552
1 0.358245 0.937747 0.032945 0.053935
1 0.229284 0.953318 0.032950 0.047576
1 0.125483 0.746607 0.036508 0.049136
