0 0.626550 0.715289 0.089717 0.134723
0 0.257149 0.676674 0.092564 0.114253
0 0.252000 0.792475 0.077507 0.166191
0 0.635686 0.599367 0.086404 0.130025
1 0.092111 0.821271 0.040961 0.050730
1 0.243975 0.169773 0.030278 0.039631
1 0.246588 0.200784 0.029387 0.034874
1 0.186418 0.495831 0.033836 0.058658
1 0.318332 0.396124 0.025825 0.045973
1 0.287620 0.241565 0.024910 0.044388
1 0.291774 0.389652 0.023313 0.041317
1 0.312088 0.518964 0.027625 0.041183
1 0.550068 0.767651 0.030278 0.053893
1 0.693377 0.907982 0.028497 0.057072
1 0.745415 0.196477 0.027606 0.042768
1 0.768744 0.232529 0.027271 0.039002
1 0.718598 0.412777 0.023153 0.047567
1 0.732844 0.392945 0.024934 0.039614
1 0.728789 0.890562 0.030151 0.052785
1 0.716039 0.945755 0.033624 0.053188
1 0.773360 0.939853 0.029387 0.058649
1 0.878280 0.819824 0.032950 0.049144
2 0.312542 0.434169 0.028497 0.045973
2 0.765792 0.641833 0.032055 0.052307
3 0.281381 0.564929 0.032064 0.047592
3 0.725721 0.639455 0.030273 0.057064
4 0.723878 0.522148 0.139039 0.304362
5 0.271532 0.501539 0.150490 0.320210
1 0.234786 0.675134 0.032926 0.061812
1 0.768188 0.833406 0.032041 0.058591
1 0.214420 0.699685 0.032950 0.053935
1 0.229284 0.953318 0.032950 0.047576
1 0.127354 0.744753 0.036508 0.049136
