1 0.871520 0.146090 0.027602 0.058569
0 0.474348 0.305903 0.090992 0.131250
0 0.502660 0.916215 0.127367 0.167569
0 0.695164 0.145542 0.065078 0.126750
0 0.802016 0.691104 0.101234 0.209736
1 0.351613 0.431910 0.034727 0.060181
1 0.591352 0.539278 0.032078 0.066500
1 0.516945 0.278354 0.032953 0.060153
1 0.543660 0.150118 0.029383 0.050653
1 0.736445 0.127924 0.023156 0.041097
1 0.814879 0.049340 0.023148 0.045903
1 0.936355 0.799174 0.034727 0.066486
1 0.282750 0.183368 0.027609 0.047486
1 0.584621 0.596549 0.032945 0.066486
1 0.513113 0.386951 0.035617 0.066486
2 0.896730 0.622667 0.032055 0.068083
3 0.255594 0.313965 0.028500 0.049069
3 0.790633 0.314257 0.028516 0.045875
4 0.835734 0.435069 0.175422 0.351444
5 0.257375 0.449319 0.174531 0.357778
1 0.634785 0.961021 0.037398 0.062486
1 0.667887 0.981097 0.042758 0.037806
1 0.709957 0.974785 0.046305 0.050431
2 0.584191 0.863340 0.033852 0.068042
