0 0.634420 0.693347 0.084647 0.148960
0 0.250243 0.682999 0.096103 0.125277
0 0.309875 0.901841 0.087253 0.131485
0 0.604182 0.350143 0.065057 0.106242
1 0.089958 0.822848 0.040961 0.050730
1 0.243975 0.166762 0.030278 0.039631
1 0.259783 0.197735 0.029387 0.034883
1 0.187524 0.494602 0.033841 0.058649
1 0.318332 0.396124 0.025825 0.045973
1 0.287620 0.241565 0.024910 0.044388
1 0.292231 0.389652 0.023313 0.041317
1 0.312088 0.518964 0.027625 0.041183
1 0.515337 0.497777 0.030278 0.053893
1 0.701678 0.889920 0.028492 0.057072
1 0.758360 0.209815 0.027606 0.036460
1 0.769979 0.237768 0.024934 0.044883
1 0.721692 0.409841 0.023148 0.047567
1 0.732844 0.392945 0.024934 0.039614
1 0.728728 0.889299 0.031178 0.055529
1 0.717740 0.945755 0.033624 0.053188
1 0.773360 0.939853 0.029387 0.058649
1 0.882088 0.820503 0.032950 0.049144
2 0.312542 0.434169 0.028497 0.045973
2 0.765792 0.641833 0.032055 0.052307
3 0.280900 0.565214 0.032064 0.047592
3 0.725721 0.639455 0.030273 0.057064
4 0.723789 0.522148 0.139218 0.304362
5 0.271645 0.501539 0.150490 0.320210
1 0.225728 0.690982 0.032926 0.061812
1 0.768471 0.744899 0.032041 0.058591
1 0.223049 0.786875 0.032950 0.053935
1 0.229284 0.953318 0.032950 0.047576
1 0.126213 0.745881 0.036508 0.049144
