0 0.478801 0.670789 0.079298 0.141007
0 0.369378 0.904304 0.091687 0.145940
0 0.463796 0.906737 0.087253 0.131477
0 0.690148 0.304182 0.075622 0.111435
1 0.087879 0.824375 0.040961 0.050730
1 0.243975 0.163859 0.030278 0.039631
1 0.252267 0.198251 0.029387 0.034874
1 0.188591 0.493410 0.033836 0.058649
1 0.318332 0.396124 0.025825 0.045973
1 0.287620 0.241565 0.024910 0.044388
1 0.293461 0.389656 0.023313 0.041326
1 0.312088 0.518964 0.027625 0.041183
1 0.514057 0.500029 0.030273 0.053901
1 0.515964 0.668595 0.028497 0.057072
1 0.760549 0.211552 0.027601 0.036460
1 0.767886 0.231435 0.024934 0.033289
1 0.718384 0.447617 0.025862 0.047567
1 0.732363 0.391917 0.024934 0.039622
1 0.728287 0.888754 0.032172 0.058180
1 0.719376 0.945755 0.033624 0.053188
1 0.773360 0.939853 0.029387 0.058649
1 0.882566 0.820961 0.032945 0.049136
2 0.312542 0.434169 0.028497 0.045973
2 0.765792 0.641833 0.032055 0.052307
3 0.279609 0.565986 0.032064 0.047592
3 0.725721 0.639455 0.030273 0.057064
4 0.723704 0.522148 0.139387 0.304362
5 0.271755 0.501539 0.150485 0.320210
1 0.409036 0.880789 0.032926 0.061812
1 0.652045 0.682173 0.032950 0.066560
1 0.408216 0.938494 0.032945 0.053935
1 0.229284 0.953318 0.032950 0.047576
1 0.125115 0.746967 0.036508 0.049136
