0 0.610961 0.712584 0.082253 0.146225
0 0.262248 0.690780 0.096107 0.135017
0 0.328122 0.892009 0.098921 0.156200
0 0.577095 0.413062 0.066423 0.112332
1 0.090320 0.822580 0.040961 0.050730
1 0.243975 0.167273 0.030278 0.039631
1 0.254543 0.198159 0.029387 0.034874
1 0.187337 0.494807 0.033836 0.058658
1 0.318332 0.396124 0.025825 0.045973
1 0.287620 0.241565 0.024910 0.044388
1 0.292015 0.389652 0.023313 0.041317
1 0.312088 0.518964 0.027625 0.041183
1 0.515598 0.497332 0.030273 0.053893
1 0.700497 0.906510 0.031795 0.057064
1 0.754958 0.201837 0.027606 0.036460
1 0.773428 0.232563 0.024934 0.043230
1 0.720919 0.410570 0.023148 0.047567
1 0.732844 0.392945 0.024934 0.039614
1 0.728805 0.889396 0.031004 0.055067
1 0.717453 0.945755 0.033624 0.053188
1 0.773360 0.939853 0.029387 0.058649
1 0.881442 0.820386 0.032950 0.049144
2 0.312542 0.434169 0.028497 0.045973
2 0.765792 0.641833 0.032055 0.052307
3 0.281129 0.565080 0.032069 0.047592
3 0.725721 0.639455 0.030273 0.057064
4 0.723805 0.522148 0.139185 0.304362
5 0.271626 0.501539 0.150490 0.320210
1 0.230384 0.700772 0.032926 0.061812
1 0.780115 0.793800 0.032041 0.058591
1 0.209727 0.749501 0.032950 0.053935
1 0.229284 0.953318 0.032950 0.047576
1 0.126407 0.745688 0.036508 0.049144
