1 0.874840 0.144618 0.027602 0.058569
0 0.383375 0.223729 0.072125 0.099736
0 0.366000 0.712104 0.113984 0.215292
0 0.678922 0.225792 0.064109 0.123472
0 0.764051 0.686778 0.087273 0.193139
1 0.529715 0.429972 0.034727 0.071250
1 0.575348 0.427187 0.033836 0.066486
1 0.527199 0.294951 0.032945 0.060153
1 0.543660 0.150118 0.029383 0.050653
1 0.736445 0.127951 0.023156 0.041153
1 0.816320 0.044222 0.023156 0.045917
1 0.936355 0.799174 0.034727 0.066486
1 0.282750 0.183368 0.027609 0.047486
1 0.584621 0.596549 0.032945 0.066486
1 0.674512 0.430215 0.035617 0.066486
2 0.892945 0.598132 0.032062 0.068069
3 0.267168 0.255396 0.028492 0.049069
3 0.721320 0.225312 0.028516 0.045903
4 0.835734 0.435069 0.175422 0.351444
5 0.256848 0.449632 0.174539 0.357764
1 0.428332 0.439563 0.037398 0.064903
1 0.217574 0.953521 0.040070 0.052236
1 0.568965 0.933771 0.046305 0.071236
2 0.398887 0.895632 0.048977 0.088653
