0 0.612959 0.753670 0.073789 0.163213
0 0.253136 0.703226 0.096103 0.141166
0 0.275365 0.839178 0.087733 0.175772
0 0.544083 0.560961 0.072163 0.137911
1 0.091110 0.822001 0.040966 0.050730
1 0.243975 0.168372 0.030278 0.039631
1 0.246984 0.199190 0.029387 0.034874
1 0.186932 0.495260 0.033836 0.058658
1 0.318332 0.396124 0.025825 0.045973
1 0.287620 0.241565 0.024910 0.044388
1 0.291774 0.389652 0.023313 0.041317
1 0.312088 0.518964 0.027625 0.041183
1 0.524920 0.659664 0.030273 0.053893
1 0.694870 0.906384 0.028497 0.057064
1 0.760693 0.191091 0.027606 0.049094
1 0.779149 0.227047 0.024934 0.039664
1 0.719251 0.412156 0.023148 0.047567
1 0.732844 0.392945 0.024934 0.039614
1 0.728970 0.889597 0.030627 0.054060
1 0.716831 0.945755 0.033624 0.053188
1 0.773360 0.939853 0.029387 0.058649
1 0.880049 0.820138 0.032945 0.049136
2 0.312542 0.434169 0.028497 0.045973
2 0.765792 0.641833 0.032055 0.052307
3 0.281381 0.564929 0.032064 0.047592
3 0.725721 0.639455 0.030273 0.057064
4 0.723838 0.522148 0.139119 0.304362
5 0.271583 0.501539 0.150490 0.320210
1 0.225983 0.717479 0.032926 0.061820
1 0.772924 0.822454 0.032041 0.058599
1 0.206977 0.732072 0.032945 0.053926
1 0.229284 0.953318 0.032950 0.047576
1 0.126826 0.745277 0.036508 0.049144
