0 0.638603 0.711430 0.093577 0.134723
0 0.260627 0.678888 0.092564 0.114253
0 0.259442 0.821137 0.077507 0.166183
0 0.640700 0.580973 0.086404 0.145453
1 0.092342 0.821103 0.040961 0.050730
1 0.243975 0.170092 0.030278 0.039631
1 0.246496 0.201154 0.029383 0.034874
1 0.186298 0.495965 0.033841 0.058658
1 0.318332 0.396124 0.025825 0.045973
1 0.287620 0.241565 0.024910 0.044388
1 0.291774 0.389652 0.023313 0.041317
1 0.312088 0.518964 0.027625 0.041183
1 0.547663 0.758586 0.030273 0.053901
1 0.693033 0.908347 0.028497 0.057064
1 0.747059 0.197647 0.027606 0.042760
1 0.768233 0.231535 0.026249 0.037013
1 0.718598 0.412777 0.023153 0.047567
1 0.732844 0.392945 0.024934 0.039614
1 0.727893 0.892299 0.030038 0.052483
1 0.715860 0.945755 0.033624 0.053188
1 0.773360 0.939853 0.029387 0.058649
1 0.877872 0.819748 0.032945 0.049144
2 0.312542 0.434169 0.028497 0.045973
2 0.765792 0.641833 0.032055 0.052307
3 0.281381 0.564929 0.032064 0.047592
3 0.725721 0.639455 0.030273 0.057064
4 0.723888 0.522148 0.139020 0.304362
5 0.271517 0.501539 0.150490 0.320210
1 0.240502 0.681284 0.032926 0.061812
1 0.765346 0.837047 0.032041 0.058591
1 0.216631 0.699685 0.032950 0.053935
1 0.229284 0.953318 0.032950 0.047576
1 0.127476 0.744631 0.036508 0.049144
