1 0.874371 0.144826 0.027602 0.058569
0 0.494250 0.393139 0.080172 0.112417
0 0.406883 0.506979 0.097094 0.189958
0 0.670562 0.349139 0.069437 0.146583
0 0.694285 0.518153 0.081055 0.180528
1 0.530434 0.430285 0.034727 0.071236
1 0.574059 0.428410 0.033836 0.066486
1 0.527543 0.294340 0.032945 0.060153
1 0.543660 0.150118 0.029383 0.050653
1 0.736445 0.127944 0.023156 0.041139
1 0.816117 0.044944 0.023156 0.045917
1 0.936355 0.799174 0.034727 0.066486
1 0.282750 0.183368 0.027609 0.047486
1 0.584621 0.596549 0.032945 0.066486
1 0.668770 0.396285 0.035617 0.066486
2 0.899020 0.622667 0.032055 0.068083
3 0.255594 0.313965 0.028500 0.049069
3 0.785766 0.308076 0.028516 0.045875
4 0.835734 0.435069 0.175422 0.351444
5 0.257375 0.449319 0.174531 0.357778
1 0.426027 0.457708 0.037398 0.064917
1 0.220207 0.953521 0.040070 0.052236
1 0.569590 0.933174 0.046305 0.071236
2 0.398488 0.895549 0.048977 0.088653
