0 0.495295 0.671351 0.079298 0.141007
0 0.328181 0.904161 0.091687 0.145940
0 0.422934 0.905612 0.087253 0.131477
0 0.692090 0.314178 0.075707 0.102735
1 0.088282 0.824077 0.040966 0.050721
1 0.243975 0.164421 0.030278 0.039631
1 0.252962 0.198586 0.029383 0.034874
1 0.188384 0.493645 0.033836 0.058649
1 0.318332 0.396124 0.025825 0.045973
1 0.287620 0.241565 0.024910 0.044388
1 0.293221 0.389656 0.023313 0.041326
1 0.312088 0.518964 0.027625 0.041183
1 0.514142 0.499820 0.030273 0.053901
1 0.546520 0.670558 0.028497 0.057072
1 0.760123 0.211216 0.027606 0.036460
1 0.768266 0.231317 0.024929 0.033289
1 0.727163 0.423532 0.024081 0.047567
1 0.732679 0.392592 0.024934 0.039614
1 0.728374 0.888859 0.031979 0.057668
1 0.719060 0.945755 0.033624 0.053188
1 0.773360 0.939853 0.029387 0.058649
1 0.883947 0.820961 0.032945 0.049136
2 0.312542 0.434169 0.028497 0.045973
2 0.765792 0.641833 0.032055 0.052307
3 0.279859 0.565835 0.032064 0.047592
3 0.725721 0.639455 0.030273 0.057064
4 0.723721 0.522148 0.139354 0.304362
5 0.271734 0.501539 0.150490 0.320210
1 0.369456 0.885780 0.032926 0.061812
1 0.638713 0.670482 0.032950 0.066552
1 0.368617 0.939266 0.032945 0.053935
1 0.229284 0.953318 0.032950 0.047576
1 0.125328 0.746758 0.036508 0.049136
