0 0.553706 0.673876 0.079298 0.141007
0 0.302901 0.886439 0.089015 0.152391
0 0.389828 0.906028 0.087253 0.131485
0 0.691150 0.317156 0.075702 0.096728
1 0.088878 0.823637 0.040961 0.050730
1 0.243975 0.165252 0.030278 0.039631
1 0.258563 0.198142 0.029387 0.034874
1 0.188077 0.493985 0.033836 0.058658
1 0.318332 0.396124 0.025825 0.045973
1 0.287620 0.241565 0.024910 0.044388
1 0.292868 0.389652 0.023313 0.041317
1 0.312088 0.518964 0.027625 0.041183
1 0.514569 0.499094 0.030278 0.053893
1 0.589098 0.679652 0.028497 0.057072
1 0.759496 0.210721 0.027606 0.036460
1 0.768862 0.232970 0.024934 0.036342
1 0.717771 0.407676 0.023148 0.047567
1 0.732844 0.392945 0.024934 0.039614
1 0.728499 0.889014 0.031692 0.056904
1 0.718589 0.945755 0.033624 0.053188
1 0.773360 0.939853 0.029387 0.058649
1 0.883992 0.820839 0.032950 0.049144
2 0.312542 0.434169 0.028497 0.045973
2 0.765792 0.641833 0.032055 0.052307
3 0.280231 0.565617 0.032064 0.047592
3 0.725721 0.639455 0.030273 0.057064
4 0.723746 0.522148 0.139303 0.304362
5 0.271701 0.501539 0.150490 0.320210
1 0.336148 0.889362 0.032926 0.061812
1 0.620483 0.672248 0.031993 0.066208
1 0.335059 0.945847 0.032945 0.053926
1 0.229284 0.953318 0.032950 0.047576
1 0.125643 0.746443 0.036508 0.049144
