0 0.603862 0.725839 0.086442 0.150537
0 0.247434 0.681330 0.093577 0.121938
0 0.247545 0.788427 0.079585 0.160411
0 0.578961 0.590558 0.072163 0.137911
1 0.091456 0.821749 0.040961 0.050730
1 0.243975 0.168859 0.030278 0.039631
1 0.246847 0.199744 0.029387 0.034874
1 0.186753 0.495457 0.033836 0.058649
1 0.318332 0.396124 0.025825 0.045973
1 0.287620 0.241565 0.024910 0.044388
1 0.291774 0.389652 0.023313 0.041317
1 0.312088 0.518964 0.027625 0.041183
1 0.532785 0.706032 0.030273 0.053893
1 0.694352 0.906938 0.028497 0.057064
1 0.746866 0.198314 0.027606 0.045839
1 0.778822 0.231275 0.025212 0.039664
1 0.718598 0.412777 0.023153 0.047567
1 0.732844 0.392945 0.024934 0.039614
1 0.729043 0.889690 0.030462 0.053624
1 0.716557 0.945755 0.033624 0.053188
1 0.773360 0.939853 0.029387 0.058649
1 0.879437 0.820029 0.032945 0.049136
2 0.312542 0.434169 0.028497 0.045973
2 0.765792 0.641833 0.032055 0.052307
3 0.281381 0.564929 0.032064 0.047592
3 0.725721 0.639455 0.030273 0.057064
4 0.723852 0.522148 0.139090 0.304362
5 0.271565 0.501539 0.150490 0.320210
1 0.224840 0.686451 0.032931 0.061812
1 0.772924 0.825201 0.032041 0.058591
1 0.207740 0.719841 0.032945 0.053926
1 0.229284 0.953318 0.032950 0.047576
1 0.127010 0.745092 0.036508 0.049144
