0 0.463607 0.674841 0.079298 0.141007
0 0.492420 0.905654 0.091682 0.145940
0 0.583042 0.908091 0.087253 0.131485
0 0.703435 0.350151 0.074854 0.100621
1 0.087319 0.824782 0.040961 0.050721
1 0.243975 0.163079 0.030278 0.039631
1 0.251308 0.197781 0.029383 0.034874
1 0.188878 0.493091 0.033836 0.058649
1 0.318332 0.396124 0.025825 0.045973
1 0.287620 0.241565 0.024910 0.044388
1 0.293791 0.389656 0.023313 0.041326
1 0.312088 0.518964 0.027625 0.041183
1 0.514029 0.500197 0.030273 0.053901
1 0.519760 0.659128 0.028492 0.057064
1 0.761136 0.212022 0.027606 0.036460
1 0.767363 0.231586 0.024934 0.033289
1 0.684138 0.425260 0.028322 0.047567
1 0.731927 0.390986 0.024929 0.039622
1 0.728172 0.888607 0.032441 0.058893
1 0.719819 0.945755 0.033624 0.053188
1 0.773360 0.939853 0.029387 0.058649
1 0.880657 0.820961 0.032945 0.049136
2 0.312542 0.434169 0.028497 0.045973
2 0.765792 0.641833 0.032055 0.052307
3 0.279260 0.566187 0.032064 0.047592
3 0.725721 0.639455 0.030273 0.057064
4 0.723680 0.522148 0.139434 0.304362
5 0.271786 0.501539 0.150490 0.320210
1 0.528282 0.876728 0.032926 0.061812
1 0.641414 0.711917 0.032950 0.066552
1 0.528219 0.933087 0.032950 0.053926
1 0.229284 0.953318 0.032950 0.047576
1 0.124819 0.747261 0.036508 0.049136
