0 0.249300 0.730067 0.101522 0.148423
0 0.251805 0.857542 0.075174 0.150839
0 0.342818 0.915847 0.085485 0.106208
0 0.704350 0.347362 0.074797 0.099874
1 0.083068 0.827898 0.040961 0.050730
1 0.243975 0.157131 0.030278 0.039631
1 0.243994 0.194232 0.029383 0.034874
1 0.186338 0.473750 0.033836 0.058658
1 0.318332 0.396124 0.025825 0.045973
1 0.287130 0.242718 0.025891 0.046695
1 0.269642 0.415432 0.025410 0.047408
1 0.250973 0.518532 0.030533 0.046963
1 0.513803 0.501460 0.030273 0.053893
1 0.515405 0.639337 0.028492 0.057064
1 0.760075 0.206267 0.027606 0.036460
1 0.763374 0.232768 0.024929 0.033289
1 0.682924 0.392383 0.028497 0.041594
1 0.728603 0.383884 0.024934 0.039614
1 0.727125 0.902953 0.032950 0.060235
1 0.713977 0.949870 0.032055 0.057072
1 0.773360 0.939853 0.029387 0.058649
1 0.874338 0.827693 0.032945 0.049144
2 0.311166 0.430856 0.028497 0.045973
2 0.765792 0.641833 0.032055 0.052307
3 0.282227 0.570352 0.034727 0.055487
3 0.725721 0.639455 0.030273 0.057064
4 0.723506 0.522148 0.139783 0.304362
5 0.272012 0.501539 0.150490 0.320210
1 0.260196 0.913360 0.034727 0.061820
1 0.304213 0.916820 0.030273 0.052315
1 0.282217 0.949803 0.032945 0.041216
1 0.224932 0.952353 0.029684 0.051435
1 0.122571 0.749488 0.036508 0.049144
