1 0.224434 0.703654 0.027606 0.049153
0 0.566232 0.899983 0.092672 0.150990
0 0.257074 0.766518 0.106598 0.150688
0 0.292901 0.892164 0.099788 0.144111
0 0.647392 0.842659 0.098902 0.171074
1 0.097938 0.816997 0.040966 0.050721
1 0.243975 0.178356 0.030278 0.039631
1 0.244149 0.210549 0.029383 0.034874
1 0.183758 0.498209 0.033841 0.058649
1 0.318332 0.396124 0.025825 0.045973
1 0.287620 0.241565 0.024910 0.044388
1 0.291774 0.389652 0.023313 0.041317
1 0.312088 0.518964 0.027625 0.041183
1 0.538546 0.711477 0.030278 0.055520
1 0.243963 0.872567 0.033845 0.057064
1 0.757634 0.201959 0.027606 0.042760
1 0.718598 0.412777 0.023153 0.047567
1 0.732844 0.392945 0.024934 0.039614
1 0.722983 0.915285 0.029387 0.050755
1 0.710328 0.953683 0.033624 0.053188
1 0.773360 0.939853 0.029387 0.058649
1 0.879220 0.819375 0.032945 0.049136
2 0.312542 0.434169 0.028497 0.045973
2 0.765792 0.641833 0.032055 0.052307
3 0.281381 0.564929 0.032064 0.047592
3 0.725721 0.639455 0.030273 0.057064
4 0.723047 0.522148 0.138921 0.304362
5 0.271202 0.501539 0.150490 0.320210
1 0.236753 0.642349 0.024939 0.045990
1 0.499543 0.946124 0.033836 0.058591
1 0.229284 0.953318 0.032950 0.047576
1 0.130441 0.741703 0.036508 0.049144
