1 0.871352 0.146160 0.027609 0.058569
0 0.434563 0.436542 0.094625 0.132806
0 0.502660 0.916215 0.127367 0.167569
0 0.793410 0.220361 0.059586 0.126750
0 0.817922 0.716910 0.105938 0.205903
1 0.351410 0.431910 0.034727 0.060181
1 0.600180 0.537972 0.032078 0.066500
1 0.459512 0.212257 0.032945 0.060153
1 0.543660 0.150118 0.029383 0.050653
1 0.736445 0.127924 0.023156 0.041097
1 0.814809 0.049597 0.023148 0.045917
1 0.936355 0.799174 0.034727 0.066486
1 0.282750 0.183368 0.027609 0.047486
1 0.584621 0.596549 0.032945 0.066486
1 0.529855 0.346424 0.035617 0.066486
2 0.896730 0.622667 0.032055 0.068083
3 0.255594 0.313965 0.028500 0.049069
3 0.791328 0.315146 0.028516 0.045875
4 0.835734 0.435069 0.175422 0.351444
5 0.257375 0.449319 0.174531 0.357778
1 0.642570 0.967681 0.042734 0.064639
1 0.691043 0.974313 0.042758 0.037792
1 0.792637 0.954840 0.046305 0.050431
2 0.584191 0.863340 0.033852 0.068042
