0 0.690337 0.705566 0.093577 0.134723
0 0.272533 0.684996 0.092568 0.114253
0 0.275196 0.867773 0.100646 0.167810
0 0.652919 0.554857 0.078402 0.144279
1 0.092974 0.820633 0.040961 0.050730
1 0.243975 0.170982 0.030278 0.039631
1 0.246244 0.202160 0.029387 0.034874
1 0.185973 0.496326 0.033841 0.058658
1 0.318332 0.396124 0.025825 0.045973
1 0.287620 0.241565 0.024910 0.044388
1 0.291774 0.389652 0.023313 0.041317
1 0.312088 0.518964 0.027625 0.041183
1 0.540591 0.717693 0.030278 0.055034
1 0.692083 0.909362 0.028492 0.057064
1 0.751579 0.200868 0.027606 0.042760
1 0.766824 0.228800 0.023431 0.031544
1 0.718598 0.412777 0.023153 0.047567
1 0.732844 0.392945 0.024934 0.039614
1 0.725436 0.897081 0.029731 0.051678
1 0.715358 0.945755 0.033629 0.053188
1 0.773360 0.939853 0.029387 0.058649
1 0.876751 0.819551 0.032945 0.049136
2 0.312542 0.434169 0.028497 0.045973
2 0.765792 0.641833 0.032055 0.052307
3 0.281381 0.564929 0.032064 0.047592
3 0.725721 0.639455 0.030273 0.057064
4 0.723914 0.522148 0.138968 0.304362
5 0.271484 0.501539 0.150490 0.320210
1 0.242613 0.687781 0.032926 0.061820
1 0.757528 0.847064 0.032041 0.058591
1 0.228523 0.737085 0.032945 0.053935
1 0.229284 0.953318 0.032950 0.047576
1 0.127813 0.744299 0.036513 0.049136
