0 0.644206 0.892919 0.090005 0.142919
0 0.259651 0.682890 0.091894 0.139320
0 0.300568 0.868968 0.099552 0.176661
0 0.670589 0.768343 0.097936 0.169639
1 0.095844 0.818536 0.040961 0.050730
1 0.243975 0.174992 0.030278 0.039631
1 0.245104 0.206724 0.029387 0.034874
1 0.184500 0.497966 0.033836 0.058649
1 0.318332 0.396124 0.025825 0.045973
1 0.287620 0.241565 0.024910 0.044388
1 0.291774 0.389652 0.023313 0.041317
1 0.312088 0.518964 0.027625 0.041183
1 0.537264 0.721976 0.030278 0.055512
1 0.451218 0.937764 0.033850 0.057072
1 0.755558 0.202068 0.027601 0.042760
1 0.718598 0.412777 0.023153 0.047567
1 0.732844 0.392945 0.024934 0.039614
1 0.720648 0.920600 0.029383 0.050747
1 0.710328 0.953683 0.033624 0.053188
1 0.773360 0.939853 0.029387 0.058649
1 0.877458 0.819375 0.032945 0.049136
2 0.312542 0.434169 0.028497 0.045973
2 0.765792 0.641833 0.032055 0.052307
3 0.281381 0.564929 0.032064 0.047592
3 0.725721 0.639455 0.030273 0.057064
4 0.723047 0.522148 0.138921 0.304362
5 0.271331 0.501539 0.150485 0.320210
1 0.223103 0.662940 0.030372 0.059522
1 0.500108 0.930369 0.033836 0.058591
1 0.207479 0.700889 0.024929 0.053926
1 0.229284 0.953318 0.032950 0.047576
1 0.129331 0.742798 0.036513 0.049136
