0 0.607132 0.708188 0.074595 0.137433
0 0.269369 0.695969 0.096107 0.141166
0 0.328122 0.891028 0.093445 0.154237
0 0.564496 0.477437 0.070792 0.131820
1 0.090629 0.822353 0.040966 0.050730
1 0.243975 0.167701 0.030278 0.039631
1 0.250127 0.198519 0.029387 0.034874
1 0.187177 0.494983 0.033836 0.058658
1 0.318332 0.396124 0.025825 0.045973
1 0.287620 0.241565 0.024910 0.044388
1 0.291831 0.389652 0.023313 0.041317
1 0.312088 0.518964 0.027625 0.041183
1 0.513897 0.525457 0.030273 0.053901
1 0.693428 0.909383 0.029279 0.057072
1 0.751616 0.193909 0.027606 0.036460
1 0.776819 0.227102 0.024929 0.041116
1 0.720266 0.411191 0.023153 0.047567
1 0.732844 0.392945 0.024934 0.039614
1 0.728869 0.889476 0.030858 0.054673
1 0.717208 0.945755 0.033624 0.053188
1 0.773360 0.939853 0.029387 0.058649
1 0.880898 0.820289 0.032945 0.049136
2 0.312542 0.434169 0.028497 0.045973
2 0.765792 0.641833 0.032055 0.052307
3 0.281320 0.564966 0.032064 0.047601
3 0.725721 0.639455 0.030273 0.057064
4 0.723817 0.522148 0.139161 0.304362
5 0.271607 0.501539 0.150490 0.320210
1 0.234300 0.709014 0.032926 0.061820
1 0.774635 0.813310 0.032041 0.058599
1 0.206986 0.746573 0.032945 0.053935
1 0.229284 0.953318 0.032950 0.047576
1 0.126572 0.745529 0.036508 0.049144
