0 0.479847 0.670503 0.079298 0.141007
0 0.360891 0.904211 0.091687 0.145940
0 0.455573 0.906644 0.087253 0.131477
0 0.689232 0.301011 0.075674 0.112190
1 0.087917 0.824341 0.040961 0.050730
1 0.243975 0.163909 0.030278 0.039631
1 0.252333 0.198280 0.029387 0.034883
1 0.188572 0.493435 0.033836 0.058649
1 0.318332 0.396124 0.025825 0.045973
1 0.287620 0.241565 0.024910 0.044388
1 0.293438 0.389656 0.023313 0.041326
1 0.312088 0.518964 0.027625 0.041183
1 0.514060 0.500021 0.030278 0.053901
1 0.515700 0.669249 0.028497 0.057072
1 0.760509 0.211523 0.027606 0.036468
1 0.767924 0.231418 0.024934 0.033289
1 0.719868 0.444950 0.025693 0.047567
1 0.732394 0.391984 0.024929 0.039622
1 0.728296 0.888763 0.032154 0.058129
1 0.719347 0.945755 0.033624 0.053188
1 0.773360 0.939853 0.029387 0.058649
1 0.882696 0.820961 0.032950 0.049136
2 0.312542 0.434169 0.028497 0.045973
2 0.765792 0.641833 0.032055 0.052307
3 0.279632 0.565969 0.032064 0.047592
3 0.725721 0.639455 0.030273 0.057064
4 0.723706 0.522148 0.139383 0.304362
5 0.271753 0.501539 0.150490 0.320210
1 0.400813 0.881065 0.032926 0.061812
1 0.652780 0.680122 0.032950 0.066552
1 0.399939 0.938867 0.032950 0.053926
1 0.229284 0.953318 0.032950 0.047576
1 0.125134 0.746946 0.036508 0.049144
