0 0.618398 0.859778 0.090000 0.164790
0 0.255184 0.680147 0.092074 0.132559
0 0.265389 0.836623 0.090504 0.166804
0 0.622606 0.698268 0.088228 0.145210
1 0.095320 0.818914 0.040961 0.050730
1 0.243975 0.174262 0.030278 0.039631
1 0.245311 0.205893 0.029387 0.034874
1 0.184767 0.497668 0.033841 0.058658
1 0.318332 0.396124 0.025825 0.045973
1 0.287620 0.241565 0.024910 0.044388
1 0.291774 0.389652 0.023313 0.041317
1 0.312088 0.518964 0.027625 0.041183
1 0.542773 0.697257 0.030278 0.055520
1 0.516466 0.948574 0.033845 0.057064
1 0.754899 0.201900 0.027601 0.042760
1 0.718598 0.412777 0.023153 0.047567
1 0.732844 0.392945 0.024934 0.039614
1 0.720144 0.921749 0.029383 0.050747
1 0.710328 0.953683 0.033624 0.053188
1 0.773360 0.939853 0.029387 0.058649
1 0.877078 0.819375 0.032950 0.049136
2 0.312542 0.434169 0.028497 0.045973
2 0.765792 0.641833 0.032055 0.052307
3 0.281381 0.564929 0.032064 0.047592
3 0.725721 0.639455 0.030273 0.057064
4 0.723047 0.522148 0.138921 0.304362
5 0.271357 0.501539 0.150490 0.320210
1 0.223961 0.665134 0.030994 0.060084
1 0.526847 0.859564 0.033836 0.058591
1 0.206315 0.702043 0.024929 0.053935
1 0.229284 0.953318 0.032950 0.047576
1 0.129055 0.743070 0.036508 0.049144
