0 0.639404 0.710323 0.093577 0.134723
0 0.261986 0.679388 0.092568 0.114262
0 0.262599 0.831846 0.082135 0.166510
0 0.640700 0.578402 0.086404 0.150596
1 0.092380 0.821074 0.040961 0.050721
1 0.243975 0.170151 0.030278 0.039631
1 0.246480 0.201212 0.029387 0.034874
1 0.186279 0.495986 0.033841 0.058649
1 0.318332 0.396124 0.025825 0.045973
1 0.287620 0.241565 0.024910 0.044388
1 0.291774 0.389652 0.023313 0.041317
1 0.312088 0.518964 0.027625 0.041183
1 0.546944 0.756317 0.030278 0.053893
1 0.692974 0.908410 0.028492 0.057072
1 0.747333 0.197840 0.027606 0.042760
1 0.768146 0.231367 0.026074 0.036678
1 0.718598 0.412777 0.023153 0.047567
1 0.732844 0.392945 0.024934 0.039614
1 0.727747 0.892588 0.030019 0.052441
1 0.715827 0.945755 0.033624 0.053188
1 0.773360 0.939853 0.029387 0.058649
1 0.877806 0.819740 0.032945 0.049144
2 0.312542 0.434169 0.028497 0.045973
2 0.765792 0.641833 0.032055 0.052307
3 0.281381 0.564929 0.032064 0.047592
3 0.725721 0.639455 0.030273 0.057064
4 0.723890 0.522148 0.139015 0.304362
5 0.271517 0.501539 0.150490 0.320210
1 0.241864 0.683339 0.032926 0.061812
1 0.764870 0.837651 0.032041 0.058591
1 0.217528 0.702857 0.032945 0.053935
1 0.229284 0.953318 0.032950 0.047576
1 0.127498 0.744614 0.036513 0.049144
