0 0.630589 0.896103 0.089114 0.152156
0 0.261970 0.684316 0.091800 0.142827
0 0.325160 0.861531 0.097286 0.182659
0 0.669955 0.804161 0.098902 0.171074
1 0.096112 0.818335 0.040961 0.050730
1 0.243975 0.175369 0.030278 0.039631
1 0.244998 0.207152 0.029383 0.034874
1 0.184364 0.498117 0.033836 0.058649
1 0.318332 0.396124 0.025825 0.045973
1 0.287620 0.241565 0.024910 0.044388
1 0.291774 0.389652 0.023313 0.041317
1 0.312088 0.518964 0.027625 0.041183
1 0.537844 0.714715 0.030278 0.055520
1 0.414894 0.945302 0.033850 0.057064
1 0.755900 0.202152 0.027606 0.042760
1 0.718598 0.412777 0.023153 0.047567
1 0.732844 0.392945 0.024934 0.039614
1 0.720907 0.920004 0.029383 0.050747
1 0.710328 0.953683 0.033624 0.053188
1 0.773360 0.939853 0.029387 0.058649
1 0.877656 0.819375 0.032945 0.049136
2 0.312542 0.434169 0.028497 0.045973
2 0.765792 0.641833 0.032055 0.052307
3 0.281381 0.564929 0.032064 0.047592
3 0.725721 0.639455 0.030273 0.057064
4 0.723047 0.522148 0.138921 0.304362
5 0.271315 0.501539 0.150490 0.320210
1 0.220631 0.664509 0.030047 0.059237
1 0.502168 0.950893 0.033836 0.058599
1 0.209988 0.706598 0.024934 0.053935
1 0.229284 0.953318 0.032950 0.047576
1 0.129475 0.742659 0.036508 0.049144
