0 0.273334 0.709211 0.087290 0.136275
0 0.257342 0.863440 0.096136 0.155369
0 0.380674 0.914488 0.089915 0.106208
0 0.704350 0.347689 0.074797 0.099874
1 0.083299 0.827731 0.040961 0.050730
1 0.243975 0.157454 0.030278 0.039622
1 0.244392 0.194425 0.029387 0.034874
1 0.187309 0.477785 0.033836 0.058658
1 0.318332 0.396124 0.025825 0.045973
1 0.287620 0.241565 0.024910 0.044388
1 0.279197 0.392370 0.023134 0.042794
1 0.259227 0.505558 0.027625 0.041183
1 0.513815 0.501393 0.030278 0.053893
1 0.516027 0.639237 0.028492 0.057064
1 0.760137 0.206586 0.027606 0.036460
1 0.763589 0.232706 0.024934 0.033297
1 0.682879 0.393935 0.028492 0.041930
1 0.728784 0.384270 0.024929 0.039614
1 0.727187 0.901896 0.032950 0.060235
1 0.714599 0.949627 0.032055 0.057072
1 0.773360 0.939853 0.029387 0.058649
1 0.873881 0.826669 0.032945 0.049144
2 0.312948 0.431426 0.028497 0.045973
2 0.765792 0.641833 0.032055 0.052307
3 0.280931 0.563146 0.034727 0.055487
3 0.725721 0.639455 0.030273 0.057064
4 0.723516 0.522148 0.139764 0.304362
5 0.271998 0.501539 0.150490 0.320210
1 0.281821 0.904979 0.034727 0.061820
1 0.311652 0.908146 0.030278 0.052315
1 0.291616 0.950155 0.032950 0.041216
1 0.227307 0.952878 0.031466 0.049329
1 0.122691 0.749362 0.036513 0.049144
