0 0.511327 0.672232 0.079298 0.141007
0 0.322076 0.902206 0.091682 0.145940
0 0.416367 0.905013 0.087257 0.131485
0 0.693671 0.322290 0.075702 0.096728
1 0.088553 0.823880 0.040961 0.050730
1 0.243975 0.164799 0.030278 0.039631
1 0.254112 0.198670 0.029383 0.034874
1 0.188247 0.493796 0.033836 0.058649
1 0.318332 0.396124 0.025825 0.045973
1 0.287620 0.241565 0.024910 0.044388
1 0.293061 0.389652 0.023313 0.041317
1 0.312088 0.518964 0.027625 0.041183
1 0.514336 0.499492 0.030273 0.053901
1 0.568263 0.672836 0.028497 0.057064
1 0.759840 0.210990 0.027606 0.036460
1 0.768523 0.231514 0.024934 0.033750
1 0.719677 0.415654 0.023153 0.047567
1 0.732844 0.392945 0.024934 0.039614
1 0.728428 0.888930 0.031852 0.057324
1 0.718848 0.945755 0.033624 0.053188
1 0.773360 0.939853 0.029387 0.058649
1 0.884569 0.820944 0.032945 0.049136
2 0.312542 0.434169 0.028497 0.045973
2 0.765792 0.641833 0.032055 0.052307
3 0.280028 0.565734 0.032064 0.047592
3 0.725721 0.639455 0.030273 0.057064
4 0.723732 0.522148 0.139331 0.304362
5 0.271720 0.501539 0.150490 0.320210
1 0.361501 0.879438 0.032926 0.061812
1 0.628054 0.677513 0.032950 0.066552
1 0.359397 0.937282 0.032950 0.053926
1 0.229284 0.953318 0.032950 0.047576
1 0.125471 0.746615 0.036513 0.049136
