1 0.874719 0.144667 0.027609 0.058583
0 0.427008 0.288639 0.072125 0.099722
0 0.391828 0.588625 0.113984 0.215278
0 0.676785 0.286271 0.064117 0.123486
0 0.728434 0.568049 0.087273 0.193125
1 0.529430 0.430674 0.034734 0.071236
1 0.575016 0.427507 0.033844 0.066486
1 0.527285 0.294792 0.032945 0.060167
1 0.543660 0.150118 0.029383 0.050653
1 0.736445 0.127951 0.023156 0.041153
1 0.816266 0.044410 0.023156 0.045903
1 0.936355 0.799174 0.034727 0.066486
1 0.282750 0.183368 0.027609 0.047486
1 0.584621 0.596549 0.032945 0.066486
1 0.673965 0.428312 0.035617 0.066486
2 0.895660 0.611688 0.032055 0.068069
3 0.259746 0.285472 0.028492 0.049083
3 0.755156 0.259090 0.028516 0.045903
4 0.835734 0.435069 0.175422 0.351444
5 0.257266 0.449382 0.174531 0.357764
1 0.428098 0.441104 0.037398 0.064903
1 0.218254 0.953521 0.040070 0.052236
1 0.569125 0.933618 0.046297 0.071236
2 0.398785 0.895611 0.048977 0.088639
