1 0.872109 0.145826 0.027609 0.058569
0 0.474430 0.353868 0.100250 0.165458
0 0.430832 0.915236 0.127367 0.169528
0 0.678992 0.158986 0.065078 0.126750
0 0.789383 0.642417 0.107203 0.185111
1 0.351906 0.431910 0.034719 0.060181
1 0.644527 0.534806 0.032070 0.066500
1 0.529199 0.291389 0.032945 0.060167
1 0.543660 0.150118 0.029383 0.050653
1 0.736445 0.127931 0.023156 0.041111
1 0.815137 0.048431 0.023148 0.045917
1 0.936355 0.799174 0.034727 0.066486
1 0.282750 0.183368 0.027609 0.047486
1 0.584621 0.596549 0.032945 0.066486
1 0.502301 0.432549 0.035617 0.066486
2 0.896730 0.622667 0.032055 0.068083
3 0.255594 0.313965 0.028500 0.049069
3 0.789625 0.312972 0.028516 0.045861
4 0.835734 0.435069 0.175422 0.351444
5 0.257375 0.449319 0.174531 0.357778
1 0.473887 0.941646 0.037398 0.064903
1 0.517738 0.986340 0.041102 0.027319
1 0.571629 0.926507 0.046305 0.071236
2 0.513395 0.933000 0.033852 0.068056
