1 0.216371 0.672743 0.033836 0.053893
0 0.567599 0.898242 0.089119 0.152156
0 0.258209 0.735503 0.095165 0.177483
0 0.328655 0.900549 0.088242 0.130461
0 0.646880 0.841292 0.098907 0.171074
1 0.097766 0.817127 0.040961 0.050730
1 0.243975 0.177685 0.030278 0.039631
1 0.244340 0.209786 0.029387 0.034874
1 0.183513 0.499065 0.033841 0.058649
1 0.318332 0.396124 0.025825 0.045973
1 0.287620 0.241565 0.024910 0.044388
1 0.291774 0.389652 0.023313 0.041317
1 0.312088 0.518964 0.027625 0.041183
1 0.538388 0.712206 0.030273 0.055520
1 0.268947 0.945302 0.033850 0.057064
1 0.758002 0.202689 0.027606 0.042760
1 0.718598 0.412777 0.023153 0.047567
1 0.732844 0.392945 0.024934 0.039614
1 0.722514 0.916351 0.029383 0.050755
1 0.710328 0.953683 0.033624 0.053188
1 0.773360 0.939853 0.029387 0.058649
1 0.878869 0.819375 0.032950 0.049136
2 0.312542 0.434169 0.028497 0.045973
2 0.765792 0.641833 0.032055 0.052307
3 0.281381 0.564929 0.032064 0.047592
3 0.725721 0.639455 0.030273 0.057064
4 0.723047 0.522148 0.138921 0.304362
5 0.271230 0.501539 0.150490 0.320210
1 0.230613 0.635520 0.024939 0.045990
1 0.500137 0.947198 0.033836 0.058591
1 0.229284 0.953318 0.032950 0.047576
1 0.130351 0.741791 0.036508 0.049136
