1 0.871457 0.146118 0.027602 0.058569
0 0.459961 0.309861 0.070547 0.123333
0 0.502660 0.916215 0.127367 0.167569
0 0.709336 0.158889 0.068188 0.126750
0 0.806129 0.668160 0.093898 0.209764
1 0.351582 0.431910 0.034727 0.060181
1 0.593211 0.539007 0.032078 0.066486
1 0.505371 0.247743 0.032945 0.060153
1 0.543660 0.150118 0.029383 0.050653
1 0.736445 0.127924 0.023156 0.041097
1 0.814852 0.049431 0.023156 0.045917
1 0.936355 0.799174 0.034727 0.066486
1 0.282750 0.183368 0.027609 0.047486
1 0.584621 0.596549 0.032945 0.066486
1 0.510488 0.378674 0.035617 0.066486
2 0.896730 0.622667 0.032055 0.068083
3 0.255594 0.313965 0.028500 0.049069
3 0.790734 0.314382 0.028516 0.045875
4 0.835734 0.435069 0.175422 0.351444
5 0.257375 0.449319 0.174531 0.357778
1 0.634191 0.972035 0.037398 0.052847
1 0.677504 0.979833 0.042758 0.037806
1 0.724871 0.972410 0.046305 0.050431
2 0.584191 0.863340 0.033852 0.068042
