1 0.874855 0.144604 0.027602 0.058569
0 0.377586 0.218979 0.072125 0.099736
0 0.361547 0.729521 0.113984 0.215292
0 0.679637 0.220410 0.064117 0.123486
0 0.769391 0.701028 0.087266 0.193139
1 0.529754 0.429882 0.034727 0.071236
1 0.575391 0.427146 0.033844 0.066486
1 0.527184 0.294972 0.032945 0.060167
1 0.543660 0.150118 0.029383 0.050653
1 0.736445 0.127951 0.023156 0.041153
1 0.816324 0.044201 0.023148 0.045903
1 0.936355 0.799174 0.034727 0.066486
1 0.282750 0.183368 0.027609 0.047486
1 0.584621 0.596549 0.032945 0.066486
1 0.674523 0.430188 0.035625 0.066486
2 0.892613 0.596146 0.032055 0.068069
3 0.268059 0.252549 0.028492 0.049069
3 0.717758 0.208694 0.028516 0.045917
4 0.835734 0.435069 0.175422 0.351444
5 0.256797 0.449660 0.174531 0.357764
1 0.428332 0.439549 0.037398 0.064903
1 0.217492 0.953521 0.040078 0.052236
1 0.568941 0.933785 0.046305 0.071236
2 0.398902 0.895632 0.048977 0.088653
