0 0.731656 0.750587 0.093577 0.140419
0 0.265292 0.681481 0.092564 0.114253
0 0.241772 0.811682 0.094958 0.154153
0 0.659126 0.527819 0.078044 0.141409
1 0.093303 0.820398 0.040961 0.050730
1 0.243975 0.171443 0.030278 0.039631
1 0.246115 0.202680 0.029383 0.034874
1 0.185806 0.496514 0.033836 0.058649
1 0.318332 0.396124 0.025825 0.045973
1 0.287620 0.241565 0.024910 0.044388
1 0.291774 0.389652 0.023313 0.041317
1 0.312088 0.518964 0.027625 0.041183
1 0.541751 0.693842 0.030278 0.055520
1 0.691595 0.909883 0.028497 0.057064
1 0.752333 0.201246 0.027606 0.042760
1 0.766098 0.227395 0.021979 0.028733
1 0.718598 0.412777 0.023153 0.047567
1 0.732844 0.392945 0.024934 0.039614
1 0.724168 0.899543 0.029581 0.051267
1 0.715101 0.945755 0.033624 0.053188
1 0.773360 0.939853 0.029387 0.058649
1 0.876173 0.819446 0.032950 0.049144
2 0.312542 0.434169 0.028497 0.045973
2 0.765792 0.641833 0.032055 0.052307
3 0.281381 0.564929 0.032064 0.047592
3 0.725721 0.639455 0.030273 0.057064
4 0.723928 0.522148 0.138940 0.304362
5 0.271466 0.501539 0.150490 0.320210
1 0.238457 0.684086 0.032926 0.061812
1 0.753504 0.852223 0.032041 0.058591
1 0.223940 0.735512 0.032950 0.053926
1 0.229284 0.953318 0.032950 0.047576
1 0.127985 0.744128 0.036508 0.049144
