0 0.502754 0.671846 0.079298 0.141007
0 0.325243 0.904161 0.091682 0.145940
0 0.420775 0.905122 0.087253 0.131485
0 0.693749 0.321556 0.075707 0.097810
1 0.088454 0.823947 0.040961 0.050730
1 0.243975 0.164664 0.030278 0.039631
1 0.253259 0.198729 0.029383 0.034874
1 0.188294 0.493742 0.033836 0.058658
1 0.318332 0.396124 0.025825 0.045973
1 0.287620 0.241565 0.024910 0.044388
1 0.293117 0.389656 0.023313 0.041326
1 0.312088 0.518964 0.027625 0.041183
1 0.514267 0.499610 0.030278 0.053901
1 0.561996 0.671049 0.028497 0.057064
1 0.759941 0.211074 0.027601 0.036460
1 0.768428 0.231271 0.024934 0.033297
1 0.721612 0.418624 0.023318 0.047567
1 0.732816 0.392882 0.024934 0.039622
1 0.728410 0.888905 0.031899 0.057441
1 0.718923 0.945755 0.033624 0.053188
1 0.773360 0.939853 0.029387 0.058649
1 0.884538 0.820961 0.032950 0.049136
2 0.312542 0.434169 0.028497 0.045973
2 0.765792 0.641833 0.032055 0.052307
3 0.279967 0.565768 0.032064 0.047592
3 0.725721 0.639455 0.030273 0.057064
4 0.723728 0.522148 0.139340 0.304362
5 0.271725 0.501539 0.150490 0.320210
1 0.365521 0.879446 0.032926 0.061812
1 0.632309 0.676233 0.032950 0.066560
1 0.363902 0.936497 0.032950 0.053935
1 0.229284 0.953318 0.032950 0.047576
1 0.125422 0.746665 0.036508 0.049136
