0 0.486525 0.680453 0.079298 0.141007
0 0.551074 0.905747 0.091687 0.145940
0 0.645181 0.912181 0.087253 0.131477
0 0.704350 0.352315 0.074797 0.099866
1 0.086569 0.825331 0.040961 0.050730
1 0.243975 0.162030 0.030278 0.039631
1 0.250016 0.197152 0.029383 0.034874
1 0.189262 0.492664 0.033841 0.058649
1 0.318332 0.396124 0.025825 0.045973
1 0.287620 0.241565 0.024910 0.044388
1 0.294234 0.389656 0.023313 0.041326
1 0.312088 0.518964 0.027625 0.041183
1 0.513989 0.500419 0.030278 0.053893
1 0.523765 0.641149 0.028492 0.057064
1 0.761013 0.211112 0.027606 0.036468
1 0.766659 0.231795 0.024929 0.033289
1 0.682229 0.415914 0.028492 0.046560
1 0.731341 0.389732 0.024934 0.039614
1 0.728011 0.888414 0.032799 0.059849
1 0.720408 0.945755 0.033624 0.053188
1 0.773360 0.939853 0.029387 0.058649
1 0.878091 0.820961 0.032950 0.049136
2 0.312542 0.434169 0.028497 0.045973
2 0.765792 0.641833 0.032055 0.052307
3 0.278794 0.566464 0.032064 0.047592
3 0.725721 0.639455 0.030273 0.057064
4 0.723650 0.522148 0.139496 0.304362
5 0.271824 0.501539 0.150490 0.320210
1 0.591039 0.899354 0.032926 0.061812
1 0.627366 0.764778 0.032950 0.066552
1 0.600893 0.927383 0.032945 0.053926
1 0.229284 0.953318 0.032950 0.047576
1 0.124423 0.747651 0.036508 0.049144
