0 0.597922 0.716338 0.080198 0.142626
0 0.249901 0.672068 0.092564 0.114253
0 0.246435 0.786284 0.077507 0.166191
0 0.601965 0.598603 0.079284 0.133968
1 0.091631 0.821623 0.040961 0.050730
1 0.243975 0.169102 0.030278 0.039631
1 0.246779 0.200017 0.029383 0.034883
1 0.186664 0.495558 0.033836 0.058649
1 0.318332 0.396124 0.025825 0.045973
1 0.287620 0.241565 0.024910 0.044388
1 0.291774 0.389652 0.023313 0.041317
1 0.312088 0.518964 0.027625 0.041183
1 0.538278 0.729018 0.030278 0.053893
1 0.694095 0.907215 0.028492 0.057064
1 0.744866 0.196464 0.027601 0.044203
1 0.777347 0.231275 0.026484 0.039664
1 0.718598 0.412777 0.023153 0.047567
1 0.732844 0.392945 0.024934 0.039614
1 0.729081 0.889736 0.030377 0.053398
1 0.716421 0.945755 0.033624 0.053188
1 0.773360 0.939853 0.029387 0.058649
1 0.879131 0.819975 0.032945 0.049144
2 0.312542 0.434169 0.028497 0.045973
2 0.765792 0.641833 0.032055 0.052307
3 0.281381 0.564929 0.032064 0.047592
3 0.725721 0.639455 0.030273 0.057064
4 0.723860 0.522148 0.139076 0.304362
5 0.271555 0.501539 0.150490 0.320210
1 0.227981 0.675134 0.032926 0.061812
1 0.772924 0.826569 0.032041 0.058591
1 0.209182 0.710898 0.032945 0.053926
1 0.229284 0.953318 0.032950 0.047576
1 0.127099 0.745004 0.036508 0.049136
