0 0.608829 0.735352 0.072201 0.164799
0 0.267509 0.697072 0.096103 0.141158
0 0.300964 0.873268 0.091730 0.180545
0 0.545198 0.539962 0.072158 0.137911
1 0.090938 0.822131 0.040961 0.050721
1 0.243975 0.168129 0.030278 0.039631
1 0.247055 0.198914 0.029387 0.034874
1 0.187022 0.495159 0.033836 0.058658
1 0.318332 0.396124 0.025825 0.045973
1 0.287620 0.241565 0.024910 0.044388
1 0.291774 0.389652 0.023313 0.041317
1 0.312088 0.518964 0.027625 0.041183
1 0.519578 0.627563 0.030278 0.053901
1 0.695130 0.906107 0.028497 0.057064
1 0.756169 0.187173 0.027606 0.050721
1 0.779149 0.224673 0.024934 0.039664
1 0.719616 0.411804 0.023153 0.047567
1 0.732844 0.392945 0.024934 0.039614
1 0.728933 0.889555 0.030712 0.054279
1 0.716967 0.945755 0.033624 0.053188
1 0.773360 0.939853 0.029387 0.058649
1 0.880353 0.820193 0.032950 0.049144
2 0.312542 0.434169 0.028497 0.045973
2 0.765792 0.641833 0.032055 0.052307
3 0.281381 0.564929 0.032064 0.047592
3 0.725721 0.639455 0.030273 0.057064
4 0.723831 0.522148 0.139133 0.304362
5 0.271593 0.501539 0.150490 0.320210
1 0.231327 0.717819 0.032926 0.061812
1 0.772924 0.821082 0.032041 0.058591
1 0.206595 0.738184 0.032945 0.053935
1 0.229284 0.953318 0.032950 0.047576
1 0.126734 0.745369 0.036513 0.049144
