1 0.873883 0.145035 0.027609 0.058569
0 0.443496 0.434299 0.081070 0.112431
0 0.323703 0.720000 0.107750 0.205750
0 0.659094 0.339931 0.100609 0.158389
0 0.737039 0.728424 0.111500 0.225569
1 0.471086 0.432701 0.034734 0.071236
1 0.572730 0.429667 0.033836 0.066500
1 0.527898 0.293701 0.032953 0.060153
1 0.543660 0.150118 0.029383 0.050653
1 0.736445 0.127944 0.023156 0.041139
1 0.815906 0.045694 0.023156 0.045917
1 0.936355 0.799174 0.034727 0.066486
1 0.282750 0.183368 0.027609 0.047486
1 0.584621 0.596549 0.032945 0.066486
1 0.638742 0.355924 0.035625 0.066486
2 0.896730 0.622667 0.032055 0.068083
3 0.255594 0.313965 0.028500 0.049069
3 0.786594 0.309132 0.028516 0.045875
4 0.835734 0.435069 0.175422 0.351444
5 0.257375 0.449319 0.174531 0.357778
1 0.343746 0.668569 0.037398 0.064917
1 0.222918 0.953521 0.040070 0.052236
1 0.570246 0.932569 0.046305 0.071250
2 0.398078 0.895465 0.048969 0.088653
