1 0.873840 0.145062 0.027602 0.058569
0 0.415449 0.434299 0.081070 0.112431
0 0.302332 0.767493 0.107758 0.205764
0 0.647000 0.338528 0.100609 0.158389
0 0.736848 0.727549 0.110117 0.224569
1 0.442145 0.432701 0.034727 0.071236
1 0.572605 0.429785 0.033836 0.066486
1 0.527934 0.293646 0.032945 0.060153
1 0.543660 0.150118 0.029383 0.050653
1 0.736445 0.127944 0.023156 0.041139
1 0.815887 0.045764 0.023148 0.045917
1 0.936355 0.799174 0.034727 0.066486
1 0.282750 0.183368 0.027609 0.047486
1 0.584621 0.596549 0.032945 0.066486
1 0.625137 0.354340 0.035617 0.066486
2 0.896730 0.622667 0.032055 0.068083
3 0.255594 0.313965 0.028500 0.049069
3 0.786672 0.309229 0.028516 0.045875
4 0.835734 0.435069 0.175422 0.351444
5 0.257375 0.449319 0.174531 0.357778
1 0.321488 0.722396 0.037398 0.064903
1 0.223176 0.953521 0.040070 0.052236
1 0.570309 0.932507 0.046305 0.071236
2 0.398043 0.895451 0.048977 0.088653
