0 0.644786 0.684962 0.078996 0.142240
0 0.264623 0.696439 0.099406 0.152156
0 0.299503 0.895130 0.087253 0.131485
0 0.627361 0.338930 0.072479 0.106233
1 0.089783 0.822974 0.040961 0.050730
1 0.243975 0.166518 0.030278 0.039631
1 0.262267 0.197534 0.029387 0.034883
1 0.187613 0.494501 0.033841 0.058649
1 0.318332 0.396124 0.025825 0.045973
1 0.287620 0.241565 0.024910 0.044388
1 0.292333 0.389652 0.023318 0.041317
1 0.312088 0.518964 0.027625 0.041183
1 0.515214 0.497991 0.030278 0.053901
1 0.697905 0.820264 0.028497 0.057072
1 0.758541 0.209958 0.027601 0.036460
1 0.769800 0.236997 0.024934 0.043507
1 0.722057 0.409488 0.023153 0.047567
1 0.732844 0.392945 0.024934 0.039614
1 0.728690 0.889253 0.031263 0.055755
1 0.717877 0.945755 0.033624 0.053188
1 0.773360 0.939853 0.029387 0.058649
1 0.882394 0.820554 0.032950 0.049144
2 0.312542 0.434169 0.028497 0.045973
2 0.765792 0.641833 0.032055 0.052307
3 0.280792 0.565281 0.032064 0.047592
3 0.725721 0.639455 0.030273 0.057064
4 0.723782 0.522148 0.139232 0.304362
5 0.271654 0.501539 0.150490 0.320210
1 0.240818 0.714480 0.032926 0.061812
1 0.750082 0.713842 0.030165 0.061963
1 0.231534 0.819606 0.032945 0.053926
1 0.229284 0.953318 0.032950 0.047576
1 0.126124 0.745973 0.036508 0.049144
