0 0.661129 0.703662 0.093577 0.134723
0 0.271105 0.683888 0.092568 0.114253
0 0.283916 0.891078 0.100650 0.167810
0 0.651404 0.559274 0.078407 0.144270
1 0.092785 0.820776 0.040961 0.050730
1 0.243975 0.170713 0.030278 0.039631
1 0.246320 0.201854 0.029387 0.034883
1 0.186072 0.496216 0.033841 0.058658
1 0.318332 0.396124 0.025825 0.045973
1 0.287620 0.241565 0.024910 0.044388
1 0.291774 0.389652 0.023313 0.041317
1 0.312088 0.518964 0.027625 0.041183
1 0.539168 0.731397 0.030278 0.053901
1 0.692370 0.909056 0.028492 0.057072
1 0.750210 0.199891 0.027601 0.042768
1 0.767250 0.229631 0.024284 0.033205
1 0.718598 0.412777 0.023153 0.047567
1 0.732844 0.392945 0.024934 0.039614
1 0.726180 0.895629 0.029826 0.051930
1 0.715511 0.945755 0.033624 0.053188
1 0.773360 0.939853 0.029387 0.058649
1 0.877092 0.819614 0.032950 0.049144
2 0.312542 0.434169 0.028497 0.045973
2 0.765792 0.641833 0.032055 0.052307
3 0.281381 0.564929 0.032064 0.047592
3 0.725721 0.639455 0.030273 0.057064
4 0.723907 0.522148 0.138982 0.304362
5 0.271494 0.501539 0.150490 0.320210
1 0.245059 0.689958 0.032926 0.061812
1 0.759899 0.844027 0.032041 0.058591
1 0.230832 0.737672 0.032945 0.053935
1 0.229284 0.953318 0.032950 0.047576
1 0.127712 0.744400 0.036508 0.049136
