1 0.872730 0.145549 0.027602 0.058569
0 0.404312 0.434222 0.092625 0.121944
0 0.301875 0.851944 0.142500 0.214167
0 0.716332 0.342708 0.088445 0.154361
0 0.674531 0.657444 0.119375 0.178833
1 0.352426 0.431118 0.034727 0.060181
1 0.687473 0.509479 0.033836 0.066486
1 0.528746 0.292201 0.032945 0.060153
1 0.543660 0.150118 0.029383 0.050653
1 0.736445 0.127938 0.023156 0.041125
1 0.815406 0.047472 0.023156 0.045917
1 0.936355 0.799174 0.034727 0.066486
1 0.282750 0.183368 0.027609 0.047486
1 0.584621 0.596549 0.032945 0.066486
1 0.478090 0.381035 0.035617 0.066486
2 0.896730 0.622667 0.032055 0.068083
3 0.255594 0.313965 0.028500 0.049069
3 0.788562 0.311625 0.028516 0.045861
4 0.835734 0.435069 0.175422 0.351444
5 0.257375 0.449319 0.174531 0.357778
1 0.335977 0.864576 0.037406 0.064903
1 0.516055 0.941639 0.040078 0.066500
1 0.571793 0.931118 0.046305 0.071236
2 0.421520 0.912653 0.040945 0.079194
