0 0.718120 0.741711 0.093572 0.134715
0 0.267846 0.682722 0.092564 0.114253
0 0.253344 0.824853 0.100646 0.167810
0 0.658947 0.538763 0.078402 0.144270
1 0.093186 0.820482 0.040961 0.050730
1 0.243975 0.171284 0.030278 0.039631
1 0.246159 0.202496 0.029387 0.034874
1 0.185865 0.496447 0.033841 0.058649
1 0.318332 0.396124 0.025825 0.045973
1 0.287620 0.241565 0.024910 0.044388
1 0.291774 0.389652 0.023313 0.041317
1 0.312088 0.518964 0.027625 0.041183
1 0.539614 0.695747 0.030273 0.055520
1 0.691767 0.909698 0.028492 0.057064
1 0.752187 0.201212 0.027606 0.042760
1 0.766352 0.227890 0.022488 0.029723
1 0.718598 0.412777 0.023153 0.047567
1 0.732844 0.392945 0.024934 0.039614
1 0.724614 0.898674 0.029632 0.051409
1 0.715191 0.945755 0.033624 0.053188
1 0.773360 0.939853 0.029387 0.058649
1 0.876378 0.819484 0.032945 0.049136
2 0.312542 0.434169 0.028497 0.045973
2 0.765792 0.641833 0.032055 0.052307
3 0.281381 0.564929 0.032064 0.047592
3 0.725721 0.639455 0.030273 0.057064
4 0.723923 0.522148 0.138949 0.304362
5 0.271473 0.501539 0.150485 0.320210
1 0.239927 0.685386 0.032926 0.061812
1 0.754925 0.850403 0.032045 0.058591
1 0.225985 0.736439 0.032950 0.053935
1 0.229284 0.953318 0.032950 0.047576
1 0.127924 0.744186 0.036508 0.049144
