1 0.873035 0.145417 0.027602 0.058583
0 0.397348 0.432986 0.100227 0.121944
0 0.301430 0.844306 0.144297 0.223111
0 0.707117 0.346472 0.092625 0.167833
0 0.642027 0.676444 0.119383 0.178833
1 0.370211 0.421528 0.034719 0.060167
1 0.660754 0.563299 0.033836 0.066486
1 0.528520 0.292597 0.032945 0.060167
1 0.543660 0.150118 0.029383 0.050653
1 0.736445 0.127938 0.023156 0.041125
1 0.815535 0.047007 0.023148 0.045903
1 0.936355 0.799174 0.034727 0.066486
1 0.282750 0.183368 0.027609 0.047486
1 0.584621 0.596549 0.032945 0.066486
1 0.477691 0.380340 0.035617 0.066486
2 0.896730 0.622667 0.032055 0.068083
3 0.255594 0.313965 0.028500 0.049069
3 0.788047 0.310965 0.028516 0.045875
4 0.835734 0.435069 0.175422 0.351444
5 0.257375 0.449319 0.174531 0.357778
1 0.339293 0.853257 0.037398 0.064903
1 0.395840 0.927396 0.040070 0.066514
1 0.571387 0.931507 0.046305 0.071236
2 0.403926 0.880299 0.048977 0.088653
