0 0.294489 0.701669 0.081051 0.137836
0 0.256786 0.863582 0.096136 0.155369
0 0.436755 0.896846 0.087724 0.133557
0 0.704350 0.348096 0.074797 0.099866
1 0.083591 0.827517 0.040961 0.050721
1 0.243975 0.157861 0.030278 0.039631
1 0.244887 0.194669 0.029387 0.034874
1 0.188525 0.482831 0.033836 0.058649
1 0.318332 0.396124 0.025825 0.045973
1 0.287620 0.241565 0.024910 0.044388
1 0.287698 0.390214 0.023134 0.042794
1 0.271369 0.485021 0.027620 0.041183
1 0.513831 0.501305 0.030273 0.053901
1 0.516805 0.639111 0.028492 0.057064
1 0.760217 0.206988 0.027606 0.036460
1 0.763862 0.232626 0.024934 0.033289
1 0.682820 0.395872 0.028497 0.042332
1 0.729008 0.384753 0.024934 0.039622
1 0.727260 0.900575 0.032945 0.060243
1 0.715375 0.949316 0.032059 0.057072
1 0.773360 0.939853 0.029387 0.058649
1 0.873306 0.825394 0.032945 0.049144
2 0.311126 0.427106 0.028492 0.045973
2 0.765792 0.641833 0.032055 0.052307
3 0.280931 0.553419 0.034727 0.055478
3 0.725721 0.639455 0.030273 0.057064
4 0.723527 0.522148 0.139741 0.304362
5 0.271984 0.501539 0.150490 0.320210
1 0.274409 0.898377 0.033228 0.061820
1 0.314769 0.901212 0.030273 0.052307
1 0.292952 0.946883 0.032945 0.046569
1 0.229284 0.953318 0.032950 0.047576
1 0.122844 0.749211 0.036508 0.049144
