0 0.354086 0.179382 0.072125 0.099736
0 0.329500 0.862528 0.113984 0.215278
0 0.679508 0.152264 0.064109 0.123472
0 0.790109 0.817431 0.087266 0.193139
1 0.531121 0.426542 0.034727 0.071250
1 0.576969 0.425653 0.033844 0.066500
1 0.526762 0.295722 0.032945 0.060167
1 0.543660 0.150118 0.029383 0.050653
1 0.736445 0.127958 0.023156 0.041167
1 0.816574 0.043313 0.023148 0.045903
1 0.936355 0.799174 0.034727 0.066486
1 0.282750 0.183368 0.027609 0.047486
1 0.584621 0.596549 0.032945 0.066486
1 0.674980 0.428812 0.035617 0.066486
2 0.837410 0.798049 0.032055 0.068069
3 0.319516 0.204868 0.028500 0.049069
3 0.699926 0.121507 0.027602 0.045903
4 0.835734 0.435069 0.175422 0.351444
5 0.254805 0.450840 0.174531 0.357764
1 0.428340 0.439056 0.037398 0.064917
1 0.214270 0.953521 0.040070 0.052236
1 0.568168 0.934507 0.046305 0.071236
2 0.399387 0.895743 0.048977 0.088653
