0 0.717448 0.802332 0.086442 0.148943
0 0.244265 0.673440 0.092516 0.116007
0 0.271492 0.779249 0.087300 0.129773
0 0.644361 0.551812 0.087319 0.129950
1 0.094053 0.819845 0.040961 0.050730
1 0.243975 0.172492 0.030278 0.039631
1 0.245815 0.203872 0.029387 0.034874
1 0.185419 0.496942 0.033836 0.058649
1 0.318332 0.396124 0.025825 0.045973
1 0.287620 0.241565 0.024910 0.044388
1 0.291774 0.389652 0.023313 0.041317
1 0.312088 0.518964 0.027625 0.041183
1 0.545624 0.688414 0.030278 0.055520
1 0.680688 0.913695 0.028492 0.057072
1 0.753285 0.201489 0.027606 0.042760
1 0.718598 0.412777 0.023153 0.047567
1 0.732844 0.392945 0.024934 0.039614
1 0.713063 0.903041 0.029387 0.050747
1 0.710328 0.953683 0.033624 0.053188
1 0.773360 0.939853 0.029387 0.058649
1 0.876148 0.819375 0.032945 0.049136
2 0.312542 0.434169 0.028497 0.045973
2 0.765792 0.641833 0.032055 0.052307
3 0.281381 0.564929 0.032064 0.047592
3 0.725721 0.639455 0.030273 0.057064
4 0.722354 0.522148 0.138921 0.304362
5 0.271428 0.501539 0.150490 0.320210
1 0.226049 0.670495 0.032512 0.061443
1 0.655827 0.835856 0.032041 0.058591
1 0.200763 0.705378 0.024929 0.053926
1 0.229284 0.953318 0.032950 0.047576
1 0.128384 0.743733 0.036513 0.049144
