0 0.413492 0.663242 0.094420 0.156888
0 0.288975 0.887987 0.098808 0.153826
0 0.561953 0.886137 0.090844 0.163213
0 0.704350 0.349295 0.074797 0.099866
1 0.084434 0.826896 0.040961 0.050721
1 0.243975 0.159044 0.030278 0.039631
1 0.246343 0.195373 0.029387 0.034874
1 0.190361 0.491443 0.033841 0.058658
1 0.318332 0.396124 0.025825 0.045973
1 0.287620 0.241565 0.024910 0.044388
1 0.290398 0.385617 0.023134 0.042794
1 0.306178 0.482789 0.027625 0.041183
1 0.513876 0.501053 0.030278 0.053901
1 0.519083 0.638742 0.028497 0.057064
1 0.760443 0.208154 0.027606 0.036460
1 0.764654 0.232391 0.024934 0.033289
1 0.682653 0.401565 0.028492 0.043532
1 0.729672 0.386166 0.024934 0.039614
1 0.727476 0.896699 0.032945 0.060243
1 0.717648 0.948419 0.032055 0.057072
1 0.773360 0.939853 0.029387 0.058649
1 0.871619 0.821644 0.032945 0.049144
2 0.312542 0.434169 0.028497 0.045973
2 0.765792 0.641833 0.032055 0.052307
3 0.275424 0.568201 0.032064 0.047592
3 0.725721 0.639455 0.030273 0.057064
4 0.723563 0.522148 0.139670 0.304362
5 0.271937 0.501539 0.150490 0.320210
1 0.310328 0.912911 0.032926 0.061812
1 0.347714 0.902613 0.032950 0.066552
1 0.321001 0.952525 0.032945 0.055503
1 0.229284 0.953318 0.032950 0.047576
1 0.123292 0.748771 0.036508 0.049136
