0 0.658315 0.872483 0.096819 0.172198
0 0.250224 0.677097 0.092276 0.125034
0 0.253506 0.788100 0.089105 0.173633
0 0.592908 0.666053 0.097125 0.137844
1 0.094746 0.819337 0.040961 0.050721
1 0.243975 0.173456 0.030278 0.039631
1 0.245542 0.204979 0.029387 0.034874
1 0.185064 0.497336 0.033841 0.058649
1 0.318332 0.396124 0.025825 0.045973
1 0.287620 0.241565 0.024910 0.044388
1 0.291774 0.389652 0.023313 0.041317
1 0.312088 0.518964 0.027625 0.041183
1 0.538129 0.716359 0.030273 0.055520
1 0.616788 0.953326 0.028497 0.057072
1 0.754166 0.201716 0.027606 0.042760
1 0.718598 0.412777 0.023153 0.047567
1 0.732844 0.392945 0.024934 0.039614
1 0.722443 0.921326 0.029383 0.050755
1 0.710328 0.953683 0.033624 0.053188
1 0.773360 0.939853 0.029387 0.058649
1 0.876654 0.819375 0.032950 0.049136
2 0.312542 0.434169 0.028497 0.045973
2 0.765792 0.641833 0.032055 0.052307
3 0.281381 0.564929 0.032064 0.047592
3 0.725721 0.639455 0.030273 0.057064
4 0.722910 0.522148 0.138921 0.304362
5 0.271390 0.501539 0.150490 0.320210
1 0.224908 0.667571 0.031682 0.060696
1 0.595125 0.862206 0.032041 0.058591
1 0.205024 0.703331 0.024929 0.053926
1 0.229284 0.953318 0.032950 0.047576
1 0.128751 0.743372 0.036513 0.049144
