0 0.411355 0.665625 0.094425 0.156888
0 0.283631 0.881191 0.098808 0.153826
0 0.557415 0.887563 0.090844 0.163213
0 0.704350 0.349211 0.074797 0.099866
1 0.084378 0.826938 0.040961 0.050721
1 0.243975 0.158960 0.030278 0.039631
1 0.246244 0.195323 0.029387 0.034874
1 0.190389 0.491414 0.033841 0.058649
1 0.318332 0.396124 0.025825 0.045973
1 0.287620 0.241565 0.024910 0.044388
1 0.289397 0.385021 0.023139 0.042794
1 0.304965 0.479333 0.027620 0.041183
1 0.513871 0.501070 0.030278 0.053901
1 0.518928 0.638767 0.028497 0.057064
1 0.760426 0.208079 0.027601 0.036460
1 0.764602 0.232408 0.024934 0.033289
1 0.682665 0.401179 0.028497 0.043448
1 0.729625 0.386070 0.024934 0.039622
1 0.727462 0.896963 0.032945 0.060235
1 0.717495 0.948477 0.032059 0.057072
1 0.773360 0.939853 0.029387 0.058649
1 0.871734 0.821896 0.032950 0.049144
2 0.312542 0.434169 0.028497 0.045973
2 0.765792 0.641833 0.032055 0.052307
3 0.274255 0.569685 0.032064 0.047592
3 0.725721 0.639455 0.030273 0.057064
4 0.723560 0.522148 0.139675 0.304362
5 0.271942 0.501539 0.150490 0.320210
1 0.302311 0.909740 0.032926 0.061812
1 0.337031 0.901028 0.032950 0.066552
1 0.312988 0.947768 0.032950 0.055503
1 0.229284 0.953318 0.032950 0.047576
1 0.123261 0.748800 0.036513 0.049144
