1 0.871777 0.145979 0.027602 0.058569
0 0.502270 0.312625 0.090789 0.116250
0 0.502660 0.916215 0.127367 0.167569
0 0.688117 0.151403 0.065078 0.126750
0 0.804141 0.694667 0.112187 0.202611
1 0.351738 0.431910 0.034727 0.060181
1 0.615062 0.540007 0.032078 0.066486
1 0.534309 0.285472 0.032945 0.060167
1 0.543660 0.150118 0.029383 0.050653
1 0.736445 0.127924 0.023156 0.041097
1 0.814992 0.048944 0.023156 0.045917
1 0.936355 0.799174 0.034727 0.066486
1 0.282750 0.183368 0.027609 0.047486
1 0.584621 0.596549 0.032945 0.066486
1 0.489910 0.397757 0.035617 0.066486
2 0.896730 0.622667 0.032055 0.068083
3 0.255594 0.313965 0.028500 0.049069
3 0.790195 0.313694 0.028516 0.045861
4 0.835734 0.435069 0.175422 0.351444
5 0.257375 0.449319 0.174531 0.357778
1 0.580230 0.931354 0.037398 0.064903
1 0.599449 0.979736 0.042758 0.039611
1 0.637160 0.922257 0.046305 0.071236
2 0.587082 0.885903 0.033852 0.068056
