1 0.871551 0.146076 0.027602 0.058569
0 0.482664 0.304347 0.089203 0.128139
0 0.502660 0.916215 0.127367 0.167569
0 0.694336 0.146236 0.065078 0.126750
0 0.800902 0.699813 0.102867 0.209208
1 0.351629 0.431910 0.034727 0.060181
1 0.590422 0.539417 0.032078 0.066500
1 0.521398 0.284687 0.032953 0.060153
1 0.543660 0.150118 0.029383 0.050653
1 0.736445 0.127924 0.023156 0.041097
1 0.814895 0.049292 0.023148 0.045917
1 0.936355 0.799174 0.034727 0.066486
1 0.282750 0.183368 0.027609 0.047486
1 0.584621 0.596549 0.032945 0.066486
1 0.511691 0.395174 0.035617 0.066486
2 0.896730 0.622667 0.032055 0.068083
3 0.255594 0.313965 0.028500 0.049069
3 0.790578 0.314187 0.028516 0.045875
4 0.835734 0.435069 0.175422 0.351444
5 0.257375 0.449319 0.174531 0.357778
1 0.635598 0.955500 0.037398 0.064917
1 0.663145 0.981097 0.042758 0.037806
1 0.703051 0.970826 0.046305 0.058347
2 0.584191 0.863340 0.033852 0.068042
