1 0.872746 0.145549 0.027602 0.058569
0 0.398969 0.434222 0.092625 0.121944
0 0.301133 0.851201 0.142797 0.215653
0 0.716215 0.342917 0.088680 0.155111
0 0.666070 0.657444 0.119375 0.178833
1 0.352652 0.430326 0.034727 0.060181
1 0.685988 0.512118 0.033836 0.066486
1 0.528730 0.292215 0.032945 0.060153
1 0.543660 0.150118 0.029383 0.050653
1 0.736445 0.127938 0.023156 0.041125
1 0.815410 0.047444 0.023148 0.045917
1 0.936355 0.799174 0.034727 0.066486
1 0.282750 0.183368 0.027609 0.047486
1 0.584621 0.596549 0.032945 0.066486
1 0.478070 0.381007 0.035625 0.066486
2 0.896730 0.622667 0.032055 0.068083
3 0.255594 0.313965 0.028500 0.049069
3 0.788539 0.311590 0.028516 0.045875
4 0.835734 0.435069 0.175422 0.351444
5 0.257375 0.449319 0.174531 0.357778
1 0.336262 0.863715 0.037398 0.064903
1 0.512047 0.940847 0.040078 0.066500
1 0.571770 0.931146 0.046305 0.071236
2 0.420336 0.912389 0.040953 0.079194
