0 0.639804 0.709769 0.093577 0.134723
0 0.263054 0.679702 0.092564 0.114253
0 0.264738 0.838024 0.086762 0.166837
0 0.641550 0.576946 0.085740 0.150067
1 0.092399 0.821061 0.040961 0.050730
1 0.243975 0.170176 0.030278 0.039631
1 0.246473 0.201242 0.029383 0.034883
1 0.186270 0.495994 0.033841 0.058649
1 0.318332 0.396124 0.025825 0.045973
1 0.287620 0.241565 0.024910 0.044388
1 0.291774 0.389652 0.023313 0.041317
1 0.312088 0.518964 0.027625 0.041183
1 0.546583 0.755185 0.030273 0.053893
1 0.692945 0.908440 0.028492 0.057064
1 0.747469 0.197940 0.027606 0.042760
1 0.768103 0.231288 0.025990 0.036518
1 0.718598 0.412777 0.023153 0.047567
1 0.732844 0.392945 0.024934 0.039614
1 0.727672 0.892735 0.030009 0.052416
1 0.715813 0.945755 0.033624 0.053188
1 0.773360 0.939853 0.029387 0.058649
1 0.877771 0.819732 0.032950 0.049144
2 0.312542 0.434169 0.028497 0.045973
2 0.765792 0.641833 0.032055 0.052307
3 0.281381 0.564929 0.032064 0.047592
3 0.725721 0.639455 0.030273 0.057064
4 0.723890 0.522148 0.139015 0.304362
5 0.271513 0.501539 0.150490 0.320210
1 0.242542 0.684362 0.032926 0.061812
1 0.764635 0.837957 0.032041 0.058599
1 0.218240 0.706028 0.032945 0.053935
1 0.229284 0.953318 0.032950 0.047576
1 0.127509 0.744602 0.036508 0.049136
