1 0.872898 0.145479 0.027609 0.058569
0 0.387219 0.434222 0.092625 0.121944
0 0.300891 0.845708 0.144297 0.223111
0 0.715055 0.345007 0.091000 0.162597
0 0.610734 0.663778 0.119375 0.178833
1 0.361109 0.424528 0.034719 0.060167
1 0.672332 0.545889 0.033836 0.066500
1 0.528621 0.292417 0.032945 0.060167
1 0.543660 0.150118 0.029383 0.050653
1 0.736445 0.127938 0.023156 0.041125
1 0.815477 0.047215 0.023156 0.045903
1 0.936355 0.799174 0.034727 0.066486
1 0.282750 0.183368 0.027609 0.047486
1 0.584621 0.596549 0.032945 0.066486
1 0.477871 0.380653 0.035617 0.066500
2 0.896730 0.622667 0.032055 0.068083
3 0.255594 0.313965 0.028500 0.049069
3 0.788281 0.311264 0.028516 0.045861
4 0.835734 0.435069 0.175422 0.351444
5 0.257375 0.449319 0.174531 0.357778
1 0.339094 0.855076 0.037406 0.064903
1 0.451941 0.936889 0.040070 0.066500
1 0.571566 0.931333 0.046305 0.071250
2 0.414102 0.886264 0.040953 0.079194
