0 0.428820 0.651648 0.092644 0.152106
0 0.340978 0.903842 0.091682 0.145940
0 0.587877 0.884195 0.090844 0.163205
0 0.704350 0.349673 0.074797 0.099866
1 0.084703 0.826699 0.040961 0.050730
1 0.243975 0.159421 0.030278 0.039631
1 0.246807 0.195600 0.029383 0.034874
1 0.190221 0.491598 0.033836 0.058649
1 0.318332 0.396124 0.025825 0.045973
1 0.287620 0.241565 0.024910 0.044388
1 0.295337 0.389656 0.023313 0.041326
1 0.309807 0.495956 0.027625 0.041191
1 0.513890 0.500973 0.030278 0.053893
1 0.519809 0.638624 0.028497 0.057064
1 0.760514 0.208532 0.027606 0.036460
1 0.764908 0.232315 0.024934 0.033289
1 0.682599 0.403372 0.028497 0.043909
1 0.729882 0.386615 0.024929 0.039622
1 0.727547 0.895466 0.032945 0.060243
1 0.718374 0.948133 0.032055 0.057072
1 0.773360 0.939853 0.029387 0.058649
1 0.871708 0.820961 0.032945 0.049136
2 0.312542 0.434169 0.028497 0.045973
2 0.765792 0.641833 0.032055 0.052307
3 0.280589 0.561892 0.032064 0.047592
3 0.725721 0.639455 0.030273 0.057064
4 0.723574 0.522148 0.139647 0.304362
5 0.271923 0.501539 0.150490 0.320210
1 0.366781 0.915445 0.032931 0.061812
1 0.397757 0.898490 0.032950 0.066560
1 0.390994 0.949987 0.032950 0.055512
1 0.229284 0.953318 0.032950 0.047576
1 0.123433 0.748628 0.036508 0.049136
