0 0.475657 0.671628 0.079298 0.141007
0 0.394835 0.904581 0.091687 0.145940
0 0.488468 0.907018 0.087257 0.131485
0 0.692898 0.313691 0.075467 0.109195
1 0.087762 0.824459 0.040961 0.050730
1 0.243975 0.163691 0.030278 0.039631
1 0.252069 0.198150 0.029387 0.034874
1 0.188650 0.493347 0.033841 0.058658
1 0.318332 0.396124 0.025825 0.045973
1 0.287620 0.241565 0.024910 0.044388
1 0.293527 0.389656 0.023313 0.041326
1 0.312088 0.518964 0.027625 0.041183
1 0.514053 0.500063 0.030273 0.053901
1 0.516748 0.666636 0.028492 0.057064
1 0.760669 0.211653 0.027606 0.036460
1 0.767778 0.231464 0.024934 0.033297
1 0.713937 0.455629 0.026376 0.047567
1 0.732274 0.391724 0.024934 0.039622
1 0.728263 0.888725 0.032229 0.058322
1 0.719470 0.945755 0.033624 0.053188
1 0.773360 0.939853 0.029387 0.058649
1 0.882170 0.820961 0.032945 0.049136
2 0.312542 0.434169 0.028497 0.045973
2 0.765792 0.641833 0.032055 0.052307
3 0.279536 0.566028 0.032069 0.047592
3 0.725721 0.639455 0.030273 0.057064
4 0.723699 0.522148 0.139397 0.304362
5 0.271762 0.501539 0.150490 0.320210
1 0.433706 0.879950 0.032926 0.061812
1 0.649844 0.688326 0.032950 0.066552
1 0.433044 0.937378 0.032950 0.053935
1 0.229284 0.953318 0.032950 0.047576
1 0.125054 0.747030 0.036508 0.049144
