0 0.386645 0.691779 0.094420 0.156896
0 0.253904 0.843754 0.099458 0.162122
0 0.535375 0.892009 0.090844 0.145394
0 0.704350 0.348968 0.074797 0.099866
1 0.084204 0.827068 0.040961 0.050730
1 0.243975 0.158716 0.030278 0.039631
1 0.245947 0.195180 0.029387 0.034874
1 0.190478 0.491313 0.033841 0.058649
1 0.318332 0.396124 0.025825 0.045973
1 0.287620 0.241565 0.024910 0.044388
1 0.290690 0.386867 0.023134 0.042794
1 0.298954 0.479333 0.027625 0.041183
1 0.513864 0.501124 0.030273 0.053893
1 0.518461 0.638842 0.028497 0.057064
1 0.760379 0.207836 0.027601 0.036460
1 0.764437 0.232454 0.024934 0.033297
1 0.682700 0.400013 0.028492 0.043213
1 0.729491 0.385780 0.024929 0.039614
1 0.727418 0.897756 0.032950 0.060243
1 0.717029 0.948662 0.032059 0.057072
1 0.773360 0.939853 0.029387 0.058649
1 0.872081 0.822668 0.032945 0.049144
2 0.312542 0.434169 0.028497 0.045973
2 0.765792 0.641833 0.032055 0.052307
3 0.278765 0.569685 0.032064 0.047592
3 0.725721 0.639455 0.030273 0.057064
4 0.723553 0.522148 0.139689 0.304362
5 0.271951 0.501539 0.150490 0.320210
1 0.272033 0.882794 0.032926 0.061812
1 0.316788 0.897244 0.030278 0.066552
1 0.298056 0.942282 0.032945 0.055503
1 0.229284 0.953318 0.032950 0.047576
1 0.123169 0.748893 0.036508 0.049144
