0 0.248633 0.731388 0.100189 0.145780
0 0.251932 0.856409 0.074920 0.148574
0 0.341927 0.915738 0.085485 0.106208
0 0.704350 0.347332 0.074797 0.099866
1 0.083049 0.827911 0.040961 0.050721
1 0.243975 0.157106 0.030278 0.039631
1 0.243961 0.194216 0.029383 0.034874
1 0.186258 0.473414 0.033836 0.058658
1 0.318332 0.396124 0.025825 0.045973
1 0.287069 0.242861 0.026013 0.046980
1 0.268732 0.418238 0.025693 0.047987
1 0.250346 0.519471 0.030891 0.047685
1 0.513803 0.501464 0.030273 0.053901
1 0.515353 0.639346 0.028492 0.057064
1 0.760071 0.206242 0.027606 0.036460
1 0.763358 0.232777 0.024934 0.033289
1 0.682929 0.392253 0.028497 0.041569
1 0.728589 0.383855 0.024934 0.039622
1 0.727121 0.903041 0.032950 0.060243
1 0.713928 0.949891 0.032059 0.057064
1 0.773360 0.939853 0.029387 0.058649
1 0.874378 0.827777 0.032950 0.049144
2 0.310884 0.430638 0.028497 0.045973
2 0.765792 0.641833 0.032055 0.052307
3 0.282387 0.570931 0.034727 0.055487
3 0.725721 0.639455 0.030273 0.057064
4 0.723506 0.522148 0.139783 0.304362
5 0.272012 0.501539 0.150490 0.320210
1 0.259178 0.913586 0.034727 0.061820
1 0.303796 0.917286 0.030278 0.052307
1 0.280634 0.949627 0.032945 0.041216
1 0.224734 0.952311 0.029533 0.051619
1 0.122559 0.749497 0.036513 0.049144
