1 0.874035 0.144972 0.027602 0.058583
0 0.492125 0.426833 0.080750 0.112417
0 0.382473 0.572778 0.107758 0.205750
0 0.664336 0.338062 0.100609 0.158375
0 0.737309 0.727938 0.115414 0.222014
1 0.522082 0.427604 0.034727 0.071236
1 0.573145 0.429271 0.033836 0.066486
1 0.527785 0.293903 0.032945 0.060167
1 0.543660 0.150118 0.029383 0.050653
1 0.736445 0.127944 0.023156 0.041139
1 0.815973 0.045458 0.023148 0.045917
1 0.936355 0.799174 0.034727 0.066486
1 0.282750 0.183368 0.027609 0.047486
1 0.584621 0.596549 0.032945 0.066486
1 0.641215 0.355924 0.035617 0.066486
2 0.896730 0.622667 0.032055 0.068083
3 0.255594 0.313965 0.028500 0.049069
3 0.786336 0.308799 0.028516 0.045875
4 0.835734 0.435069 0.175422 0.351444
5 0.257375 0.449319 0.174531 0.357778
1 0.399551 0.532424 0.037398 0.064903
1 0.222074 0.953521 0.040070 0.052236
1 0.570043 0.932757 0.046305 0.071236
2 0.398207 0.895493 0.048977 0.088653
