0 0.604701 0.711988 0.079986 0.134715
0 0.253089 0.674094 0.092568 0.114262
0 0.248883 0.789006 0.077512 0.166183
0 0.631746 0.607542 0.086404 0.130017
1 0.091843 0.821468 0.040961 0.050721
1 0.243975 0.169396 0.030278 0.039631
1 0.246694 0.200357 0.029383 0.034874
1 0.186555 0.495675 0.033836 0.058649
1 0.318332 0.396124 0.025825 0.045973
1 0.287620 0.241565 0.024910 0.044388
1 0.291774 0.389652 0.023313 0.041317
1 0.312088 0.518964 0.027625 0.041183
1 0.545313 0.756758 0.030278 0.053901
1 0.693777 0.907550 0.028497 0.057064
1 0.743497 0.195113 0.027606 0.042760
1 0.774392 0.231644 0.027615 0.039664
1 0.718598 0.412777 0.023153 0.047567
1 0.732844 0.392945 0.024934 0.039614
1 0.729126 0.889786 0.030278 0.053129
1 0.716251 0.945755 0.033624 0.053188
1 0.773360 0.939853 0.029387 0.058649
1 0.878756 0.819908 0.032950 0.049144
2 0.312542 0.434169 0.028497 0.045973
2 0.765792 0.641833 0.032055 0.052307
3 0.281381 0.564929 0.032064 0.047592
3 0.725721 0.639455 0.030273 0.057064
4 0.723867 0.522148 0.139062 0.304362
5 0.271546 0.501539 0.150490 0.320210
1 0.230973 0.675134 0.032926 0.061812
1 0.771501 0.829153 0.032041 0.058591
1 0.211840 0.699685 0.032945 0.053935
1 0.229284 0.953318 0.032950 0.047576
1 0.127213 0.744891 0.036508 0.049144
