0 0.296713 0.700877 0.081051 0.137827
0 0.254783 0.860017 0.096136 0.155369
0 0.443876 0.894866 0.086838 0.134346
0 0.704350 0.348150 0.074797 0.099874
1 0.083629 0.827487 0.040961 0.050730
1 0.243975 0.157911 0.030278 0.039631
1 0.244953 0.194698 0.029387 0.034883
1 0.188685 0.483503 0.033836 0.058649
1 0.318332 0.396124 0.025825 0.045973
1 0.287620 0.241565 0.024910 0.044388
1 0.288831 0.389920 0.023139 0.042794
1 0.272988 0.482286 0.027625 0.041183
1 0.513834 0.501296 0.030278 0.053901
1 0.516909 0.639094 0.028492 0.057064
1 0.760226 0.207039 0.027606 0.036460
1 0.763897 0.232617 0.024929 0.033289
1 0.682816 0.396133 0.028497 0.042383
1 0.729041 0.384815 0.024934 0.039614
1 0.727269 0.900398 0.032945 0.060243
1 0.715478 0.949279 0.032059 0.057064
1 0.773360 0.939853 0.029387 0.058649
1 0.873228 0.825222 0.032950 0.049136
2 0.310884 0.426527 0.028497 0.045973
2 0.765792 0.641833 0.032055 0.052307
3 0.280931 0.552122 0.034727 0.055487
3 0.725721 0.639455 0.030273 0.057064
4 0.723530 0.522148 0.139736 0.304362
5 0.271982 0.501539 0.150485 0.320210
1 0.273421 0.897500 0.033025 0.061812
1 0.313878 0.901611 0.030273 0.052315
1 0.293131 0.946447 0.032945 0.047290
1 0.229284 0.953318 0.032950 0.047576
1 0.122863 0.749195 0.036508 0.049144
