0 0.463659 0.688784 0.079298 0.141007
0 0.586352 0.898020 0.091687 0.145940
0 0.674720 0.910398 0.087253 0.131485
0 0.704350 0.351527 0.074797 0.099866
1 0.086013 0.825742 0.040961 0.050730
1 0.243975 0.161250 0.030278 0.039631
1 0.249057 0.196690 0.029387 0.034874
1 0.189550 0.492345 0.033841 0.058649
1 0.318332 0.396124 0.025825 0.045973
1 0.287620 0.241565 0.024910 0.044388
1 0.294564 0.389656 0.023313 0.041326
1 0.312088 0.518964 0.027625 0.041183
1 0.513959 0.500583 0.030273 0.053901
1 0.523334 0.638054 0.028497 0.057064
1 0.760862 0.210340 0.027606 0.036468
1 0.766136 0.231951 0.024929 0.033297
1 0.682340 0.412164 0.028497 0.045772
1 0.730905 0.388800 0.024929 0.039614
1 0.727884 0.889476 0.032950 0.060243
1 0.720848 0.945755 0.033629 0.053188
1 0.773360 0.939853 0.029387 0.058649
1 0.876183 0.820961 0.032950 0.049136
2 0.312542 0.434169 0.028497 0.045973
2 0.765792 0.641833 0.032055 0.052307
3 0.280846 0.566514 0.032069 0.047592
3 0.725721 0.639455 0.030273 0.057064
4 0.723629 0.522148 0.139538 0.304362
5 0.271857 0.501539 0.150490 0.320210
1 0.608466 0.902164 0.032926 0.061812
1 0.631569 0.820180 0.032950 0.066552
1 0.627253 0.924371 0.032950 0.054748
1 0.229284 0.953318 0.032950 0.047576
1 0.124126 0.747945 0.036508 0.049144
