1 0.871594 0.146056 0.027609 0.058583
0 0.494418 0.306715 0.089195 0.115792
0 0.502660 0.916215 0.127367 0.167569
0 0.693094 0.147264 0.065078 0.126750
0 0.801012 0.705486 0.105320 0.208417
1 0.351652 0.431910 0.034727 0.060181
1 0.591945 0.539549 0.032078 0.066486
1 0.526738 0.285632 0.032945 0.060153
1 0.543660 0.150118 0.029383 0.050653
1 0.736445 0.127924 0.023156 0.041097
1 0.814914 0.049222 0.023156 0.045917
1 0.936355 0.799174 0.034727 0.066486
1 0.282750 0.183368 0.027609 0.047486
1 0.584621 0.596549 0.032945 0.066486
1 0.508559 0.401674 0.035617 0.066486
2 0.896730 0.622667 0.032055 0.068083
3 0.255594 0.313965 0.028500 0.049069
3 0.790500 0.314090 0.028516 0.045875
4 0.835734 0.435069 0.175422 0.351444
5 0.257375 0.449319 0.174531 0.357778
1 0.637605 0.947188 0.037398 0.064903
1 0.650973 0.981097 0.042758 0.037806
1 0.690145 0.955104 0.046305 0.071236
2 0.584191 0.863340 0.033852 0.068042
