0 0.613452 0.755210 0.072992 0.164010
0 0.255474 0.702232 0.096103 0.141158
0 0.277703 0.842353 0.089731 0.178163
0 0.542081 0.559379 0.072163 0.137919
1 0.091089 0.822018 0.040961 0.050730
1 0.243975 0.168347 0.030278 0.039631
1 0.246993 0.199157 0.029387 0.034874
1 0.186942 0.495247 0.033836 0.058649
1 0.318332 0.396124 0.025825 0.045973
1 0.287620 0.241565 0.024910 0.044388
1 0.291774 0.389652 0.023313 0.041317
1 0.312088 0.518964 0.027625 0.041183
1 0.524253 0.657882 0.030278 0.053901
1 0.694899 0.906355 0.028497 0.057072
1 0.761734 0.190382 0.027606 0.049270
1 0.779149 0.226787 0.024934 0.039664
1 0.719291 0.412114 0.023153 0.047567
1 0.732844 0.392945 0.024934 0.039614
1 0.728966 0.889593 0.030636 0.054086
1 0.716845 0.945755 0.033624 0.053188
1 0.773360 0.939853 0.029387 0.058649
1 0.880082 0.820143 0.032945 0.049144
2 0.312542 0.434169 0.028497 0.045973
2 0.765792 0.641833 0.032055 0.052307
3 0.281381 0.564929 0.032064 0.047592
3 0.725721 0.639455 0.030273 0.057064
4 0.723836 0.522148 0.139123 0.304362
5 0.271583 0.501539 0.150490 0.320210
1 0.226685 0.717819 0.032926 0.061812
1 0.772924 0.822303 0.032041 0.058599
1 0.206934 0.732752 0.032945 0.053926
1 0.229284 0.953318 0.032950 0.047576
1 0.126817 0.745285 0.036508 0.049144
