0 0.607370 0.708465 0.075071 0.137987
0 0.269484 0.695902 0.096103 0.141166
0 0.328122 0.891091 0.093784 0.154362
0 0.565283 0.473414 0.070518 0.130604
1 0.090608 0.822370 0.040961 0.050730
1 0.243975 0.167676 0.030278 0.039631
1 0.250403 0.198494 0.029383 0.034874
1 0.187189 0.494975 0.033841 0.058658
1 0.318332 0.396124 0.025825 0.045973
1 0.287620 0.241565 0.024910 0.044388
1 0.291845 0.389652 0.023313 0.041317
1 0.312088 0.518964 0.027625 0.041183
1 0.514098 0.522311 0.030278 0.053901
1 0.693028 0.910105 0.029439 0.057072
1 0.751824 0.194404 0.027606 0.036460
1 0.776609 0.227445 0.024934 0.041250
1 0.720306 0.411149 0.023148 0.047567
1 0.732844 0.392945 0.024934 0.039614
1 0.728864 0.889471 0.030867 0.054698
1 0.717222 0.945755 0.033624 0.053188
1 0.773360 0.939853 0.029387 0.058649
1 0.880931 0.820294 0.032945 0.049144
2 0.312542 0.434169 0.028497 0.045973
2 0.765792 0.641833 0.032055 0.052307
3 0.281308 0.564975 0.032069 0.047601
3 0.725721 0.639455 0.030273 0.057064
4 0.723817 0.522148 0.139161 0.304362
5 0.271612 0.501539 0.150490 0.320210
1 0.234055 0.708498 0.032926 0.061812
1 0.774979 0.812089 0.032041 0.058591
1 0.207158 0.746758 0.032950 0.053935
1 0.229284 0.953318 0.032950 0.047576
1 0.126562 0.745537 0.036508 0.049144
