0 0.416477 0.663230 0.079298 0.141007
0 0.518716 0.905747 0.091682 0.145940
0 0.670957 0.896284 0.097059 0.152114
0 0.704350 0.350629 0.074797 0.099866
1 0.085377 0.826204 0.040961 0.050730
1 0.243975 0.160361 0.030278 0.039631
1 0.247964 0.196162 0.029387 0.034874
1 0.189875 0.491984 0.033841 0.058649
1 0.318332 0.396124 0.025825 0.045973
1 0.287620 0.241565 0.024910 0.044388
1 0.294939 0.389656 0.023318 0.041326
1 0.312088 0.518964 0.027625 0.041183
1 0.513926 0.500776 0.030273 0.053901
1 0.521623 0.638331 0.028497 0.057064
1 0.760693 0.209463 0.027606 0.036460
1 0.765540 0.232131 0.024934 0.033289
1 0.682467 0.407898 0.028497 0.044874
1 0.730408 0.387739 0.024934 0.039622
1 0.727719 0.892383 0.032950 0.060235
1 0.720184 0.947416 0.032055 0.057064
1 0.773360 0.939853 0.029387 0.058649
1 0.874010 0.820961 0.032950 0.049136
2 0.312542 0.434169 0.028497 0.045973
2 0.765792 0.641833 0.032055 0.052307
3 0.284053 0.566514 0.032064 0.047592
3 0.725721 0.639455 0.030273 0.057064
4 0.723600 0.522148 0.139595 0.304362
5 0.271890 0.501539 0.150490 0.320210
1 0.543631 0.912911 0.032926 0.061812
1 0.568551 0.886762 0.032955 0.066560
1 0.569444 0.946183 0.032950 0.055503
1 0.229284 0.953318 0.032950 0.047576
1 0.123791 0.748276 0.036508 0.049136
