0 0.478754 0.678725 0.079298 0.141007
0 0.534804 0.905747 0.091682 0.145940
0 0.627693 0.910885 0.087253 0.131485
0 0.704350 0.352643 0.074797 0.099866
1 0.086800 0.825164 0.040961 0.050730
1 0.243975 0.162349 0.030278 0.039631
1 0.250415 0.197345 0.029387 0.034874
1 0.189145 0.492798 0.033841 0.058649
1 0.318332 0.396124 0.025825 0.045973
1 0.287620 0.241565 0.024910 0.044388
1 0.294098 0.389656 0.023313 0.041326
1 0.312088 0.518964 0.027625 0.041183
1 0.514001 0.500352 0.030273 0.053893
1 0.522552 0.646766 0.028497 0.057072
1 0.761074 0.211435 0.027606 0.036460
1 0.766876 0.231728 0.024929 0.033289
1 0.682184 0.417466 0.028497 0.046879
1 0.731520 0.390117 0.024934 0.039614
1 0.728061 0.888473 0.032691 0.059547
1 0.720229 0.945755 0.033624 0.053188
1 0.773360 0.939853 0.029387 0.058649
1 0.878881 0.820961 0.032945 0.049136
2 0.312542 0.434169 0.028497 0.045973
2 0.765792 0.641833 0.032055 0.052307
3 0.278937 0.566380 0.032069 0.047592
3 0.725721 0.639455 0.030273 0.057064
4 0.723659 0.522148 0.139477 0.304362
5 0.271814 0.501539 0.150490 0.320210
1 0.578508 0.898700 0.032926 0.061812
1 0.628968 0.748612 0.032950 0.066552
1 0.580007 0.929111 0.032945 0.053926
1 0.229284 0.953318 0.032950 0.047576
1 0.124545 0.747534 0.036508 0.049144
