0 0.482637 0.679589 0.079298 0.141007
0 0.542938 0.905747 0.091682 0.145940
0 0.636435 0.911531 0.087253 0.131485
0 0.704350 0.352479 0.074797 0.099874
1 0.086687 0.825247 0.040961 0.050730
1 0.243975 0.162190 0.030278 0.039631
1 0.250214 0.197253 0.029383 0.034874
1 0.189204 0.492731 0.033836 0.058649
1 0.318332 0.396124 0.025825 0.045973
1 0.287620 0.241565 0.024910 0.044388
1 0.294164 0.389656 0.023313 0.041326
1 0.312088 0.518964 0.027625 0.041183
1 0.513994 0.500386 0.030278 0.053893
1 0.523160 0.643956 0.028497 0.057072
1 0.761044 0.211275 0.027601 0.036460
1 0.766767 0.231762 0.024929 0.033289
1 0.682208 0.416690 0.028497 0.046720
1 0.731430 0.389924 0.024934 0.039614
1 0.728037 0.888440 0.032747 0.059698
1 0.720318 0.945755 0.033624 0.053188
1 0.773360 0.939853 0.029387 0.058649
1 0.878485 0.820961 0.032945 0.049136
2 0.312542 0.434169 0.028497 0.045973
2 0.765792 0.641833 0.032055 0.052307
3 0.278864 0.566422 0.032064 0.047592
3 0.725721 0.639455 0.030273 0.057064
4 0.723655 0.522148 0.139486 0.304362
5 0.271819 0.501539 0.150490 0.320210
1 0.584776 0.899027 0.032926 0.061812
1 0.628167 0.756690 0.032950 0.066552
1 0.590450 0.928247 0.032945 0.053926
1 0.229284 0.953318 0.032950 0.047576
1 0.124484 0.747592 0.036508 0.049144
