1 0.874051 0.144965 0.027602 0.058569
0 0.492852 0.426604 0.080687 0.112431
0 0.385145 0.564861 0.107758 0.205750
0 0.664859 0.337875 0.100609 0.158389
0 0.737332 0.727889 0.115805 0.221667
1 0.523113 0.427535 0.034727 0.071236
1 0.573188 0.429229 0.033844 0.066486
1 0.527777 0.293924 0.032945 0.060153
1 0.543660 0.150118 0.029383 0.050653
1 0.736445 0.127944 0.023156 0.041139
1 0.815977 0.045438 0.023156 0.045903
1 0.936355 0.799174 0.034727 0.066486
1 0.282750 0.183368 0.027609 0.047486
1 0.584621 0.596549 0.032945 0.066486
1 0.641465 0.355924 0.035617 0.066486
2 0.896730 0.622667 0.032055 0.068083
3 0.255594 0.313965 0.028500 0.049069
3 0.786312 0.308771 0.028516 0.045875
4 0.835734 0.435069 0.175422 0.351444
5 0.257375 0.449319 0.174531 0.357778
1 0.403410 0.526090 0.037398 0.064903
1 0.221988 0.953521 0.040070 0.052236
1 0.570020 0.932778 0.046305 0.071250
2 0.398223 0.895493 0.048977 0.088653
