0 0.405862 0.671435 0.094420 0.156896
0 0.277026 0.872873 0.098954 0.155680
0 0.552514 0.888553 0.090844 0.159253
0 0.704350 0.349157 0.074797 0.099874
1 0.084340 0.826967 0.040961 0.050730
1 0.243975 0.158909 0.030278 0.039631
1 0.246178 0.195289 0.029387 0.034874
1 0.190410 0.491388 0.033836 0.058649
1 0.318332 0.396124 0.025825 0.045973
1 0.287620 0.241565 0.024910 0.044388
1 0.289684 0.385432 0.023139 0.042794
1 0.303629 0.479333 0.027625 0.041183
1 0.513871 0.501082 0.030278 0.053893
1 0.518824 0.638784 0.028497 0.057064
1 0.760415 0.208029 0.027606 0.036460
1 0.764564 0.232416 0.024934 0.033289
1 0.682672 0.400919 0.028492 0.043398
1 0.729597 0.386003 0.024934 0.039622
1 0.727453 0.897139 0.032945 0.060235
1 0.717392 0.948519 0.032059 0.057072
1 0.773360 0.939853 0.029387 0.058649
1 0.871812 0.822068 0.032945 0.049136
2 0.312542 0.434169 0.028497 0.045973
2 0.765792 0.641833 0.032055 0.052307
3 0.275259 0.569685 0.032064 0.047592
3 0.725721 0.639455 0.030273 0.057064
4 0.723558 0.522148 0.139680 0.304362
5 0.271944 0.501539 0.150485 0.320210
1 0.292514 0.900227 0.032926 0.061812
1 0.324786 0.899442 0.031616 0.066552
1 0.303638 0.943805 0.032950 0.055512
1 0.229284 0.953318 0.032950 0.047576
1 0.123240 0.748821 0.036508 0.049136
