0 0.638282 0.677768 0.079298 0.141007
0 0.265226 0.793452 0.086927 0.176049
0 0.315813 0.905013 0.087253 0.131485
0 0.681649 0.311569 0.075702 0.096728
1 0.089359 0.823284 0.040961 0.050730
1 0.243975 0.165923 0.030278 0.039631
1 0.265111 0.197362 0.029383 0.034874
1 0.187830 0.494258 0.033841 0.058649
1 0.318332 0.396124 0.025825 0.045973
1 0.287620 0.241565 0.024910 0.044388
1 0.292585 0.389652 0.023313 0.041317
1 0.312088 0.518964 0.027625 0.041183
1 0.514913 0.498507 0.030278 0.053893
1 0.669621 0.684899 0.028497 0.057064
1 0.758987 0.210319 0.027606 0.036460
1 0.769361 0.235113 0.024934 0.040159
1 0.722952 0.408641 0.023153 0.047567
1 0.732844 0.392945 0.024934 0.039614
1 0.728603 0.889144 0.031466 0.056292
1 0.718212 0.945755 0.033624 0.053188
1 0.773360 0.939853 0.029387 0.058649
1 0.883141 0.820688 0.032945 0.049144
2 0.312542 0.434169 0.028497 0.045973
2 0.765792 0.641833 0.032055 0.052307
3 0.280530 0.565436 0.032069 0.047601
3 0.725721 0.639455 0.030273 0.057064
4 0.723765 0.522148 0.139265 0.304362
5 0.271678 0.501539 0.150490 0.320210
1 0.262241 0.839992 0.032926 0.061812
1 0.687429 0.651363 0.028497 0.064958
1 0.261932 0.917391 0.032950 0.053926
1 0.229284 0.953318 0.032950 0.047576
1 0.125898 0.746191 0.036508 0.049144
