1 0.873355 0.145271 0.027602 0.058569
0 0.400328 0.431132 0.089938 0.131431
0 0.266516 0.818736 0.136656 0.220417
0 0.586109 0.327674 0.081016 0.167847
0 0.722187 0.682806 0.122906 0.191556
1 0.427895 0.445368 0.034727 0.071236
1 0.601984 0.557757 0.033844 0.066486
1 0.528285 0.293007 0.032945 0.060153
1 0.543660 0.150118 0.029383 0.050653
1 0.736445 0.127938 0.023156 0.041125
1 0.815676 0.046514 0.023148 0.045917
1 0.936355 0.799174 0.034727 0.066486
1 0.282750 0.183368 0.027609 0.047486
1 0.584621 0.596549 0.032945 0.066486
1 0.467078 0.393910 0.035625 0.066486
2 0.896730 0.622667 0.032055 0.068083
3 0.255594 0.313965 0.028500 0.049069
3 0.787500 0.310285 0.028516 0.045875
4 0.835734 0.435069 0.175422 0.351444
5 0.257375 0.449319 0.174531 0.357778
1 0.306605 0.893361 0.037398 0.064917
1 0.225887 0.953521 0.040070 0.052236
1 0.570957 0.931903 0.046305 0.071250
2 0.398199 0.894062 0.048977 0.088653
