1 0.872352 0.145715 0.027609 0.058569
0 0.449656 0.416792 0.100703 0.166250
0 0.411832 0.914632 0.127367 0.170736
0 0.696406 0.272056 0.074844 0.153611
0 0.809020 0.628917 0.111320 0.185111
1 0.352027 0.431910 0.034727 0.060181
1 0.679578 0.539292 0.032078 0.066500
1 0.529020 0.291701 0.032945 0.060153
1 0.543660 0.150118 0.029383 0.050653
1 0.736445 0.127931 0.023156 0.041111
1 0.815242 0.048056 0.023156 0.045917
1 0.936355 0.799174 0.034727 0.066486
1 0.282750 0.183368 0.027609 0.047486
1 0.584621 0.596549 0.032945 0.066486
1 0.527629 0.415021 0.035617 0.066486
2 0.896730 0.622667 0.032055 0.068083
3 0.255594 0.313965 0.028500 0.049069
3 0.789211 0.312451 0.028516 0.045875
4 0.835734 0.435069 0.175422 0.351444
5 0.257375 0.449319 0.174531 0.357778
1 0.448824 0.945604 0.037398 0.064903
1 0.531195 0.986646 0.040078 0.026708
1 0.572301 0.930646 0.046305 0.071236
2 0.496035 0.934576 0.033852 0.068042
