0 0.631833 0.896170 0.089114 0.152156
0 0.261803 0.684211 0.091805 0.142584
0 0.324889 0.861787 0.097196 0.183993
0 0.670476 0.803402 0.098907 0.171065
1 0.096093 0.818352 0.040961 0.050730
1 0.243975 0.175344 0.030278 0.039631
1 0.245005 0.207118 0.029387 0.034874
1 0.184373 0.498108 0.033836 0.058649
1 0.318332 0.396124 0.025825 0.045973
1 0.287620 0.241565 0.024910 0.044388
1 0.291774 0.389652 0.023313 0.041317
1 0.312088 0.518964 0.027625 0.041183
1 0.537839 0.714740 0.030278 0.055520
1 0.416704 0.945352 0.033850 0.057064
1 0.755877 0.202148 0.027606 0.042768
1 0.718598 0.412777 0.023153 0.047567
1 0.732844 0.392945 0.024934 0.039614
1 0.720888 0.920046 0.029383 0.050747
1 0.710328 0.953683 0.033624 0.053188
1 0.773360 0.939853 0.029387 0.058649
1 0.877641 0.819375 0.032945 0.049136
2 0.312542 0.434169 0.028497 0.045973
2 0.765792 0.641833 0.032055 0.052307
3 0.281381 0.564929 0.032064 0.047592
3 0.725721 0.639455 0.030273 0.057064
4 0.723047 0.522148 0.138921 0.304362
5 0.271320 0.501539 0.150490 0.320210
1 0.220917 0.664249 0.030071 0.059253
1 0.502191 0.950935 0.033836 0.058599
1 0.209708 0.705852 0.024929 0.053935
1 0.229284 0.953318 0.032950 0.047576
1 0.129465 0.742668 0.036508 0.049144
