0 0.650653 0.884362 0.087432 0.150201
0 0.251051 0.677609 0.092243 0.126292
0 0.245598 0.783695 0.077238 0.164824
0 0.597856 0.677504 0.097125 0.137844
1 0.094840 0.819266 0.040961 0.050730
1 0.243975 0.173591 0.030278 0.039631
1 0.245502 0.205130 0.029383 0.034874
1 0.185014 0.497391 0.033836 0.058658
1 0.318332 0.396124 0.025825 0.045973
1 0.287620 0.241565 0.024910 0.044388
1 0.291774 0.389652 0.023313 0.041317
1 0.312088 0.518964 0.027625 0.041183
1 0.537882 0.719002 0.030278 0.055520
1 0.595516 0.950688 0.028497 0.057064
1 0.754288 0.201741 0.027606 0.042760
1 0.718598 0.412777 0.023153 0.047567
1 0.732844 0.392945 0.024934 0.039614
1 0.720153 0.922529 0.029383 0.050747
1 0.710328 0.953683 0.033624 0.053188
1 0.773360 0.939853 0.029387 0.058649
1 0.876725 0.819375 0.032950 0.049136
2 0.312542 0.434169 0.028497 0.045973
2 0.765792 0.641833 0.032055 0.052307
3 0.281381 0.564929 0.032064 0.047592
3 0.725721 0.639455 0.030273 0.057064
4 0.722985 0.522148 0.138921 0.304362
5 0.271385 0.501539 0.150490 0.320210
1 0.224753 0.667169 0.031569 0.060596
1 0.591166 0.870134 0.032041 0.058591
1 0.205240 0.703117 0.024929 0.053935
1 0.229284 0.953318 0.032950 0.047576
1 0.128801 0.743322 0.036508 0.049144
