1 0.874672 0.144688 0.027609 0.058569
0 0.449727 0.313979 0.080172 0.112431
0 0.402508 0.542715 0.113984 0.215292
0 0.675016 0.308444 0.069437 0.133000
0 0.716859 0.526889 0.087266 0.193139
1 0.529324 0.430937 0.034727 0.071236
1 0.574891 0.427618 0.033844 0.066486
1 0.527316 0.294729 0.032945 0.060153
1 0.543660 0.150118 0.029383 0.050653
1 0.736445 0.127951 0.023156 0.041153
1 0.816246 0.044479 0.023148 0.045903
1 0.936355 0.799174 0.034727 0.066486
1 0.282750 0.183368 0.027609 0.047486
1 0.584621 0.596549 0.032945 0.066486
1 0.673262 0.425132 0.035617 0.066486
2 0.896730 0.614222 0.032055 0.068083
3 0.257020 0.303840 0.028492 0.049069
3 0.766734 0.275972 0.028516 0.045917
4 0.835734 0.435069 0.175422 0.351444
5 0.257375 0.449319 0.174531 0.357778
1 0.427754 0.443292 0.037398 0.064917
1 0.218512 0.953521 0.040070 0.052236
1 0.569184 0.933562 0.046305 0.071236
2 0.398746 0.895604 0.048977 0.088653
