0 0.354484 0.179257 0.072125 0.099736
0 0.329547 0.862799 0.113984 0.215292
0 0.679703 0.154486 0.064109 0.123472
0 0.791063 0.814479 0.087266 0.193125
1 0.530832 0.427243 0.034727 0.071236
1 0.576637 0.425965 0.033836 0.066486
1 0.526852 0.295563 0.032953 0.060153
1 0.543660 0.150118 0.029383 0.050653
1 0.736445 0.127958 0.023156 0.041167
1 0.816523 0.043500 0.023156 0.045917
1 0.936355 0.799174 0.034727 0.066486
1 0.282750 0.183368 0.027609 0.047486
1 0.584621 0.596549 0.032945 0.066486
1 0.674887 0.429104 0.035617 0.066486
2 0.838762 0.796674 0.032055 0.068069
3 0.318750 0.205382 0.028500 0.049069
3 0.701652 0.124194 0.027602 0.045917
4 0.835734 0.435069 0.175422 0.351444
5 0.255227 0.450590 0.174531 0.357764
1 0.428340 0.439160 0.037398 0.064903
1 0.214949 0.953521 0.040070 0.052236
1 0.568332 0.934354 0.046305 0.071236
2 0.399285 0.895715 0.048977 0.088653
