1 0.873945 0.145007 0.027609 0.058569
0 0.477777 0.431132 0.081070 0.112431
0 0.347746 0.651931 0.107758 0.205750
0 0.661195 0.339181 0.100609 0.158389
0 0.737145 0.728229 0.113070 0.224153
1 0.505371 0.429535 0.034727 0.071236
1 0.572895 0.429507 0.033836 0.066486
1 0.527855 0.293785 0.032945 0.060153
1 0.543660 0.150118 0.029383 0.050653
1 0.736445 0.127944 0.023156 0.041139
1 0.815930 0.045604 0.023156 0.045903
1 0.936355 0.799174 0.034727 0.066486
1 0.282750 0.183368 0.027609 0.047486
1 0.584621 0.596549 0.032945 0.066486
1 0.639730 0.355924 0.035617 0.066486
2 0.896730 0.622667 0.032055 0.068083
3 0.255594 0.313965 0.028500 0.049069
3 0.786492 0.309000 0.028516 0.045861
4 0.835734 0.435069 0.175422 0.351444
5 0.257375 0.449319 0.174531 0.357778
1 0.368684 0.608410 0.037398 0.064903
1 0.222582 0.953521 0.040070 0.052236
1 0.570160 0.932646 0.046305 0.071236
2 0.398129 0.895472 0.048977 0.088639
