0 0.595782 0.714438 0.076456 0.137886
0 0.250770 0.672622 0.092568 0.114253
0 0.247102 0.787026 0.077512 0.166183
0 0.611850 0.604069 0.083558 0.131594
1 0.091687 0.821581 0.040961 0.050730
1 0.243975 0.169178 0.030278 0.039631
1 0.246755 0.200109 0.029383 0.034883
1 0.186635 0.495591 0.033836 0.058649
1 0.318332 0.396124 0.025825 0.045973
1 0.287620 0.241565 0.024910 0.044388
1 0.291774 0.389652 0.023313 0.041317
1 0.312088 0.518964 0.027625 0.041183
1 0.540148 0.735201 0.030278 0.053893
1 0.694008 0.907307 0.028497 0.057064
1 0.744199 0.195843 0.027606 0.043666
1 0.776857 0.231275 0.026909 0.039664
1 0.718598 0.412777 0.023153 0.047567
1 0.732844 0.392945 0.024934 0.039614
1 0.729093 0.889748 0.030353 0.053322
1 0.716374 0.945755 0.033624 0.053188
1 0.773360 0.939853 0.029387 0.058649
1 0.879029 0.819958 0.032950 0.049144
2 0.312542 0.434169 0.028497 0.045973
2 0.765792 0.641833 0.032055 0.052307
3 0.281381 0.564929 0.032064 0.047592
3 0.725721 0.639455 0.030273 0.057064
4 0.723862 0.522148 0.139072 0.304362
5 0.271550 0.501539 0.150490 0.320210
1 0.228796 0.675134 0.032926 0.061812
1 0.772924 0.827030 0.032041 0.058591
1 0.209946 0.707160 0.032945 0.053935
1 0.229284 0.953318 0.032950 0.047576
1 0.127132 0.744975 0.036508 0.049144
