0 0.484517 0.670638 0.079298 0.141007
0 0.346327 0.904161 0.091682 0.145940
0 0.440950 0.906321 0.087253 0.131485
0 0.689694 0.303523 0.075702 0.109832
1 0.088030 0.824258 0.040961 0.050730
1 0.243975 0.164069 0.030278 0.039631
1 0.252531 0.198377 0.029387 0.034874
1 0.188513 0.493503 0.033841 0.058649
1 0.318332 0.396124 0.025825 0.045973
1 0.287620 0.241565 0.024910 0.044388
1 0.293367 0.389656 0.023313 0.041326
1 0.312088 0.518964 0.027625 0.041183
1 0.514067 0.499983 0.030273 0.053893
1 0.524168 0.669845 0.028497 0.057072
1 0.760386 0.211426 0.027606 0.036460
1 0.768033 0.231388 0.024934 0.033297
1 0.724314 0.436938 0.025189 0.047567
1 0.732486 0.392177 0.024934 0.039622
1 0.728322 0.888796 0.032102 0.057978
1 0.719258 0.945755 0.033624 0.053188
1 0.773360 0.939853 0.029387 0.058649
1 0.883091 0.820961 0.032950 0.049136
2 0.312542 0.434169 0.028497 0.045973
2 0.765792 0.641833 0.032055 0.052307
3 0.279703 0.565927 0.032064 0.047592
3 0.725721 0.639455 0.030273 0.057064
4 0.723711 0.522148 0.139373 0.304362
5 0.271748 0.501539 0.150490 0.320210
1 0.387062 0.884320 0.032926 0.061812
1 0.648963 0.674555 0.032950 0.066560
1 0.386352 0.939727 0.032950 0.053935
1 0.229284 0.953318 0.032950 0.047576
1 0.125196 0.746888 0.036508 0.049144
