0 0.415631 0.660868 0.094420 0.156888
0 0.294317 0.894782 0.098803 0.153826
0 0.566496 0.884711 0.090844 0.163213
0 0.704350 0.349375 0.074797 0.099874
1 0.084491 0.826854 0.040961 0.050721
1 0.243975 0.159119 0.030278 0.039631
1 0.246442 0.195424 0.029387 0.034874
1 0.190330 0.491477 0.033836 0.058658
1 0.318332 0.396124 0.025825 0.045973
1 0.287620 0.241565 0.024910 0.044388
1 0.291402 0.386212 0.023134 0.042794
1 0.307394 0.486246 0.027625 0.041183
1 0.513878 0.501036 0.030273 0.053901
1 0.519239 0.638716 0.028497 0.057064
1 0.760457 0.208238 0.027606 0.036460
1 0.764710 0.232374 0.024934 0.033289
1 0.682641 0.401951 0.028497 0.043616
1 0.729715 0.386263 0.024934 0.039622
1 0.727493 0.896435 0.032950 0.060235
1 0.717804 0.948356 0.032055 0.057064
1 0.773360 0.939853 0.029387 0.058649
1 0.871506 0.821384 0.032945 0.049144
2 0.312542 0.434169 0.028497 0.045973
2 0.765792 0.641833 0.032055 0.052307
3 0.276593 0.566716 0.032064 0.047592
3 0.725721 0.639455 0.030273 0.057064
4 0.723565 0.522148 0.139665 0.304362
5 0.271937 0.501539 0.150490 0.320210
1 0.322792 0.923213 0.032926 0.061812
1 0.359736 0.904199 0.032950 0.066552
1 0.335250 0.954111 0.032950 0.055503
1 0.229284 0.953318 0.032950 0.047576
1 0.123322 0.748742 0.036513 0.049144
