1 0.874113 0.144937 0.027602 0.058569
0 0.495777 0.425701 0.080430 0.112431
0 0.398504 0.534785 0.107758 0.205764
0 0.666953 0.337132 0.100609 0.158375
0 0.728789 0.727889 0.098719 0.221667
1 0.527223 0.427250 0.034727 0.071250
1 0.573355 0.429076 0.033836 0.066486
1 0.527730 0.294000 0.032945 0.060167
1 0.543660 0.150118 0.029383 0.050653
1 0.736445 0.127944 0.023156 0.041139
1 0.816004 0.045340 0.023148 0.045903
1 0.936355 0.799174 0.034727 0.066486
1 0.282750 0.183368 0.027609 0.047486
1 0.584621 0.596549 0.032945 0.066486
1 0.642449 0.355924 0.035617 0.066486
2 0.896855 0.622667 0.032055 0.068083
3 0.255594 0.313965 0.028500 0.049069
3 0.786211 0.308639 0.028516 0.045861
4 0.835734 0.435069 0.175422 0.351444
5 0.257375 0.449319 0.174531 0.357778
1 0.418551 0.489687 0.037398 0.064903
1 0.221645 0.953521 0.040070 0.052236
1 0.569941 0.932854 0.046305 0.071236
2 0.398270 0.895507 0.048977 0.088653
