1 0.874383 0.144813 0.027609 0.058569
0 0.494430 0.392507 0.080172 0.112431
0 0.407520 0.503361 0.097102 0.189944
0 0.670562 0.350500 0.069437 0.143861
0 0.693543 0.509444 0.081055 0.180528
1 0.530160 0.430604 0.034727 0.071236
1 0.574102 0.428368 0.033844 0.066486
1 0.527531 0.294354 0.032953 0.060153
1 0.543660 0.150118 0.029383 0.050653
1 0.736445 0.127944 0.023156 0.041139
1 0.816121 0.044924 0.023148 0.045903
1 0.936355 0.799174 0.034727 0.066486
1 0.282750 0.183368 0.027609 0.047486
1 0.584621 0.596549 0.032945 0.066486
1 0.668770 0.404993 0.035617 0.066486
2 0.899148 0.622667 0.032062 0.068083
3 0.255594 0.313965 0.028500 0.049069
3 0.785742 0.308049 0.028516 0.045875
4 0.835734 0.435069 0.175422 0.351444
5 0.257375 0.449319 0.174531 0.357778
1 0.425848 0.457076 0.037398 0.064903
1 0.220121 0.953521 0.040070 0.052236
1 0.569574 0.933201 0.046305 0.071236
2 0.398504 0.895549 0.048977 0.088653
