0 0.295601 0.701275 0.081051 0.137836
0 0.255782 0.861795 0.096136 0.155369
0 0.440318 0.895856 0.087281 0.133943
0 0.704350 0.348125 0.074797 0.099874
1 0.083610 0.827504 0.040961 0.050730
1 0.243975 0.157886 0.030278 0.039631
1 0.244920 0.194685 0.029387 0.034874
1 0.188605 0.483167 0.033836 0.058649
1 0.318332 0.396124 0.025825 0.045973
1 0.287620 0.241565 0.024910 0.044388
1 0.288263 0.390063 0.023134 0.042794
1 0.272180 0.483654 0.027620 0.041183
1 0.513831 0.501300 0.030273 0.053893
1 0.516857 0.639102 0.028492 0.057064
1 0.760221 0.207013 0.027606 0.036460
1 0.763881 0.232617 0.024934 0.033289
1 0.682818 0.396003 0.028492 0.042357
1 0.729025 0.384786 0.024929 0.039622
1 0.727264 0.900487 0.032945 0.060235
1 0.715426 0.949299 0.032059 0.057072
1 0.773360 0.939853 0.029387 0.058649
1 0.873266 0.825310 0.032950 0.049144
2 0.311004 0.426820 0.028492 0.045973
2 0.765792 0.641833 0.032055 0.052307
3 0.280931 0.552773 0.034727 0.055478
3 0.725721 0.639455 0.030273 0.057064
4 0.723530 0.522148 0.139736 0.304362
5 0.271984 0.501539 0.150490 0.320210
1 0.273914 0.897936 0.033124 0.061812
1 0.314324 0.901409 0.030278 0.052315
1 0.293042 0.946665 0.032945 0.046938
1 0.229284 0.953318 0.032950 0.047576
1 0.122853 0.749203 0.036508 0.049144
