0 0.354977 0.179118 0.072125 0.099736
0 0.329609 0.863139 0.113984 0.215278
0 0.679949 0.157278 0.064117 0.123472
0 0.792250 0.810785 0.087266 0.193125
1 0.530473 0.428125 0.034727 0.071250
1 0.576223 0.426361 0.033836 0.066500
1 0.526965 0.295368 0.032945 0.060153
1 0.543660 0.150118 0.029383 0.050653
1 0.736445 0.127951 0.023156 0.041153
1 0.816457 0.043729 0.023148 0.045903
1 0.936355 0.799174 0.034727 0.066486
1 0.282750 0.183368 0.027609 0.047486
1 0.584621 0.596549 0.032945 0.066486
1 0.674762 0.429465 0.035617 0.066486
2 0.840449 0.794979 0.032055 0.068069
3 0.317793 0.206028 0.028492 0.049083
3 0.703812 0.127549 0.027609 0.045903
4 0.835734 0.435069 0.175422 0.351444
5 0.255750 0.450278 0.174531 0.357778
1 0.428340 0.439285 0.037398 0.064903
1 0.215793 0.953521 0.040070 0.052236
1 0.568535 0.934167 0.046305 0.071250
2 0.399160 0.895687 0.048977 0.088653
