0 0.606654 0.707638 0.073638 0.136334
0 0.269135 0.696107 0.096103 0.141158
0 0.328122 0.890906 0.092757 0.153993
0 0.562919 0.485487 0.071343 0.134262
1 0.090669 0.822328 0.040961 0.050730
1 0.243975 0.167756 0.030278 0.039622
1 0.249576 0.198561 0.029387 0.034874
1 0.187158 0.495008 0.033836 0.058658
1 0.318332 0.396124 0.025825 0.045973
1 0.287620 0.241565 0.024910 0.044388
1 0.291807 0.389652 0.023313 0.041317
1 0.312088 0.518964 0.027625 0.041183
1 0.513499 0.531741 0.030278 0.053901
1 0.694234 0.907940 0.028968 0.057072
1 0.751197 0.192919 0.027606 0.036460
1 0.777243 0.226422 0.024929 0.040847
1 0.720184 0.411267 0.023148 0.047567
1 0.732844 0.392945 0.024934 0.039614
1 0.728878 0.889484 0.030839 0.054622
1 0.717180 0.945755 0.033624 0.053188
1 0.773360 0.939853 0.029387 0.058649
1 0.880829 0.820277 0.032950 0.049144
2 0.312542 0.434169 0.028497 0.045973
2 0.765792 0.641833 0.032055 0.052307
3 0.281343 0.564954 0.032064 0.047592
3 0.725721 0.639455 0.030273 0.057064
4 0.723820 0.522148 0.139156 0.304362
5 0.271607 0.501539 0.150490 0.320210
1 0.234790 0.710042 0.032926 0.061812
1 0.773951 0.815747 0.032041 0.058591
1 0.206642 0.746208 0.032945 0.053926
1 0.229284 0.953318 0.032950 0.047576
1 0.126590 0.745508 0.036508 0.049136
