0 0.435398 0.645793 0.092644 0.152106
0 0.398501 0.902576 0.091687 0.145940
0 0.614145 0.886573 0.090844 0.163213
0 0.704350 0.350000 0.074797 0.099866
1 0.084934 0.826531 0.040961 0.050730
1 0.243975 0.159740 0.030278 0.039631
1 0.247203 0.195793 0.029383 0.034874
1 0.190104 0.491732 0.033836 0.058649
1 0.318332 0.396124 0.025825 0.045973
1 0.287620 0.241565 0.024910 0.044388
1 0.295200 0.389656 0.023313 0.041326
1 0.310589 0.503846 0.027625 0.041183
1 0.513902 0.500906 0.030273 0.053893
1 0.520431 0.638523 0.028497 0.057064
1 0.760575 0.208851 0.027606 0.036460
1 0.765125 0.232248 0.024934 0.033289
1 0.682554 0.404924 0.028492 0.044245
1 0.730064 0.387001 0.024934 0.039622
1 0.727606 0.894409 0.032950 0.060243
1 0.718994 0.947886 0.032059 0.057064
1 0.773360 0.939853 0.029387 0.058649
1 0.872498 0.820961 0.032950 0.049136
2 0.312542 0.434169 0.028497 0.045973
2 0.765792 0.641833 0.032055 0.052307
3 0.281777 0.563477 0.032064 0.047592
3 0.725721 0.639455 0.030273 0.057064
4 0.723584 0.522148 0.139628 0.304362
5 0.271913 0.501539 0.150490 0.320210
1 0.418961 0.909740 0.032926 0.061812
1 0.446555 0.883591 0.032950 0.066560
1 0.444779 0.936669 0.032950 0.055503
1 0.229284 0.953318 0.032950 0.047576
1 0.123556 0.748507 0.036508 0.049144
