1 0.874746 0.144660 0.027602 0.058569
0 0.413648 0.269646 0.072125 0.099736
0 0.386484 0.626618 0.113984 0.215292
0 0.677676 0.270437 0.064117 0.123486
0 0.739117 0.604458 0.087266 0.193139
1 0.529504 0.430500 0.034727 0.071250
1 0.575098 0.427424 0.033836 0.066486
1 0.527262 0.294833 0.032945 0.060167
1 0.543660 0.150118 0.029383 0.050653
1 0.736445 0.127951 0.023156 0.041153
1 0.816281 0.044361 0.023156 0.045917
1 0.936355 0.799174 0.034727 0.066486
1 0.282750 0.183368 0.027609 0.047486
1 0.584621 0.596549 0.032945 0.066486
1 0.674441 0.430438 0.035617 0.066486
2 0.894949 0.610007 0.032055 0.068069
3 0.261824 0.274389 0.028492 0.049083
3 0.745359 0.250646 0.028516 0.045903
4 0.835734 0.435069 0.175422 0.351444
5 0.257164 0.449444 0.174531 0.357778
1 0.428332 0.439639 0.037398 0.064917
1 0.218086 0.953521 0.040078 0.052236
1 0.569082 0.933653 0.046305 0.071250
2 0.398809 0.895618 0.048977 0.088653
