0 0.243263 0.737248 0.074802 0.147399
0 0.257382 0.848352 0.073907 0.139505
0 0.333911 0.914715 0.085485 0.106208
0 0.704350 0.347089 0.074797 0.099866
1 0.082879 0.828041 0.040961 0.050730
1 0.243975 0.156862 0.030278 0.039631
1 0.243662 0.194073 0.029387 0.034874
1 0.185528 0.470386 0.033836 0.058658
1 0.318332 0.396124 0.025825 0.045973
1 0.286517 0.244157 0.027116 0.049572
1 0.260533 0.443536 0.028247 0.053180
1 0.244703 0.527911 0.034166 0.054178
1 0.513794 0.501518 0.030273 0.053893
1 0.514887 0.639421 0.028492 0.057064
1 0.760024 0.206003 0.027606 0.036468
1 0.763193 0.232827 0.024934 0.033289
1 0.682962 0.391091 0.028497 0.041326
1 0.728452 0.383561 0.024934 0.039622
1 0.727076 0.903834 0.032945 0.060235
1 0.713461 0.950076 0.032059 0.057064
1 0.773360 0.939853 0.029387 0.058649
1 0.874722 0.828549 0.032950 0.049144
2 0.308334 0.428691 0.028497 0.045973
2 0.765792 0.641833 0.032055 0.052307
3 0.283845 0.576116 0.034731 0.055487
3 0.725721 0.639455 0.030273 0.057064
4 0.723499 0.522148 0.139797 0.304362
5 0.272022 0.501539 0.150490 0.320210
1 0.256378 0.908830 0.034727 0.061820
1 0.300024 0.921485 0.030273 0.052315
1 0.276477 0.948570 0.032945 0.041216
1 0.222950 0.951917 0.028200 0.053196
1 0.122467 0.749589 0.036508 0.049144
