1 0.217773 0.683087 0.031032 0.051762
0 0.566291 0.899409 0.089114 0.152156
0 0.261037 0.746485 0.097191 0.161862
0 0.301435 0.902722 0.093445 0.136602
0 0.647064 0.841783 0.098907 0.171065
1 0.097938 0.816997 0.040966 0.050721
1 0.243975 0.177924 0.030278 0.039622
1 0.244272 0.210059 0.029383 0.034883
1 0.183424 0.499161 0.033841 0.058658
1 0.318332 0.396124 0.025825 0.045973
1 0.287620 0.241565 0.024910 0.044388
1 0.291774 0.389652 0.023313 0.041317
1 0.312088 0.518964 0.027625 0.041183
1 0.538445 0.711942 0.030273 0.055512
1 0.252771 0.896682 0.033845 0.057072
1 0.758223 0.202747 0.027606 0.042760
1 0.718598 0.412777 0.023153 0.047567
1 0.732844 0.392945 0.024934 0.039614
1 0.722684 0.915969 0.029383 0.050747
1 0.710328 0.953683 0.033624 0.053188
1 0.773360 0.939853 0.029387 0.058649
1 0.878996 0.819375 0.032950 0.049136
2 0.312542 0.434169 0.028497 0.045973
2 0.765792 0.641833 0.032055 0.052307
3 0.281381 0.564929 0.032064 0.047592
3 0.725721 0.639455 0.030273 0.057064
4 0.723047 0.522148 0.138921 0.304362
5 0.271221 0.501539 0.150490 0.320210
1 0.232823 0.637978 0.024939 0.045990
1 0.499925 0.946812 0.033836 0.058591
1 0.229284 0.953318 0.032950 0.047576
1 0.130441 0.741703 0.036508 0.049144
