0 0.641006 0.708104 0.093577 0.134715
0 0.266261 0.680659 0.092568 0.114253
0 0.271152 0.856556 0.100646 0.167810
0 0.644112 0.572584 0.083737 0.148490
1 0.092455 0.821015 0.040961 0.050721
1 0.243975 0.170260 0.030278 0.039631
1 0.246451 0.201330 0.029387 0.034874
1 0.186239 0.496028 0.033836 0.058649
1 0.318332 0.396124 0.025825 0.045973
1 0.287620 0.241565 0.024910 0.044388
1 0.291774 0.389652 0.023313 0.041317
1 0.312088 0.518964 0.027625 0.041183
1 0.545504 0.751783 0.030273 0.053901
1 0.692858 0.908532 0.028497 0.057064
1 0.747879 0.198234 0.027606 0.042760
1 0.767976 0.231036 0.025735 0.036015
1 0.718598 0.412777 0.023153 0.047567
1 0.732844 0.392945 0.024934 0.039614
1 0.727446 0.893167 0.029981 0.052341
1 0.715766 0.945755 0.033624 0.053188
1 0.773360 0.939853 0.029387 0.058649
1 0.877670 0.819715 0.032945 0.049144
2 0.312542 0.434169 0.028497 0.045973
2 0.765792 0.641833 0.032055 0.052307
3 0.281381 0.564929 0.032064 0.047592
3 0.725721 0.639455 0.030273 0.057064
4 0.723893 0.522148 0.139010 0.304362
5 0.271513 0.501539 0.150490 0.320210
1 0.244588 0.687441 0.032926 0.061812
1 0.763923 0.838867 0.032041 0.058591
1 0.220377 0.715541 0.032950 0.053935
1 0.229284 0.953318 0.032950 0.047576
1 0.127538 0.744572 0.036508 0.049144
