0 0.422712 0.666401 0.079298 0.141007
0 0.576150 0.902576 0.091687 0.145940
0 0.676986 0.906598 0.087253 0.131485
0 0.704350 0.350847 0.074797 0.099866
1 0.085533 0.826095 0.040961 0.050730
1 0.243975 0.160570 0.030278 0.039631
1 0.248230 0.196288 0.029383 0.034874
1 0.189797 0.492072 0.033836 0.058658
1 0.318332 0.396124 0.025825 0.045973
1 0.287620 0.241565 0.024910 0.044388
1 0.294847 0.389656 0.023313 0.041326
1 0.312088 0.518964 0.027625 0.041183
1 0.513933 0.500726 0.030278 0.053901
1 0.522038 0.638263 0.028497 0.057064
1 0.760735 0.209673 0.027606 0.036460
1 0.765686 0.232085 0.024934 0.033297
1 0.682436 0.408935 0.028492 0.045084
1 0.730530 0.387999 0.024934 0.039622
1 0.727759 0.891678 0.032945 0.060235
1 0.720596 0.947253 0.032059 0.057072
1 0.773360 0.939853 0.029387 0.058649
1 0.874538 0.820961 0.032950 0.049136
2 0.312542 0.434169 0.028497 0.045973
2 0.765792 0.641833 0.032055 0.052307
3 0.283275 0.566514 0.032064 0.047592
3 0.725721 0.639455 0.030273 0.057064
4 0.723607 0.522148 0.139581 0.304362
5 0.271880 0.501539 0.150490 0.320210
1 0.596166 0.914497 0.032926 0.061812
1 0.619755 0.881212 0.032950 0.066552
1 0.621536 0.947768 0.032950 0.055503
1 0.229284 0.953318 0.032950 0.047576
1 0.123871 0.748196 0.036508 0.049144
