1 0.873988 0.144993 0.027602 0.058569
0 0.489930 0.427514 0.080938 0.112417
0 0.368672 0.607604 0.107750 0.205764
0 0.662766 0.338625 0.100609 0.158389
0 0.737227 0.728083 0.114234 0.223083
1 0.519000 0.427812 0.034734 0.071236
1 0.573020 0.429396 0.033836 0.066486
1 0.527820 0.293840 0.032953 0.060153
1 0.543660 0.150118 0.029383 0.050653
1 0.736445 0.127944 0.023156 0.041139
1 0.815949 0.045535 0.023148 0.045903
1 0.936355 0.799174 0.034727 0.066486
1 0.282750 0.183368 0.027609 0.047486
1 0.584621 0.596549 0.032945 0.066486
1 0.640473 0.355924 0.035617 0.066486
2 0.896730 0.622667 0.032055 0.068083
3 0.255594 0.313965 0.028500 0.049069
3 0.786414 0.308896 0.028516 0.045875
4 0.835734 0.435069 0.175422 0.351444
5 0.257375 0.449319 0.174531 0.357778
1 0.387082 0.557229 0.037398 0.064903
1 0.222324 0.953521 0.040070 0.052236
1 0.570105 0.932701 0.046305 0.071236
2 0.398168 0.895479 0.048977 0.088653
