0 0.308640 0.700482 0.081051 0.137827
0 0.244873 0.845772 0.096136 0.155369
0 0.466520 0.888209 0.086395 0.150596
0 0.704350 0.348314 0.074797 0.099866
1 0.083742 0.827404 0.040961 0.050730
1 0.243975 0.158070 0.030278 0.039631
1 0.245151 0.194794 0.029387 0.034874
1 0.189171 0.485520 0.033836 0.058658
1 0.318332 0.396124 0.025825 0.045973
1 0.287620 0.241565 0.024910 0.044388
1 0.292578 0.390910 0.023139 0.042794
1 0.276979 0.476388 0.027625 0.041183
1 0.513838 0.501258 0.030278 0.053893
1 0.517220 0.639044 0.028492 0.057064
1 0.760257 0.207198 0.027601 0.036460
1 0.764006 0.232584 0.024929 0.033289
1 0.682792 0.396913 0.028497 0.042550
1 0.729131 0.385008 0.024934 0.039614
1 0.727300 0.899870 0.032950 0.060243
1 0.715787 0.949153 0.032055 0.057064
1 0.773360 0.939853 0.029387 0.058649
1 0.873000 0.824711 0.032945 0.049136
2 0.311652 0.430201 0.028497 0.045973
2 0.765792 0.641833 0.032055 0.052307
3 0.282712 0.553851 0.034727 0.055487
3 0.725721 0.639455 0.030273 0.057064
4 0.723534 0.522148 0.139727 0.304362
5 0.271975 0.501539 0.150490 0.320210
1 0.268475 0.892525 0.032926 0.061812
1 0.313433 0.900189 0.030278 0.055545
1 0.293664 0.945138 0.032945 0.049438
1 0.229284 0.953318 0.032950 0.047576
1 0.122924 0.749136 0.036508 0.049144
