1 0.874141 0.144924 0.027609 0.058569
0 0.497242 0.425250 0.080297 0.112417
0 0.400664 0.521556 0.107000 0.204639
0 0.666582 0.334299 0.095258 0.156264
0 0.723977 0.720771 0.092641 0.210597
1 0.529277 0.427104 0.034727 0.071236
1 0.573438 0.428993 0.033844 0.066486
1 0.527707 0.294042 0.032945 0.060167
1 0.543660 0.150118 0.029383 0.050653
1 0.736445 0.127944 0.023156 0.041139
1 0.816016 0.045299 0.023156 0.045903
1 0.936355 0.799174 0.034727 0.066486
1 0.282750 0.183368 0.027609 0.047486
1 0.584621 0.596549 0.032945 0.066486
1 0.642949 0.355924 0.035617 0.066486
2 0.897113 0.622667 0.032055 0.068083
3 0.255594 0.313965 0.028500 0.049069
3 0.786156 0.308576 0.028516 0.045875
4 0.835734 0.435069 0.175422 0.351444
5 0.257375 0.449319 0.174531 0.357778
1 0.420527 0.483701 0.037398 0.064903
1 0.221480 0.953521 0.040070 0.052236
1 0.569902 0.932896 0.046305 0.071236
2 0.398297 0.895507 0.048969 0.088653
