1 0.874324 0.144840 0.027602 0.058569
0 0.493719 0.395035 0.080172 0.112431
0 0.405234 0.514778 0.097859 0.191083
0 0.670453 0.344646 0.069437 0.152014
0 0.698293 0.560632 0.081055 0.180514
1 0.531238 0.429340 0.034727 0.071236
1 0.573934 0.428521 0.033836 0.066486
1 0.527574 0.294278 0.032945 0.060167
1 0.543660 0.150118 0.029383 0.050653
1 0.736445 0.127944 0.023156 0.041139
1 0.816098 0.045014 0.023148 0.045917
1 0.936355 0.799174 0.034727 0.066486
1 0.282750 0.183368 0.027609 0.047486
1 0.584621 0.596549 0.032945 0.066486
1 0.668770 0.382833 0.035617 0.066500
2 0.898637 0.622667 0.032055 0.068083
3 0.255594 0.313965 0.028500 0.049069
3 0.785844 0.308174 0.028516 0.045875
4 0.835734 0.435069 0.175422 0.351444
5 0.257375 0.449319 0.174531 0.357778
1 0.426563 0.459604 0.037406 0.064903
1 0.220457 0.953521 0.040070 0.052236
1 0.569652 0.933118 0.046305 0.071236
2 0.398449 0.895535 0.048977 0.088653
