0 0.649394 0.681233 0.076489 0.139245
0 0.271013 0.702408 0.100877 0.164094
0 0.294894 0.892143 0.087253 0.131485
0 0.637660 0.333947 0.075782 0.106233
1 0.089708 0.823033 0.040961 0.050730
1 0.243975 0.166409 0.030278 0.039631
1 0.263372 0.197445 0.029383 0.034874
1 0.187653 0.494459 0.033836 0.058649
1 0.318332 0.396124 0.025825 0.045973
1 0.287620 0.241565 0.024910 0.044388
1 0.292377 0.389652 0.023313 0.041317
1 0.312088 0.518964 0.027625 0.041183
1 0.515160 0.498083 0.030273 0.053901
1 0.696230 0.789304 0.028492 0.057064
1 0.758624 0.210025 0.027606 0.036460
1 0.769720 0.236657 0.024934 0.042894
1 0.722220 0.409337 0.023148 0.047567
1 0.732844 0.392945 0.024934 0.039614
1 0.728673 0.889232 0.031296 0.055847
1 0.717938 0.945755 0.033624 0.053188
1 0.773360 0.939853 0.029387 0.058649
1 0.882528 0.820579 0.032945 0.049144
2 0.312542 0.434169 0.028497 0.045973
2 0.765792 0.641833 0.032055 0.052307
3 0.280745 0.565306 0.032064 0.047592
3 0.725721 0.639455 0.030273 0.057064
4 0.723779 0.522148 0.139237 0.304362
5 0.271659 0.501539 0.150490 0.320210
1 0.247519 0.724924 0.032926 0.061812
1 0.741909 0.700042 0.029331 0.063456
1 0.235306 0.834153 0.032950 0.053926
1 0.229284 0.953318 0.032950 0.047576
1 0.126082 0.746011 0.036508 0.049136
