1 0.873215 0.145333 0.027602 0.058583
0 0.397648 0.428750 0.088141 0.126667
0 0.287633 0.837972 0.144297 0.223111
0 0.623414 0.338556 0.092625 0.167833
0 0.715633 0.680215 0.122906 0.191569
1 0.373578 0.427951 0.034734 0.071236
1 0.628699 0.571215 0.033836 0.066486
1 0.528387 0.292833 0.032945 0.060167
1 0.543660 0.150118 0.029383 0.050653
1 0.736445 0.127938 0.023156 0.041125
1 0.815617 0.046722 0.023156 0.045917
1 0.936355 0.799174 0.034727 0.066486
1 0.282750 0.183368 0.027609 0.047486
1 0.584621 0.596549 0.032945 0.066486
1 0.473184 0.387507 0.035617 0.066486
2 0.896730 0.622667 0.032055 0.068083
3 0.255594 0.313965 0.028500 0.049069
3 0.787734 0.310576 0.028516 0.045875
4 0.835734 0.435069 0.175422 0.351444
5 0.257375 0.449319 0.174531 0.357778
1 0.324605 0.883076 0.037398 0.064903
1 0.226652 0.953521 0.040070 0.052236
1 0.571145 0.931729 0.046305 0.071236
2 0.400652 0.888160 0.048977 0.088653
