0 0.571235 0.895008 0.089114 0.152148
0 0.255650 0.690516 0.091385 0.158129
0 0.353035 0.871833 0.085862 0.154455
0 0.646367 0.839924 0.098907 0.171074
1 0.097286 0.817479 0.040961 0.050730
1 0.243975 0.177005 0.030278 0.039631
1 0.244531 0.209014 0.029383 0.034874
1 0.183761 0.498788 0.033836 0.058649
1 0.318332 0.396124 0.025825 0.045973
1 0.287620 0.241565 0.024910 0.044388
1 0.291774 0.389652 0.023313 0.041317
1 0.312088 0.518964 0.027625 0.041183
1 0.538230 0.712936 0.030278 0.055520
1 0.314562 0.951573 0.033845 0.057072
1 0.757392 0.202534 0.027601 0.042768
1 0.718598 0.412777 0.023153 0.047567
1 0.732844 0.392945 0.024934 0.039614
1 0.722048 0.917412 0.029383 0.050747
1 0.710328 0.953683 0.033624 0.053188
1 0.773360 0.939853 0.029387 0.058649
1 0.878516 0.819375 0.032950 0.049136
2 0.312542 0.434169 0.028497 0.045973
2 0.765792 0.641833 0.032055 0.052307
3 0.281381 0.564929 0.032064 0.047592
3 0.725721 0.639455 0.030273 0.057064
4 0.723047 0.522148 0.138921 0.304362
5 0.271254 0.501539 0.150490 0.320210
1 0.224065 0.651837 0.024943 0.045990
1 0.500726 0.948272 0.033836 0.058591
1 0.229284 0.953318 0.032950 0.047576
1 0.130094 0.742043 0.036513 0.049136
