0 0.485874 0.680310 0.079298 0.141007
0 0.549720 0.905747 0.091682 0.145940
0 0.643721 0.912076 0.087253 0.131485
0 0.704350 0.352341 0.074797 0.099866
1 0.086588 0.825315 0.040961 0.050730
1 0.243975 0.162055 0.030278 0.039631
1 0.250049 0.197169 0.029383 0.034874
1 0.189253 0.492676 0.033841 0.058658
1 0.318332 0.396124 0.025825 0.045973
1 0.287620 0.241565 0.024910 0.044388
1 0.294220 0.389656 0.023313 0.041326
1 0.312088 0.518964 0.027625 0.041183
1 0.513989 0.500415 0.030278 0.053901
1 0.523664 0.641615 0.028497 0.057072
1 0.761018 0.211141 0.027606 0.036460
1 0.766675 0.231787 0.024934 0.033289
1 0.682227 0.416044 0.028497 0.046586
1 0.731355 0.389765 0.024934 0.039614
1 0.728016 0.888419 0.032790 0.059824
1 0.720393 0.945755 0.033624 0.053188
1 0.773360 0.939853 0.029387 0.058649
1 0.878157 0.820961 0.032950 0.049136
2 0.312542 0.434169 0.028497 0.045973
2 0.765792 0.641833 0.032055 0.052307
3 0.278805 0.566460 0.032069 0.047601
3 0.725721 0.639455 0.030273 0.057064
4 0.723652 0.522148 0.139491 0.304362
5 0.271824 0.501539 0.150490 0.320210
1 0.589993 0.899299 0.032926 0.061820
1 0.627498 0.763431 0.032950 0.066560
1 0.599152 0.927525 0.032950 0.053926
1 0.229284 0.953318 0.032950 0.047576
1 0.124432 0.747643 0.036508 0.049144
