0 0.246041 0.736925 0.089057 0.141049
0 0.252436 0.851871 0.073911 0.139497
0 0.338365 0.915285 0.085485 0.106208
0 0.704350 0.347227 0.074797 0.099874
1 0.082974 0.827966 0.040961 0.050730
1 0.243975 0.156997 0.030278 0.039631
1 0.243829 0.194148 0.029383 0.034874
1 0.185933 0.472068 0.033836 0.058649
1 0.318332 0.396124 0.025825 0.045973
1 0.286824 0.243440 0.026503 0.048138
1 0.265087 0.429484 0.026828 0.050294
1 0.247837 0.523221 0.032347 0.050570
1 0.513798 0.501489 0.030273 0.053901
1 0.515146 0.639379 0.028492 0.057064
1 0.760052 0.206133 0.027606 0.036460
1 0.763282 0.232794 0.024934 0.033289
1 0.682943 0.391737 0.028497 0.041460
1 0.728527 0.383725 0.024934 0.039614
1 0.727102 0.903393 0.032950 0.060243
1 0.713721 0.949971 0.032059 0.057072
1 0.773360 0.939853 0.029387 0.058649
1 0.874531 0.828121 0.032945 0.049144
2 0.309750 0.429773 0.028492 0.045973
2 0.765792 0.641833 0.032055 0.052307
3 0.283035 0.573234 0.034731 0.055478
3 0.725721 0.639455 0.030273 0.057064
4 0.723501 0.522148 0.139793 0.304362
5 0.272017 0.501539 0.150490 0.320210
1 0.255106 0.914492 0.034727 0.061820
1 0.302118 0.919153 0.030278 0.052315
1 0.274303 0.948922 0.032950 0.041216
1 0.223942 0.952139 0.028940 0.052315
1 0.122519 0.749539 0.036508 0.049144
