0 0.456124 0.682072 0.079298 0.141007
0 0.585945 0.900201 0.091682 0.145940
0 0.679032 0.906917 0.087253 0.131485
0 0.704350 0.351225 0.074797 0.099866
1 0.085801 0.825893 0.040961 0.050730
1 0.243975 0.160948 0.030278 0.039631
1 0.248692 0.196514 0.029383 0.034874
1 0.189658 0.492227 0.033841 0.058649
1 0.318332 0.396124 0.025825 0.045973
1 0.287620 0.241565 0.024910 0.044388
1 0.294687 0.389656 0.023313 0.041326
1 0.312088 0.518964 0.027625 0.041183
1 0.513947 0.500650 0.030278 0.053901
1 0.522764 0.638146 0.028497 0.057064
1 0.760806 0.210050 0.027606 0.036460
1 0.765935 0.232009 0.024934 0.033297
1 0.682382 0.410747 0.028497 0.045470
1 0.730738 0.388448 0.024934 0.039614
1 0.727830 0.890445 0.032945 0.060235
1 0.721016 0.945755 0.033624 0.053188
1 0.773360 0.939853 0.029387 0.058649
1 0.875459 0.820961 0.032945 0.049136
2 0.312542 0.434169 0.028497 0.045973
2 0.765792 0.641833 0.032055 0.052307
3 0.281913 0.566514 0.032064 0.047592
3 0.725721 0.639455 0.030273 0.057064
4 0.723619 0.522148 0.139557 0.304362
5 0.271866 0.501539 0.150490 0.320210
1 0.609079 0.903792 0.032926 0.061812
1 0.629307 0.855055 0.032950 0.066552
1 0.635481 0.924023 0.032950 0.055445
1 0.229284 0.953318 0.032950 0.047576
1 0.124015 0.748054 0.036513 0.049144
