0 0.434300 0.646770 0.092644 0.152114
0 0.389597 0.901938 0.091682 0.145940
0 0.609767 0.886179 0.090844 0.163213
0 0.704350 0.349950 0.074797 0.099866
1 0.084896 0.826556 0.040961 0.050730
1 0.243975 0.159690 0.030278 0.039631
1 0.247137 0.195759 0.029383 0.034874
1 0.190123 0.491707 0.033836 0.058649
1 0.318332 0.396124 0.025825 0.045973
1 0.287620 0.241565 0.024910 0.044388
1 0.295224 0.389656 0.023313 0.041326
1 0.310459 0.502529 0.027620 0.041183
1 0.513900 0.500919 0.030278 0.053901
1 0.520328 0.638540 0.028497 0.057064
1 0.760566 0.208800 0.027606 0.036460
1 0.765087 0.232261 0.024934 0.033297
1 0.682561 0.404669 0.028497 0.044186
1 0.730031 0.386938 0.024934 0.039614
1 0.727597 0.894585 0.032950 0.060243
1 0.718890 0.947928 0.032059 0.057064
1 0.773360 0.939853 0.029387 0.058649
1 0.872366 0.820961 0.032950 0.049136
2 0.312542 0.434169 0.028497 0.045973
2 0.765792 0.641833 0.032055 0.052307
3 0.281579 0.563217 0.032064 0.047592
3 0.725721 0.639455 0.030273 0.057064
4 0.723582 0.522148 0.139632 0.304362
5 0.271913 0.501539 0.150490 0.320210
1 0.410415 0.911007 0.032931 0.061812
1 0.439076 0.884224 0.032950 0.066552
1 0.437653 0.937307 0.032950 0.055503
1 0.229284 0.953318 0.032950 0.047576
1 0.123537 0.748528 0.036508 0.049136
