0 0.643009 0.705331 0.093577 0.134723
0 0.267686 0.681607 0.092564 0.114253
0 0.273824 0.873997 0.100646 0.167810
0 0.648374 0.565319 0.080405 0.145856
1 0.092554 0.820944 0.040961 0.050730
1 0.243975 0.170394 0.030278 0.039631
1 0.246411 0.201489 0.029383 0.034874
1 0.186190 0.496082 0.033841 0.058658
1 0.318332 0.396124 0.025825 0.045973
1 0.287620 0.241565 0.024910 0.044388
1 0.291774 0.389652 0.023313 0.041317
1 0.312088 0.518964 0.027625 0.041183
1 0.543174 0.745663 0.030278 0.053893
1 0.692717 0.908687 0.028497 0.057072
1 0.748565 0.198721 0.027601 0.042760
1 0.767762 0.230625 0.025306 0.035193
1 0.718598 0.412777 0.023153 0.047567
1 0.732844 0.392945 0.024934 0.039614
1 0.727076 0.893893 0.029939 0.052215
1 0.715690 0.945755 0.033624 0.053188
1 0.773360 0.939853 0.029387 0.058649
1 0.877500 0.819685 0.032945 0.049136
2 0.312542 0.434169 0.028497 0.045973
2 0.765792 0.641833 0.032055 0.052307
3 0.281381 0.564929 0.032064 0.047592
3 0.725721 0.639455 0.030273 0.057064
4 0.723897 0.522148 0.139001 0.304362
5 0.271508 0.501539 0.150490 0.320210
1 0.247990 0.692567 0.032926 0.061812
1 0.762740 0.840386 0.032041 0.058591
1 0.225721 0.731393 0.032950 0.053926
1 0.229284 0.953318 0.032950 0.047576
1 0.127590 0.744522 0.036508 0.049144
