0 0.708103 0.720902 0.093577 0.134723
0 0.269976 0.683758 0.092564 0.114262
0 0.263275 0.844367 0.100650 0.167810
0 0.656206 0.546078 0.078407 0.144270
1 0.093091 0.820549 0.040961 0.050730
1 0.243975 0.171145 0.030278 0.039622
1 0.246197 0.202345 0.029387 0.034874
1 0.185914 0.496393 0.033836 0.058658
1 0.318332 0.396124 0.025825 0.045973
1 0.287620 0.241565 0.024910 0.044388
1 0.291774 0.389652 0.023313 0.041317
1 0.312088 0.518964 0.027625 0.041183
1 0.540726 0.706644 0.030273 0.055520
1 0.691911 0.909547 0.028497 0.057064
1 0.752064 0.201179 0.027606 0.042760
1 0.766567 0.228305 0.022917 0.030554
1 0.718598 0.412777 0.023153 0.047567
1 0.732844 0.392945 0.024934 0.039614
1 0.724988 0.897949 0.029675 0.051535
1 0.715266 0.945755 0.033624 0.053188
1 0.773360 0.939853 0.029387 0.058649
1 0.876548 0.819513 0.032945 0.049144
2 0.312542 0.434169 0.028497 0.045973
2 0.765792 0.641833 0.032055 0.052307
3 0.281381 0.564929 0.032064 0.047592
3 0.725721 0.639455 0.030273 0.057064
4 0.723918 0.522148 0.138959 0.304362
5 0.271477 0.501539 0.150485 0.320210
1 0.241148 0.686477 0.032926 0.061812
1 0.756110 0.848884 0.032041 0.058591
1 0.227139 0.736732 0.032950 0.053935
1 0.229284 0.953318 0.032950 0.047576
1 0.127875 0.744237 0.036513 0.049144
