1 0.874809 0.144632 0.027602 0.058569
0 0.388121 0.233229 0.072133 0.099736
0 0.369562 0.693104 0.113984 0.215292
0 0.677496 0.236556 0.064117 0.123472
0 0.758117 0.667785 0.087266 0.193125
1 0.529645 0.430146 0.034727 0.071236
1 0.575266 0.427271 0.033844 0.066486
1 0.527219 0.294910 0.032953 0.060153
1 0.543660 0.150118 0.029383 0.050653
1 0.736445 0.127951 0.023156 0.041153
1 0.816305 0.044271 0.023156 0.045903
1 0.936355 0.799174 0.034727 0.066486
1 0.282750 0.183368 0.027609 0.047486
1 0.584621 0.596549 0.032945 0.066486
1 0.674488 0.430292 0.035617 0.066500
2 0.893613 0.602090 0.032055 0.068069
3 0.265387 0.261729 0.028492 0.049069
3 0.727852 0.230590 0.028516 0.045903
4 0.835734 0.435069 0.175422 0.351444
5 0.256953 0.449569 0.174531 0.357778
1 0.428332 0.439590 0.037398 0.064903
1 0.217746 0.953521 0.040070 0.052236
1 0.569004 0.933729 0.046305 0.071236
2 0.398863 0.895632 0.048977 0.088653
