1 0.874430 0.144799 0.027609 0.058569
0 0.494961 0.390604 0.080172 0.112431
0 0.409430 0.492507 0.097094 0.189958
0 0.670562 0.354576 0.069437 0.135708
0 0.691316 0.483326 0.081055 0.180514
1 0.529355 0.431549 0.034727 0.071236
1 0.574227 0.428250 0.033844 0.066500
1 0.527496 0.294417 0.032945 0.060167
1 0.543660 0.150118 0.029383 0.050653
1 0.736445 0.127951 0.023156 0.041153
1 0.816141 0.044854 0.023156 0.045903
1 0.936355 0.799174 0.034727 0.066486
1 0.282750 0.183368 0.027609 0.047486
1 0.584621 0.596549 0.032945 0.066486
1 0.669480 0.408174 0.035617 0.066486
2 0.899527 0.622667 0.032055 0.068083
3 0.255594 0.313965 0.028500 0.049069
3 0.785664 0.307951 0.028516 0.045875
4 0.835734 0.435069 0.175422 0.351444
5 0.257375 0.449319 0.174531 0.357778
1 0.425902 0.454979 0.037398 0.064903
1 0.219863 0.953521 0.040070 0.052236
1 0.569512 0.933257 0.046305 0.071236
2 0.398543 0.895563 0.048977 0.088653
