0 0.414140 0.662047 0.079298 0.141007
0 0.504913 0.904950 0.091682 0.145940
0 0.659486 0.897869 0.096400 0.152114
0 0.704350 0.350545 0.074797 0.099866
1 0.085320 0.826246 0.040961 0.050730
1 0.243975 0.160277 0.030278 0.039631
1 0.247865 0.196112 0.029387 0.034874
1 0.189906 0.491951 0.033836 0.058649
1 0.318332 0.396124 0.025825 0.045973
1 0.287620 0.241565 0.024910 0.044388
1 0.294974 0.389656 0.023313 0.041326
1 0.311892 0.516992 0.027620 0.041183
1 0.513923 0.500793 0.030278 0.053901
1 0.521468 0.638356 0.028497 0.057064
1 0.760679 0.209379 0.027606 0.036460
1 0.765485 0.232143 0.024929 0.033297
1 0.682476 0.407513 0.028497 0.044790
1 0.730365 0.387647 0.024934 0.039622
1 0.727705 0.892647 0.032950 0.060243
1 0.720028 0.947479 0.032055 0.057072
1 0.773360 0.939853 0.029387 0.058649
1 0.873815 0.820961 0.032945 0.049136
2 0.312542 0.434169 0.028497 0.045973
2 0.765792 0.641833 0.032055 0.052307
3 0.283756 0.566120 0.032064 0.047592
3 0.725721 0.639455 0.030273 0.057064
4 0.723598 0.522148 0.139599 0.304362
5 0.271890 0.501539 0.150490 0.320210
1 0.530940 0.912911 0.032926 0.061812
1 0.554524 0.887555 0.032950 0.066552
1 0.553414 0.947768 0.032945 0.055503
1 0.229284 0.953318 0.032950 0.047576
1 0.123761 0.748305 0.036513 0.049144
