0 0.655250 0.877236 0.093063 0.163398
0 0.250551 0.677303 0.092262 0.125529
0 0.250342 0.786338 0.084359 0.170109
0 0.594887 0.670633 0.097125 0.137844
1 0.094783 0.819308 0.040961 0.050730
1 0.243975 0.173515 0.030278 0.039631
1 0.245525 0.205038 0.029383 0.034874
1 0.185045 0.497357 0.033841 0.058658
1 0.318332 0.396124 0.025825 0.045973
1 0.287620 0.241565 0.024910 0.044388
1 0.291774 0.389652 0.023313 0.041317
1 0.312088 0.518964 0.027625 0.041183
1 0.538030 0.717416 0.030273 0.055520
1 0.608278 0.952269 0.028497 0.057072
1 0.754213 0.201724 0.027606 0.042760
1 0.718598 0.412777 0.023153 0.047567
1 0.732844 0.392945 0.024934 0.039614
1 0.721529 0.921808 0.029383 0.050747
1 0.710328 0.953683 0.033624 0.053188
1 0.773360 0.939853 0.029387 0.058649
1 0.876682 0.819375 0.032950 0.049136
2 0.312542 0.434169 0.028497 0.045973
2 0.765792 0.641833 0.032055 0.052307
3 0.281381 0.564929 0.032064 0.047592
3 0.725721 0.639455 0.030273 0.057064
4 0.722938 0.522148 0.138921 0.304362
5 0.271385 0.501539 0.150490 0.320210
1 0.224847 0.667408 0.031635 0.060654
1 0.593541 0.865378 0.032041 0.058591
1 0.205111 0.703242 0.024934 0.053935
1 0.229284 0.953318 0.032950 0.047576
1 0.128772 0.743352 0.036508 0.049136
