0 0.633928 0.677064 0.079298 0.141007
0 0.265026 0.806489 0.081786 0.176049
0 0.320761 0.906070 0.087253 0.131485
0 0.685806 0.310864 0.075702 0.096728
1 0.089321 0.823314 0.040961 0.050721
1 0.243975 0.165872 0.030278 0.039631
1 0.264588 0.197429 0.029383 0.034874
1 0.187851 0.494237 0.033836 0.058658
1 0.318332 0.396124 0.025825 0.045973
1 0.287620 0.241565 0.024910 0.044388
1 0.292604 0.389652 0.023313 0.041317
1 0.312088 0.518964 0.027625 0.041183
1 0.514885 0.498553 0.030278 0.053901
1 0.664279 0.677852 0.028492 0.057064
1 0.759029 0.210348 0.027606 0.036468
1 0.769324 0.234941 0.024934 0.039849
1 0.723035 0.408557 0.023148 0.047567
1 0.732844 0.392945 0.024934 0.039614
1 0.728593 0.889132 0.031484 0.056334
1 0.718240 0.945755 0.033624 0.053188
1 0.773360 0.939853 0.029387 0.058649
1 0.883209 0.820701 0.032950 0.049136
2 0.312542 0.434169 0.028497 0.045973
2 0.765792 0.641833 0.032055 0.052307
3 0.280504 0.565449 0.032064 0.047592
3 0.725721 0.639455 0.030273 0.057064
4 0.723763 0.522148 0.139270 0.304362
5 0.271678 0.501539 0.150490 0.320210
1 0.262835 0.852676 0.032926 0.061812
1 0.679710 0.647135 0.028497 0.064958
1 0.265693 0.930776 0.032950 0.053935
1 0.229284 0.953318 0.032950 0.047576
1 0.125879 0.746212 0.036508 0.049136
