1 0.873156 0.145361 0.027609 0.058583
0 0.398539 0.423194 0.102391 0.153611
0 0.297867 0.844306 0.144297 0.223111
0 0.653246 0.338556 0.092633 0.167833
0 0.702582 0.679611 0.119383 0.178833
1 0.378027 0.401833 0.034727 0.060167
1 0.640453 0.570271 0.033844 0.066486
1 0.528434 0.292757 0.032945 0.060153
1 0.543660 0.150118 0.029383 0.050653
1 0.736445 0.127938 0.023156 0.041125
1 0.815590 0.046812 0.023148 0.045903
1 0.936355 0.799174 0.034727 0.066486
1 0.282750 0.183368 0.027609 0.047486
1 0.584621 0.596549 0.032945 0.066486
1 0.475398 0.383854 0.035625 0.066486
2 0.896730 0.622667 0.032055 0.068083
3 0.255594 0.313965 0.028500 0.049069
3 0.787836 0.310708 0.028516 0.045861
4 0.835734 0.435069 0.175422 0.351444
5 0.257375 0.449319 0.174531 0.357778
1 0.332172 0.872257 0.037406 0.064903
1 0.281859 0.941646 0.040078 0.066514
1 0.571223 0.931660 0.046305 0.071236
2 0.401746 0.885535 0.048977 0.088653
