0 0.606428 0.711791 0.080990 0.134723
0 0.253379 0.674279 0.092564 0.114262
0 0.249107 0.789253 0.077507 0.166191
0 0.632029 0.606959 0.086404 0.130025
1 0.091861 0.821456 0.040961 0.050730
1 0.243975 0.169421 0.030278 0.039631
1 0.246687 0.200382 0.029387 0.034874
1 0.186546 0.495688 0.033836 0.058658
1 0.318332 0.396124 0.025825 0.045973
1 0.287620 0.241565 0.024910 0.044388
1 0.291774 0.389652 0.023313 0.041317
1 0.312088 0.518964 0.027625 0.041183
1 0.546025 0.759929 0.030278 0.053901
1 0.693749 0.907580 0.028497 0.057072
1 0.743633 0.195206 0.027606 0.042760
1 0.773845 0.231762 0.027615 0.039664
1 0.718598 0.412777 0.023153 0.047567
1 0.732844 0.392945 0.024934 0.039614
1 0.729131 0.889799 0.030269 0.053104
1 0.716237 0.945755 0.033624 0.053188
1 0.773360 0.939853 0.029387 0.058649
1 0.878723 0.819899 0.032950 0.049144
2 0.312542 0.434169 0.028497 0.045973
2 0.765792 0.641833 0.032055 0.052307
3 0.281381 0.564929 0.032064 0.047592
3 0.725721 0.639455 0.030273 0.057064
4 0.723869 0.522148 0.139057 0.304362
5 0.271543 0.501539 0.150485 0.320210
1 0.231246 0.675134 0.032926 0.061812
1 0.771265 0.829455 0.032041 0.058591
1 0.212026 0.699685 0.032950 0.053935
1 0.229284 0.953318 0.032950 0.047576
1 0.127222 0.744883 0.036508 0.049144
