0 0.474517 0.686367 0.079298 0.141007
0 0.576553 0.900839 0.091682 0.145940
0 0.671195 0.913255 0.087253 0.131477
0 0.704350 0.351770 0.074797 0.099866
1 0.086188 0.825612 0.040961 0.050721
1 0.243975 0.161485 0.030278 0.039631
1 0.249354 0.196833 0.029387 0.034874
1 0.189460 0.492445 0.033841 0.058649
1 0.318332 0.396124 0.025825 0.045973
1 0.287620 0.241565 0.024910 0.044388
1 0.294460 0.389656 0.023313 0.041326
1 0.312088 0.518964 0.027625 0.041183
1 0.513968 0.500533 0.030273 0.053901
1 0.523801 0.637978 0.028497 0.057064
1 0.760910 0.210579 0.027606 0.036460
1 0.766298 0.231904 0.024934 0.033289
1 0.682307 0.413326 0.028497 0.046015
1 0.731039 0.389090 0.024934 0.039622
1 0.727929 0.888683 0.032945 0.060235
1 0.720714 0.945755 0.033624 0.053188
1 0.773360 0.939853 0.029387 0.058649
1 0.876774 0.820961 0.032945 0.049136
2 0.312542 0.434169 0.028497 0.045973
2 0.765792 0.641833 0.032055 0.052307
3 0.279972 0.566514 0.032064 0.047592
3 0.725721 0.639455 0.030273 0.057064
4 0.723636 0.522148 0.139524 0.304362
5 0.271847 0.501539 0.150490 0.320210
1 0.607967 0.900822 0.032926 0.061812
1 0.629995 0.804329 0.032950 0.066560
1 0.620521 0.924660 0.032945 0.054186
1 0.229284 0.953318 0.032950 0.047576
1 0.124220 0.747852 0.036508 0.049144
