0 0.636998 0.713654 0.093572 0.134723
0 0.259467 0.678150 0.092564 0.114253
0 0.255372 0.803016 0.077512 0.166183
0 0.640700 0.586116 0.086404 0.135168
1 0.092262 0.821158 0.040961 0.050721
1 0.243975 0.169992 0.030278 0.039631
1 0.246527 0.201028 0.029387 0.034874
1 0.186338 0.495919 0.033836 0.058649
1 0.318332 0.396124 0.025825 0.045973
1 0.287620 0.241565 0.024910 0.044388
1 0.291774 0.389652 0.023313 0.041317
1 0.312088 0.518964 0.027625 0.041183
1 0.549102 0.763121 0.030278 0.053893
1 0.693146 0.908226 0.028497 0.057072
1 0.746510 0.197257 0.027601 0.042768
1 0.768402 0.231867 0.026588 0.037676
1 0.718598 0.412777 0.023153 0.047567
1 0.732844 0.392945 0.024934 0.039614
1 0.728193 0.891720 0.030071 0.052584
1 0.715921 0.945755 0.033624 0.053188
1 0.773360 0.939853 0.029387 0.058649
1 0.878009 0.819773 0.032945 0.049144
2 0.312542 0.434169 0.028497 0.045973
2 0.765792 0.641833 0.032055 0.052307
3 0.281381 0.564929 0.032064 0.047592
3 0.725721 0.639455 0.030273 0.057064
4 0.723885 0.522148 0.139025 0.304362
5 0.271522 0.501539 0.150490 0.320210
1 0.237778 0.677181 0.032926 0.061812
1 0.766294 0.835831 0.032041 0.058591
1 0.215893 0.699685 0.032945 0.053935
1 0.229284 0.953318 0.032950 0.047576
1 0.127436 0.744673 0.036513 0.049144
