0 0.704095 0.712580 0.093572 0.134723
0 0.270829 0.684174 0.092564 0.114253
0 0.267250 0.852169 0.100646 0.167810
0 0.655111 0.549006 0.078402 0.144270
1 0.093054 0.820579 0.040961 0.050721
1 0.243975 0.171091 0.030278 0.039631
1 0.246213 0.202286 0.029383 0.034874
1 0.185933 0.496372 0.033836 0.058649
1 0.318332 0.396124 0.025825 0.045973
1 0.287620 0.241565 0.024910 0.044388
1 0.291774 0.389652 0.023313 0.041317
1 0.312088 0.518964 0.027625 0.041183
1 0.541171 0.711007 0.030278 0.055520
1 0.691967 0.909484 0.028497 0.057072
1 0.752015 0.201166 0.027601 0.042768
1 0.766652 0.228469 0.023087 0.030881
1 0.718598 0.412777 0.023153 0.047567
1 0.732844 0.392945 0.024934 0.039614
1 0.725137 0.897659 0.029698 0.051577
1 0.715299 0.945755 0.033624 0.053188
1 0.773360 0.939853 0.029387 0.058649
1 0.876616 0.819526 0.032950 0.049136
2 0.312542 0.434169 0.028497 0.045973
2 0.765792 0.641833 0.032055 0.052307
3 0.281381 0.564929 0.032064 0.047592
3 0.725721 0.639455 0.030273 0.057064
4 0.723918 0.522148 0.138959 0.304362
5 0.271480 0.501539 0.150490 0.320210
1 0.241638 0.686913 0.032926 0.061812
1 0.756581 0.848280 0.032041 0.058591
1 0.227599 0.736850 0.032945 0.053935
1 0.229284 0.953318 0.032950 0.047576
1 0.127853 0.744262 0.036508 0.049144
