0 0.632828 0.694820 0.084647 0.148968
0 0.250874 0.683406 0.096103 0.125789
0 0.311178 0.901162 0.088209 0.133297
0 0.602531 0.353201 0.065052 0.106233
1 0.089976 0.822836 0.040961 0.050721
1 0.243975 0.166787 0.030278 0.039631
1 0.259510 0.197756 0.029387 0.034874
1 0.187514 0.494610 0.033841 0.058649
1 0.318332 0.396124 0.025825 0.045973
1 0.287620 0.241565 0.024910 0.044388
1 0.292217 0.389652 0.023313 0.041317
1 0.312088 0.518964 0.027625 0.041183
1 0.515351 0.497756 0.030278 0.053901
1 0.702561 0.892164 0.029383 0.057064
1 0.758339 0.209799 0.027601 0.036460
1 0.770000 0.237852 0.024929 0.045034
1 0.721649 0.409874 0.023148 0.047567
1 0.732844 0.392945 0.024934 0.039614
1 0.728732 0.889304 0.031169 0.055503
1 0.717726 0.945755 0.033624 0.053188
1 0.773360 0.939853 0.029387 0.058649
1 0.882052 0.820495 0.032945 0.049144
2 0.312542 0.434169 0.028497 0.045973
2 0.765792 0.641833 0.032055 0.052307
3 0.280914 0.565206 0.032064 0.047592
3 0.725721 0.639455 0.030273 0.057064
4 0.723791 0.522148 0.139213 0.304362
5 0.271645 0.501539 0.150490 0.320210
1 0.225973 0.691497 0.032926 0.061820
1 0.769423 0.747957 0.032041 0.058599
1 0.222158 0.784270 0.032950 0.053926
1 0.229284 0.953318 0.032950 0.047576
1 0.126225 0.745872 0.036513 0.049144
