0 0.612158 0.713956 0.084647 0.148968
0 0.259090 0.688733 0.096107 0.132450
0 0.328120 0.892315 0.100631 0.156812
0 0.581032 0.392940 0.065052 0.106233
1 0.090226 0.822651 0.040961 0.050721
1 0.243975 0.167139 0.030278 0.039631
1 0.255921 0.198049 0.029383 0.034874
1 0.187387 0.494753 0.033841 0.058649
1 0.318332 0.396124 0.025825 0.045973
1 0.287620 0.241565 0.024910 0.044388
1 0.292071 0.389652 0.023313 0.041317
1 0.312088 0.518964 0.027625 0.041183
1 0.515530 0.497450 0.030278 0.053893
1 0.702990 0.905310 0.032578 0.057064
1 0.756001 0.204320 0.027601 0.036460
1 0.772370 0.234270 0.024929 0.043893
1 0.721122 0.410378 0.023148 0.047567
1 0.732844 0.392945 0.024934 0.039614
1 0.728782 0.889367 0.031051 0.055193
1 0.717528 0.945755 0.033624 0.053188
1 0.773360 0.939853 0.029387 0.058649
1 0.881612 0.820415 0.032950 0.049136
2 0.312542 0.434169 0.028497 0.045973
2 0.765792 0.641833 0.032055 0.052307
3 0.281070 0.565113 0.032064 0.047592
3 0.725721 0.639455 0.030273 0.057064
4 0.723801 0.522148 0.139194 0.304362
5 0.271631 0.501539 0.150490 0.320210
1 0.229159 0.698196 0.032926 0.061812
1 0.781826 0.787701 0.032041 0.058591
1 0.210582 0.750415 0.032945 0.053935
1 0.229284 0.953318 0.032950 0.047576
1 0.126357 0.745738 0.036513 0.049144
