0 0.353988 0.179410 0.072133 0.099736
0 0.329055 0.801549 0.091719 0.093403
0 0.679457 0.151708 0.064117 0.123472
0 0.789875 0.818174 0.087266 0.193125
1 0.531191 0.426368 0.034727 0.071236
1 0.577051 0.425576 0.033836 0.066486
1 0.526738 0.295764 0.032945 0.060167
1 0.543660 0.150118 0.029383 0.050653
1 0.736445 0.127958 0.023156 0.041167
1 0.816590 0.043264 0.023148 0.045917
1 0.936355 0.799174 0.034727 0.066486
1 0.282750 0.183368 0.027609 0.047486
1 0.584621 0.596549 0.032945 0.066486
1 0.675004 0.428743 0.035617 0.066486
2 0.837070 0.798382 0.032062 0.068069
3 0.319707 0.204736 0.028492 0.049083
3 0.699492 0.120833 0.027609 0.045917
4 0.835734 0.435069 0.175422 0.351444
5 0.254703 0.450903 0.174531 0.357778
1 0.428344 0.439035 0.037406 0.064903
