1 0.871973 0.145889 0.027602 0.058583
0 0.487141 0.336056 0.098062 0.147278
0 0.465262 0.915819 0.127367 0.168361
0 0.682727 0.155889 0.065078 0.126750
0 0.795289 0.651417 0.097922 0.185111
1 0.351840 0.431910 0.034727 0.060181
1 0.638023 0.554590 0.032078 0.066486
1 0.529301 0.291215 0.032945 0.060153
1 0.543660 0.150118 0.029383 0.050653
1 0.736445 0.127931 0.023156 0.041111
1 0.815078 0.048639 0.023156 0.045917
1 0.936355 0.799174 0.034727 0.066486
1 0.282750 0.183368 0.027609 0.047486
1 0.584621 0.596549 0.032945 0.066486
1 0.487133 0.420882 0.035625 0.066486
2 0.896730 0.622667 0.032055 0.068083
3 0.255594 0.313965 0.028500 0.049069
3 0.789855 0.313271 0.028508 0.045875
4 0.835734 0.435069 0.175422 0.351444
5 0.257375 0.449319 0.174531 0.357778
1 0.505816 0.936896 0.037398 0.064903
1 0.539887 0.979514 0.042758 0.040972
1 0.587738 0.921465 0.046305 0.071236
2 0.544117 0.921917 0.033844 0.068056
