0 0.244866 0.740101 0.074802 0.147399
0 0.254413 0.850461 0.073907 0.139497
0 0.336583 0.915059 0.085485 0.106208
0 0.704350 0.347173 0.074797 0.099866
1 0.082936 0.827995 0.040961 0.050721
1 0.243975 0.156946 0.030278 0.039631
1 0.243763 0.194123 0.029383 0.034874
1 0.185773 0.471397 0.033836 0.058649
1 0.318332 0.396124 0.025825 0.045973
1 0.286701 0.243725 0.026748 0.048708
1 0.263266 0.435101 0.027399 0.051443
1 0.246583 0.525096 0.033073 0.052022
1 0.513796 0.501497 0.030278 0.053901
1 0.515042 0.639396 0.028492 0.057064
1 0.760040 0.206082 0.027601 0.036460
1 0.763249 0.232810 0.024934 0.033289
1 0.682952 0.391481 0.028497 0.041401
1 0.728499 0.383662 0.024934 0.039622
1 0.727092 0.903570 0.032950 0.060243
1 0.713617 0.950013 0.032059 0.057072
1 0.773360 0.939853 0.029387 0.058649
1 0.874607 0.828289 0.032945 0.049144
2 0.309182 0.429337 0.028497 0.045973
2 0.765792 0.641833 0.032055 0.052307
3 0.283358 0.574388 0.034727 0.055487
3 0.725721 0.639455 0.030273 0.057064
4 0.723501 0.522148 0.139793 0.304362
5 0.272017 0.501539 0.150490 0.320210
1 0.255615 0.912227 0.034727 0.061820
1 0.301279 0.920084 0.030278 0.052315
1 0.271136 0.948570 0.032950 0.041216
1 0.223544 0.952047 0.028643 0.052668
1 0.122498 0.749555 0.036513 0.049144
