1 0.874504 0.144764 0.027602 0.058583
0 0.491578 0.382938 0.080172 0.112431
0 0.412836 0.483257 0.097094 0.189958
0 0.672180 0.350750 0.069437 0.133000
0 0.691762 0.462660 0.081055 0.180514
1 0.528926 0.431910 0.034727 0.071236
1 0.574434 0.428049 0.033836 0.066486
1 0.527441 0.294521 0.032945 0.060153
1 0.543660 0.150118 0.029383 0.050653
1 0.736445 0.127951 0.023156 0.041153
1 0.816176 0.044736 0.023148 0.045917
1 0.936355 0.799174 0.034727 0.066486
1 0.282750 0.183368 0.027609 0.047486
1 0.584621 0.596549 0.032945 0.066486
1 0.670660 0.413479 0.035617 0.066486
2 0.900164 0.622667 0.032062 0.068083
3 0.255594 0.313965 0.028500 0.049069
3 0.785539 0.307785 0.028516 0.045875
4 0.835734 0.435069 0.175422 0.351444
5 0.257375 0.449319 0.174531 0.357778
1 0.426480 0.451326 0.037398 0.064903
1 0.219441 0.953521 0.040070 0.052236
1 0.569410 0.933354 0.046305 0.071236
2 0.398605 0.895576 0.048977 0.088653
