0 0.394882 0.683058 0.094420 0.156888
0 0.263815 0.856233 0.099241 0.159362
0 0.542721 0.890524 0.090844 0.151334
0 0.704350 0.349048 0.074797 0.099874
1 0.084262 0.827022 0.040966 0.050721
1 0.243975 0.158800 0.030278 0.039631
1 0.246046 0.195231 0.029387 0.034874
1 0.190448 0.491346 0.033836 0.058649
1 0.318332 0.396124 0.025825 0.045973
1 0.287620 0.241565 0.024910 0.044388
1 0.290259 0.386246 0.023139 0.042794
1 0.300959 0.479333 0.027620 0.041183
1 0.513867 0.501103 0.030278 0.053901
1 0.518617 0.638817 0.028497 0.057064
1 0.760396 0.207919 0.027606 0.036460
1 0.764493 0.232441 0.024934 0.033289
1 0.682689 0.400403 0.028497 0.043289
1 0.729536 0.385877 0.024934 0.039622
1 0.727434 0.897492 0.032945 0.060235
1 0.717184 0.948603 0.032059 0.057072
1 0.773360 0.939853 0.029387 0.058649
1 0.871965 0.822408 0.032950 0.049144
2 0.312542 0.434169 0.028497 0.045973
2 0.765792 0.641833 0.032055 0.052307
3 0.277262 0.569685 0.032064 0.047592
3 0.725721 0.639455 0.030273 0.057064
4 0.723556 0.522148 0.139684 0.304362
5 0.271946 0.501539 0.150490 0.320210
1 0.280049 0.889136 0.032926 0.061812
1 0.318228 0.898343 0.030273 0.066552
1 0.299288 0.942647 0.032950 0.055512
1 0.229284 0.953318 0.032950 0.047576
1 0.123202 0.748859 0.036508 0.049144
