0 0.570217 0.895914 0.089114 0.152148
0 0.253219 0.691229 0.091338 0.159874
0 0.356117 0.880843 0.079359 0.159270
0 0.646513 0.840306 0.098907 0.171065
1 0.097418 0.817378 0.040961 0.050730
1 0.243975 0.177198 0.030278 0.039631
1 0.244477 0.209232 0.029387 0.034874
1 0.183690 0.498863 0.033836 0.058649
1 0.318332 0.396124 0.025825 0.045973
1 0.287620 0.241565 0.024910 0.044388
1 0.291774 0.389652 0.023313 0.041317
1 0.312088 0.518964 0.027625 0.041183
1 0.538273 0.712727 0.030278 0.055520
1 0.305528 0.951493 0.033845 0.057064
1 0.757564 0.202580 0.027606 0.042760
1 0.718598 0.412777 0.023153 0.047567
1 0.732844 0.392945 0.024934 0.039614
1 0.722180 0.917114 0.029383 0.050755
1 0.710328 0.953683 0.033624 0.053188
1 0.773360 0.939853 0.029387 0.058649
1 0.878615 0.819375 0.032950 0.049136
2 0.312542 0.434169 0.028497 0.045973
2 0.765792 0.641833 0.032055 0.052307
3 0.281381 0.564929 0.032064 0.047592
3 0.725721 0.639455 0.030273 0.057064
4 0.723047 0.522148 0.138921 0.304362
5 0.271249 0.501539 0.150490 0.320210
1 0.225898 0.647265 0.024943 0.045990
1 0.500561 0.947974 0.033836 0.058599
1 0.229284 0.953318 0.032950 0.047576
1 0.130167 0.741971 0.036508 0.049144
