0 0.573414 0.893066 0.089119 0.152156
0 0.260862 0.688993 0.091489 0.154362
0 0.346428 0.852534 0.099793 0.144111
0 0.646060 0.839102 0.098907 0.171074
1 0.096996 0.817689 0.040966 0.050730
1 0.243975 0.176602 0.030278 0.039631
1 0.244647 0.208561 0.029387 0.034874
1 0.183907 0.498624 0.033836 0.058658
1 0.318332 0.396124 0.025825 0.045973
1 0.287620 0.241565 0.024910 0.044388
1 0.291774 0.389652 0.023313 0.041317
1 0.312088 0.518964 0.027625 0.041183
1 0.538136 0.713372 0.030278 0.055520
1 0.333918 0.951745 0.033850 0.057064
1 0.757026 0.202437 0.027606 0.042760
1 0.718598 0.412777 0.023153 0.047567
1 0.732844 0.392945 0.024934 0.039614
1 0.721770 0.918049 0.029383 0.050747
1 0.710328 0.953683 0.033624 0.053188
1 0.773360 0.939853 0.029387 0.058649
1 0.878303 0.819375 0.032950 0.049136
2 0.312542 0.434169 0.028497 0.045973
2 0.765792 0.641833 0.032055 0.052307
3 0.281381 0.564929 0.032064 0.047592
3 0.725721 0.639455 0.030273 0.057064
4 0.723047 0.522148 0.138921 0.304362
5 0.271268 0.501539 0.150490 0.320210
1 0.219270 0.661430 0.026098 0.049287
1 0.501079 0.948918 0.033836 0.058591
1 0.229284 0.953318 0.032950 0.047576
1 0.129941 0.742194 0.036508 0.049136
