0 0.602674 0.722668 0.086442 0.150537
0 0.247943 0.676237 0.093068 0.118096
0 0.246880 0.784463 0.078549 0.157768
0 0.582227 0.590029 0.072163 0.137911
1 0.091494 0.821724 0.040961 0.050730
1 0.243975 0.168909 0.030278 0.039631
1 0.246833 0.199803 0.029387 0.034874
1 0.186734 0.495478 0.033836 0.058658
1 0.318332 0.396124 0.025825 0.045973
1 0.287620 0.241565 0.024910 0.044388
1 0.291774 0.389652 0.023313 0.041317
1 0.312088 0.518964 0.027625 0.041183
1 0.533973 0.712374 0.030273 0.053893
1 0.694295 0.906997 0.028497 0.057064
1 0.746423 0.197903 0.027606 0.045470
1 0.778494 0.231275 0.025500 0.039664
1 0.718598 0.412777 0.023153 0.047567
1 0.732844 0.392945 0.024934 0.039614
1 0.729053 0.889698 0.030443 0.053574
1 0.716525 0.945755 0.033624 0.053188
1 0.773360 0.939853 0.029387 0.058649
1 0.879369 0.820017 0.032950 0.049144
2 0.312542 0.434169 0.028497 0.045973
2 0.765792 0.641833 0.032055 0.052307
3 0.281381 0.564929 0.032064 0.047592
3 0.725721 0.639455 0.030273 0.057064
4 0.723852 0.522148 0.139090 0.304362
5 0.271565 0.501539 0.150490 0.320210
1 0.225728 0.680789 0.032926 0.061812
1 0.772924 0.825503 0.032041 0.058591
1 0.207825 0.718486 0.032945 0.053935
1 0.229284 0.953318 0.032950 0.047576
1 0.127029 0.745076 0.036508 0.049144
