0 0.541289 0.673448 0.079298 0.141007
0 0.311180 0.893716 0.091682 0.145940
0 0.399343 0.905013 0.087253 0.131485
0 0.691744 0.318364 0.075702 0.096728
1 0.088803 0.823695 0.040961 0.050730
1 0.243975 0.165147 0.030278 0.039622
1 0.257516 0.198268 0.029387 0.034874
1 0.188117 0.493939 0.033841 0.058649
1 0.318332 0.396124 0.025825 0.045973
1 0.287620 0.241565 0.024910 0.044388
1 0.292915 0.389652 0.023313 0.041317
1 0.312088 0.518964 0.027625 0.041183
1 0.514515 0.499186 0.030273 0.053893
1 0.580521 0.680109 0.028497 0.057064
1 0.759576 0.210780 0.027606 0.036460
1 0.768782 0.232630 0.024934 0.035730
1 0.716631 0.407517 0.023148 0.047567
1 0.732844 0.392945 0.024934 0.039614
1 0.728483 0.888997 0.031734 0.057005
1 0.718650 0.945755 0.033624 0.053188
1 0.773360 0.939853 0.029387 0.058649
1 0.884126 0.820864 0.032945 0.049144
2 0.312542 0.434169 0.028497 0.045973
2 0.765792 0.641833 0.032055 0.052307
3 0.280184 0.565642 0.032064 0.047592
3 0.725721 0.639455 0.030273 0.057064
4 0.723742 0.522148 0.139312 0.304362
5 0.271706 0.501539 0.150490 0.320210
1 0.347882 0.885495 0.032926 0.061812
1 0.615796 0.677513 0.032950 0.066552
1 0.344416 0.943343 0.032950 0.053935
1 0.229284 0.953318 0.032950 0.047576
1 0.125603 0.746485 0.036513 0.049144
