0 0.616916 0.857659 0.087036 0.160554
0 0.254856 0.679945 0.092088 0.132055
0 0.263607 0.832139 0.089204 0.166493
0 0.618947 0.697559 0.085264 0.142399
1 0.095283 0.818943 0.040961 0.050721
1 0.243975 0.174211 0.030278 0.039631
1 0.245325 0.205835 0.029387 0.034874
1 0.184788 0.497647 0.033836 0.058649
1 0.318332 0.396124 0.025825 0.045973
1 0.287620 0.241565 0.024910 0.044388
1 0.291774 0.389652 0.023313 0.041317
1 0.312088 0.518964 0.027625 0.041183
1 0.543042 0.695193 0.030278 0.055520
1 0.519434 0.948574 0.033845 0.057064
1 0.754849 0.201888 0.027606 0.042768
1 0.718598 0.412777 0.023153 0.047567
1 0.732844 0.392945 0.024934 0.039614
1 0.720106 0.921833 0.029383 0.050747
1 0.710328 0.953683 0.033624 0.053188
1 0.773360 0.939853 0.029387 0.058649
1 0.877050 0.819375 0.032950 0.049136
2 0.312542 0.434169 0.028497 0.045973
2 0.765792 0.641833 0.032055 0.052307
3 0.281381 0.564929 0.032064 0.047592
3 0.725721 0.639455 0.030273 0.057064
4 0.723047 0.522148 0.138921 0.304362
5 0.271362 0.501539 0.150490 0.320210
1 0.224022 0.665298 0.031041 0.060126
1 0.528827 0.854983 0.033836 0.058591
1 0.206230 0.702131 0.024929 0.053926
1 0.229284 0.953318 0.032950 0.047576
1 0.129036 0.743091 0.036508 0.049136
