1 0.873141 0.145368 0.027609 0.058569
0 0.398539 0.425368 0.102391 0.149264
0 0.298313 0.844306 0.144297 0.223111
0 0.662594 0.340139 0.092625 0.167833
0 0.698129 0.679611 0.119383 0.178833
1 0.376840 0.404472 0.034727 0.060167
1 0.643301 0.569319 0.033836 0.066500
1 0.528441 0.292736 0.032945 0.060167
1 0.543660 0.150118 0.029383 0.050653
1 0.736445 0.127938 0.023156 0.041125
1 0.815582 0.046840 0.023148 0.045903
1 0.936355 0.799174 0.034727 0.066486
1 0.282750 0.183368 0.027609 0.047486
1 0.584621 0.596549 0.032945 0.066486
1 0.475953 0.382937 0.035625 0.066486
2 0.896730 0.622667 0.032055 0.068083
3 0.255594 0.313965 0.028500 0.049069
3 0.787867 0.310743 0.028516 0.045875
4 0.835734 0.435069 0.175422 0.351444
5 0.257375 0.449319 0.174531 0.357778
1 0.333062 0.869618 0.037406 0.064903
1 0.299668 0.941646 0.040070 0.066514
1 0.571246 0.931632 0.046305 0.071236
2 0.402020 0.884882 0.048977 0.088653
