0 0.627599 0.872710 0.098902 0.175856
0 0.252870 0.678725 0.092168 0.129044
0 0.252922 0.805235 0.081385 0.164614
0 0.606272 0.697487 0.093591 0.145780
1 0.095052 0.819115 0.040961 0.050730
1 0.243975 0.173893 0.030278 0.039631
1 0.245419 0.205466 0.029387 0.034874
1 0.184906 0.497513 0.033836 0.058649
1 0.318332 0.396124 0.025825 0.045973
1 0.287620 0.241565 0.024910 0.044388
1 0.291774 0.389652 0.023313 0.041317
1 0.312088 0.518964 0.027625 0.041183
1 0.540801 0.712919 0.030273 0.055520
1 0.551784 0.948574 0.028497 0.057064
1 0.754557 0.201812 0.027606 0.042768
1 0.718598 0.412777 0.023153 0.047567
1 0.732844 0.392945 0.024934 0.039614
1 0.719880 0.922345 0.029383 0.050747
1 0.710328 0.953683 0.033624 0.053188
1 0.773360 0.939853 0.029387 0.058649
1 0.876880 0.819375 0.032950 0.049136
2 0.312542 0.434169 0.028497 0.045973
2 0.765792 0.641833 0.032055 0.052307
3 0.281381 0.564929 0.032064 0.047592
3 0.725721 0.639455 0.030273 0.057064
4 0.723047 0.522148 0.138921 0.304362
5 0.271371 0.501539 0.150490 0.320210
1 0.224404 0.666271 0.031315 0.060378
1 0.565441 0.844241 0.033238 0.058599
1 0.205712 0.702643 0.024929 0.053926
1 0.229284 0.953318 0.032950 0.047576
1 0.128914 0.743213 0.036508 0.049144
