0 0.418478 0.657697 0.094420 0.156888
0 0.299658 0.900990 0.091682 0.145940
0 0.572552 0.882806 0.090844 0.163213
0 0.704350 0.349484 0.074797 0.099874
1 0.084571 0.826799 0.040961 0.050730
1 0.243975 0.159228 0.030278 0.039631
1 0.246574 0.195482 0.029387 0.034874
1 0.190292 0.491523 0.033836 0.058649
1 0.318332 0.396124 0.025825 0.045973
1 0.287620 0.241565 0.024910 0.044388
1 0.292736 0.387001 0.023134 0.042794
1 0.309013 0.490860 0.027620 0.041183
1 0.513883 0.501015 0.030273 0.053893
1 0.519446 0.638683 0.028497 0.057064
1 0.760478 0.208347 0.027601 0.036460
1 0.764781 0.232349 0.024934 0.033289
1 0.682627 0.402466 0.028497 0.043725
1 0.729776 0.386388 0.024934 0.039622
1 0.727512 0.896082 0.032950 0.060235
1 0.718011 0.948276 0.032055 0.057072
1 0.773360 0.939853 0.029387 0.058649
1 0.871352 0.821049 0.032950 0.049144
2 0.312542 0.434169 0.028497 0.045973
2 0.765792 0.641833 0.032055 0.052307
3 0.278153 0.564736 0.032064 0.047592
3 0.725721 0.639455 0.030273 0.057064
4 0.723567 0.522148 0.139661 0.304362
5 0.271932 0.501539 0.150490 0.320210
1 0.333475 0.925596 0.032926 0.061812
1 0.369976 0.908956 0.032950 0.066552
1 0.352170 0.954111 0.032945 0.055503
1 0.229284 0.953318 0.032950 0.047576
1 0.123362 0.748700 0.036508 0.049144
