0 0.441270 0.674975 0.079298 0.141007
0 0.585723 0.901384 0.091682 0.145940
0 0.678485 0.906598 0.087253 0.131485
0 0.704350 0.351065 0.074797 0.099866
1 0.085686 0.825977 0.040966 0.050730
1 0.243975 0.160789 0.030278 0.039631
1 0.248494 0.196414 0.029383 0.034874
1 0.189717 0.492160 0.033836 0.058649
1 0.318332 0.396124 0.025825 0.045973
1 0.287620 0.241565 0.024910 0.044388
1 0.294757 0.389656 0.023313 0.041326
1 0.312088 0.518964 0.027625 0.041183
1 0.513942 0.500684 0.030278 0.053901
1 0.522453 0.638196 0.028497 0.057064
1 0.760778 0.209891 0.027606 0.036460
1 0.765827 0.232039 0.024934 0.033289
1 0.682406 0.409966 0.028497 0.045302
1 0.730648 0.388255 0.024934 0.039614
1 0.727799 0.890973 0.032950 0.060235
1 0.721011 0.947089 0.032059 0.057064
1 0.773360 0.939853 0.029387 0.058649
1 0.875064 0.820961 0.032945 0.049136
2 0.312542 0.434169 0.028497 0.045973
2 0.765792 0.641833 0.032055 0.052307
3 0.282498 0.566514 0.032064 0.047592
3 0.725721 0.639455 0.030273 0.057064
4 0.723615 0.522148 0.139566 0.304362
5 0.271871 0.501539 0.150490 0.320210
1 0.609413 0.904690 0.032926 0.061812
1 0.627484 0.866154 0.032950 0.066552
1 0.633395 0.934799 0.032945 0.055503
1 0.229284 0.953318 0.032950 0.047576
1 0.123954 0.748117 0.036513 0.049136
