0 0.470983 0.676997 0.079298 0.141007
0 0.518532 0.905747 0.091682 0.145940
0 0.610210 0.909585 0.087253 0.131485
0 0.704350 0.352970 0.074797 0.099866
1 0.087031 0.824992 0.040961 0.050721
1 0.243975 0.162672 0.030278 0.039622
1 0.250811 0.197538 0.029387 0.034874
1 0.189027 0.492928 0.033841 0.058658
1 0.318332 0.396124 0.025825 0.045973
1 0.287620 0.241565 0.024910 0.044388
1 0.293961 0.389656 0.023313 0.041326
1 0.312088 0.518964 0.027625 0.041183
1 0.514013 0.500281 0.030278 0.053901
1 0.521338 0.652387 0.028492 0.057072
1 0.761136 0.211753 0.027606 0.036460
1 0.767092 0.231669 0.024929 0.033289
1 0.682137 0.419018 0.028497 0.047215
1 0.731704 0.390503 0.024934 0.039614
1 0.728110 0.888532 0.032582 0.059262
1 0.720045 0.945755 0.033624 0.053188
1 0.773360 0.939853 0.029387 0.058649
1 0.879670 0.820961 0.032950 0.049136
2 0.312542 0.434169 0.028497 0.045973
2 0.765792 0.641833 0.032055 0.052307
3 0.279081 0.566296 0.032064 0.047592
3 0.725721 0.639455 0.030273 0.057064
4 0.723669 0.522148 0.139458 0.304362
5 0.271800 0.501539 0.150490 0.320210
1 0.558692 0.888473 0.032926 0.061812
1 0.634406 0.732001 0.032950 0.066552
1 0.559121 0.930839 0.032945 0.053926
1 0.229284 0.953318 0.032950 0.047576
1 0.124668 0.747412 0.036508 0.049136
