0 0.749708 0.778154 0.093582 0.163221
0 0.253527 0.673763 0.092568 0.114253
0 0.235980 0.788381 0.103318 0.145587
0 0.668739 0.504648 0.087319 0.129950
1 0.093666 0.820130 0.040961 0.050730
1 0.243975 0.171955 0.030278 0.039631
1 0.245968 0.203259 0.029383 0.034874
1 0.185617 0.496720 0.033836 0.058658
1 0.318332 0.396124 0.025825 0.045973
1 0.287620 0.241565 0.024910 0.044388
1 0.291774 0.389652 0.023313 0.041317
1 0.312088 0.518964 0.027625 0.041183
1 0.549903 0.671091 0.030278 0.055520
1 0.691049 0.910466 0.028497 0.057072
1 0.752797 0.201363 0.027601 0.042760
1 0.765287 0.225818 0.020358 0.025579
1 0.718598 0.412777 0.023153 0.047567
1 0.732844 0.392945 0.024934 0.039614
1 0.722754 0.902294 0.029402 0.050797
1 0.714814 0.945755 0.033624 0.053188
1 0.773360 0.939853 0.029387 0.058649
1 0.875865 0.819375 0.032945 0.049136
2 0.312542 0.434169 0.028497 0.045973
2 0.765792 0.641833 0.032055 0.052307
3 0.281381 0.564929 0.032064 0.047592
3 0.725721 0.639455 0.030273 0.057064
4 0.723047 0.522148 0.138921 0.304362
5 0.271447 0.501539 0.150490 0.320210
1 0.228598 0.674077 0.032926 0.061812
1 0.740964 0.863263 0.032041 0.058591
1 0.199609 0.712018 0.028775 0.053935
1 0.229284 0.953318 0.032950 0.047576
1 0.128181 0.743935 0.036513 0.049144
