1 0.872930 0.145465 0.027609 0.058569
0 0.390062 0.434222 0.092625 0.121944
0 0.302273 0.845007 0.144297 0.223125
0 0.714824 0.345424 0.091461 0.164097
0 0.606664 0.663778 0.119375 0.178833
1 0.364672 0.424000 0.034719 0.060167
1 0.670297 0.550410 0.033844 0.066486
1 0.528598 0.292458 0.032945 0.060167
1 0.543660 0.150118 0.029383 0.050653
1 0.736445 0.127938 0.023156 0.041125
1 0.815492 0.047167 0.023156 0.045917
1 0.936355 0.799174 0.034727 0.066486
1 0.282750 0.183368 0.027609 0.047486
1 0.584621 0.596549 0.032945 0.066486
1 0.477832 0.380583 0.035617 0.066500
2 0.896730 0.622667 0.032055 0.068083
3 0.255594 0.313965 0.028500 0.049069
3 0.788227 0.311201 0.028516 0.045875
4 0.835734 0.435069 0.175422 0.351444
5 0.257375 0.449319 0.174531 0.357778
1 0.339660 0.853354 0.037398 0.064903
1 0.443035 0.936889 0.040070 0.066500
1 0.571527 0.931368 0.046305 0.071236
2 0.414992 0.878347 0.040953 0.079194
