0 0.613746 0.712483 0.084647 0.148960
0 0.258457 0.688322 0.096103 0.131946
0 0.326817 0.892995 0.099675 0.155000
0 0.582684 0.389887 0.065057 0.106233
1 0.090207 0.822664 0.040961 0.050730
1 0.243975 0.167114 0.030278 0.039631
1 0.256197 0.198024 0.029387 0.034874
1 0.187396 0.494744 0.033841 0.058649
1 0.318332 0.396124 0.025825 0.045973
1 0.287620 0.241565 0.024910 0.044388
1 0.292081 0.389652 0.023313 0.041317
1 0.312088 0.518964 0.027625 0.041183
1 0.515516 0.497471 0.030278 0.053901
1 0.703490 0.905071 0.032738 0.057072
1 0.756211 0.204815 0.027606 0.036460
1 0.772158 0.234610 0.024929 0.044018
1 0.721162 0.410336 0.023153 0.047567
1 0.732844 0.392945 0.024934 0.039614
1 0.728779 0.889362 0.031056 0.055218
1 0.717542 0.945755 0.033624 0.053188
1 0.773360 0.939853 0.029387 0.058649
1 0.881645 0.820419 0.032950 0.049144
2 0.312542 0.434169 0.028497 0.045973
2 0.765792 0.641833 0.032055 0.052307
3 0.281056 0.565122 0.032064 0.047592
3 0.725721 0.639455 0.030273 0.057064
4 0.723801 0.522148 0.139194 0.304362
5 0.271631 0.501539 0.150490 0.320210
1 0.228914 0.697680 0.032926 0.061820
1 0.780874 0.784643 0.032041 0.058599
1 0.211473 0.753020 0.032945 0.053926
1 0.229284 0.953318 0.032950 0.047576
1 0.126348 0.745747 0.036513 0.049144
