1 0.872367 0.145715 0.027609 0.058569
0 0.449273 0.417583 0.100703 0.166250
0 0.402633 0.910674 0.127359 0.178653
0 0.698188 0.279181 0.074844 0.153611
0 0.809020 0.627333 0.111320 0.185111
1 0.352035 0.431910 0.034727 0.060181
1 0.681508 0.540611 0.032078 0.066500
1 0.529012 0.291729 0.032945 0.060153
1 0.543660 0.150118 0.029383 0.050653
1 0.736445 0.127931 0.023156 0.041111
1 0.815246 0.048035 0.023148 0.045903
1 0.936355 0.799174 0.034727 0.066486
1 0.282750 0.183368 0.027609 0.047486
1 0.584621 0.596549 0.032945 0.066486
1 0.527184 0.410799 0.035617 0.066486
2 0.896730 0.622667 0.032055 0.068083
3 0.255594 0.313965 0.028500 0.049069
3 0.789180 0.312417 0.028516 0.045861
4 0.835734 0.435069 0.175422 0.351444
5 0.257375 0.449319 0.174531 0.357778
1 0.442590 0.941646 0.037398 0.064903
1 0.535645 0.986646 0.040070 0.026708
1 0.572285 0.930667 0.046305 0.071250
2 0.489801 0.929833 0.033852 0.068056
