1 0.872566 0.145625 0.027602 0.058583
0 0.434582 0.431806 0.108648 0.148889
0 0.310039 0.860160 0.139203 0.197736
0 0.715262 0.334056 0.088211 0.153611
0 0.764027 0.640417 0.120273 0.187528
1 0.352129 0.431910 0.034727 0.060181
1 0.699914 0.533229 0.032078 0.066486
1 0.528867 0.291979 0.032953 0.060153
1 0.543660 0.150118 0.029383 0.050653
1 0.736445 0.127931 0.023156 0.041111
1 0.815332 0.047729 0.023148 0.045903
1 0.936355 0.799174 0.034727 0.066486
1 0.282750 0.183368 0.027609 0.047486
1 0.584621 0.596549 0.032945 0.066486
1 0.494238 0.376500 0.035617 0.066500
2 0.896730 0.622667 0.032055 0.068083
3 0.255594 0.313965 0.028500 0.049069
3 0.788844 0.311986 0.028516 0.045861
4 0.835734 0.435069 0.175422 0.351444
5 0.257375 0.449319 0.174531 0.357778
1 0.345754 0.881882 0.037398 0.064903
1 0.545441 0.965319 0.040070 0.060667
1 0.572020 0.930910 0.046305 0.071236
2 0.440637 0.914854 0.038820 0.075847
