0 0.612835 0.753184 0.072201 0.164807
0 0.260148 0.700252 0.096103 0.141158
0 0.282929 0.849484 0.091730 0.180545
0 0.539856 0.554224 0.072163 0.137911
1 0.091051 0.822047 0.040961 0.050721
1 0.243975 0.168297 0.030278 0.039631
1 0.247008 0.199098 0.029387 0.034874
1 0.186960 0.495227 0.033836 0.058658
1 0.318332 0.396124 0.025825 0.045973
1 0.287620 0.241565 0.024910 0.044388
1 0.291774 0.389652 0.023313 0.041317
1 0.312088 0.518964 0.027625 0.041183
1 0.522917 0.654316 0.030273 0.053901
1 0.694955 0.906292 0.028497 0.057064
1 0.761833 0.189320 0.027606 0.049631
1 0.779149 0.226258 0.024934 0.039664
1 0.719371 0.412039 0.023153 0.047567
1 0.732844 0.392945 0.024934 0.039614
1 0.728956 0.889585 0.030655 0.054136
1 0.716873 0.945755 0.033624 0.053188
1 0.773360 0.939853 0.029387 0.058649
1 0.880151 0.820155 0.032950 0.049136
2 0.312542 0.434169 0.028497 0.045973
2 0.765792 0.641833 0.032055 0.052307
3 0.281381 0.564929 0.032064 0.047592
3 0.725721 0.639455 0.030273 0.057064
4 0.723836 0.522148 0.139123 0.304362
5 0.271588 0.501539 0.150490 0.320210
1 0.228084 0.718498 0.032926 0.061812
1 0.772924 0.821997 0.032041 0.058591
1 0.206850 0.734111 0.032945 0.053926
1 0.229284 0.953318 0.032950 0.047576
1 0.126795 0.745306 0.036513 0.049136
