1 0.874777 0.144646 0.027602 0.058569
0 0.395395 0.245104 0.072133 0.099736
0 0.375352 0.670944 0.113984 0.215278
0 0.679012 0.250646 0.064117 0.123486
0 0.751141 0.644035 0.087266 0.193125
1 0.529574 0.430326 0.034727 0.071236
1 0.575184 0.427340 0.033836 0.066486
1 0.527242 0.294868 0.032953 0.060153
1 0.543660 0.150118 0.029383 0.050653
1 0.736445 0.127951 0.023156 0.041153
1 0.816293 0.044313 0.023148 0.045903
1 0.936355 0.799174 0.034727 0.066486
1 0.282750 0.183368 0.027609 0.047486
1 0.584621 0.596549 0.032945 0.066486
1 0.674465 0.430368 0.035617 0.066486
2 0.894281 0.606049 0.032062 0.068069
3 0.263605 0.268062 0.028492 0.049069
3 0.734227 0.236396 0.028516 0.045903
4 0.835734 0.435069 0.175422 0.351444
5 0.257059 0.449507 0.174539 0.357764
1 0.428332 0.439618 0.037398 0.064903
1 0.217918 0.953521 0.040070 0.052236
1 0.569043 0.933688 0.046305 0.071236
2 0.398840 0.895618 0.048977 0.088653
