0 0.310803 0.700482 0.081051 0.137827
0 0.243091 0.843280 0.096136 0.155369
0 0.470337 0.887072 0.086395 0.153775
0 0.704350 0.348343 0.074797 0.099874
1 0.083761 0.827391 0.040961 0.050721
1 0.243975 0.158096 0.030278 0.039631
1 0.245186 0.194811 0.029383 0.034874
1 0.189253 0.485856 0.033841 0.058658
1 0.318332 0.396124 0.025825 0.045973
1 0.287620 0.241565 0.024910 0.044388
1 0.293214 0.391137 0.023139 0.042794
1 0.277615 0.475482 0.027625 0.041183
1 0.513841 0.501254 0.030273 0.053901
1 0.517271 0.639035 0.028492 0.057064
1 0.760262 0.207223 0.027601 0.036460
1 0.764022 0.232576 0.024934 0.033289
1 0.682787 0.397039 0.028497 0.042584
1 0.729145 0.385042 0.024934 0.039614
1 0.727304 0.899782 0.032950 0.060235
1 0.715839 0.949136 0.032055 0.057064
1 0.773360 0.939853 0.029387 0.058649
1 0.872959 0.824627 0.032950 0.049136
2 0.311831 0.430998 0.028497 0.045973
2 0.765792 0.641833 0.032055 0.052307
3 0.283068 0.554329 0.034731 0.055487
3 0.725721 0.639455 0.030273 0.057064
4 0.723534 0.522148 0.139727 0.304362
5 0.271975 0.501539 0.150490 0.320210
1 0.267585 0.891619 0.032926 0.061812
1 0.313433 0.899866 0.030278 0.056191
1 0.293754 0.944920 0.032945 0.049790
1 0.229284 0.953318 0.032950 0.047576
1 0.122936 0.749123 0.036513 0.049136
