1 0.874414 0.144799 0.027609 0.058569
0 0.494781 0.391236 0.080172 0.112417
0 0.408793 0.496125 0.097102 0.189944
0 0.670562 0.353215 0.069437 0.138431
0 0.692059 0.492035 0.081055 0.180514
1 0.529625 0.431229 0.034734 0.071236
1 0.574184 0.428285 0.033836 0.066486
1 0.527508 0.294396 0.032953 0.060153
1 0.543660 0.150118 0.029383 0.050653
1 0.736445 0.127951 0.023156 0.041153
1 0.816137 0.044875 0.023148 0.045917
1 0.936355 0.799174 0.034727 0.066486
1 0.282750 0.183368 0.027609 0.047486
1 0.584621 0.596549 0.032945 0.066486
1 0.669246 0.407118 0.035617 0.066486
2 0.899402 0.622667 0.032055 0.068083
3 0.255594 0.313965 0.028500 0.049069
3 0.785691 0.307979 0.028508 0.045875
4 0.835734 0.435069 0.175422 0.351444
5 0.257375 0.449319 0.174531 0.357778
1 0.425785 0.455715 0.037398 0.064903
1 0.219949 0.953521 0.040070 0.052236
1 0.569535 0.933229 0.046305 0.071236
2 0.398527 0.895563 0.048977 0.088653
