0 0.429918 0.650671 0.092644 0.152114
0 0.348812 0.903213 0.091687 0.145940
0 0.592255 0.884593 0.090844 0.163213
0 0.704350 0.349732 0.074797 0.099866
1 0.084743 0.826669 0.040966 0.050721
1 0.243975 0.159471 0.030278 0.039631
1 0.246873 0.195629 0.029383 0.034883
1 0.190203 0.491619 0.033836 0.058658
1 0.318332 0.396124 0.025825 0.045973
1 0.287620 0.241565 0.024910 0.044388
1 0.295313 0.389656 0.023313 0.041326
1 0.309939 0.497269 0.027625 0.041183
1 0.513893 0.500961 0.030273 0.053901
1 0.519913 0.638607 0.028497 0.057064
1 0.760523 0.208582 0.027606 0.036460
1 0.764946 0.232307 0.024934 0.033289
1 0.682592 0.403633 0.028492 0.043977
1 0.729913 0.386682 0.024934 0.039622
1 0.727557 0.895289 0.032945 0.060243
1 0.718478 0.948091 0.032055 0.057072
1 0.773360 0.939853 0.029387 0.058649
1 0.871840 0.820961 0.032945 0.049136
2 0.312542 0.434169 0.028497 0.045973
2 0.765792 0.641833 0.032055 0.052307
3 0.280787 0.562160 0.032064 0.047592
3 0.725721 0.639455 0.030273 0.057064
4 0.723574 0.522148 0.139647 0.304362
5 0.271923 0.501539 0.150490 0.320210
1 0.374616 0.914178 0.032926 0.061812
1 0.403459 0.896590 0.032950 0.066552
1 0.399187 0.948087 0.032945 0.055503
1 0.229284 0.953318 0.032950 0.047576
1 0.123457 0.748607 0.036508 0.049144
