0 0.354730 0.179187 0.072133 0.099736
0 0.329578 0.862965 0.113984 0.215292
0 0.679828 0.155882 0.064109 0.123486
0 0.791656 0.812632 0.087266 0.193125
1 0.530652 0.427687 0.034727 0.071236
1 0.576430 0.426160 0.033844 0.066486
1 0.526906 0.295465 0.032953 0.060153
1 0.543660 0.150118 0.029383 0.050653
1 0.736445 0.127951 0.023156 0.041153
1 0.816492 0.043618 0.023156 0.045903
1 0.936355 0.799174 0.034727 0.066486
1 0.282750 0.183368 0.027609 0.047486
1 0.584621 0.596549 0.032945 0.066486
1 0.674824 0.429285 0.035617 0.066486
2 0.839605 0.795826 0.032055 0.068069
3 0.318270 0.205701 0.028492 0.049069
3 0.702734 0.125868 0.027609 0.045903
4 0.835734 0.435069 0.175422 0.351444
5 0.255484 0.450437 0.174531 0.357764
1 0.428340 0.439229 0.037398 0.064903
1 0.215371 0.953521 0.040070 0.052236
1 0.568434 0.934257 0.046305 0.071236
2 0.399223 0.895701 0.048977 0.088653
