1 0.873613 0.145160 0.027602 0.058569
0 0.365434 0.431132 0.080180 0.112431
0 0.281109 0.831090 0.137141 0.195708
0 0.586559 0.333194 0.088367 0.176194
0 0.734836 0.712813 0.101031 0.198958
1 0.389902 0.426368 0.034727 0.071236
1 0.568293 0.461188 0.033836 0.066486
1 0.528098 0.293347 0.032945 0.060167
1 0.543660 0.150118 0.029383 0.050653
1 0.736445 0.127944 0.023156 0.041139
1 0.815785 0.046118 0.023148 0.045903
1 0.936355 0.799174 0.034727 0.066486
1 0.282750 0.183368 0.027609 0.047486
1 0.584621 0.596549 0.032945 0.066486
1 0.536535 0.343660 0.035617 0.066486
2 0.896730 0.622667 0.032055 0.068083
3 0.255594 0.313965 0.028500 0.049069
3 0.787062 0.309722 0.028516 0.045861
4 0.835734 0.435069 0.175422 0.351444
5 0.257375 0.449319 0.174531 0.357778
1 0.312582 0.804715 0.037398 0.064903
1 0.224449 0.953521 0.040070 0.052236
1 0.570613 0.932229 0.046305 0.071236
2 0.397848 0.895410 0.048977 0.088653
