0 0.609409 0.675847 0.079298 0.141007
0 0.271159 0.852898 0.079218 0.176049
0 0.340450 0.909769 0.087253 0.131485
0 0.688775 0.312324 0.075702 0.096728
1 0.089185 0.823414 0.040961 0.050721
1 0.243975 0.165688 0.030278 0.039631
1 0.262754 0.197643 0.029383 0.034883
1 0.187919 0.494161 0.033841 0.058658
1 0.318332 0.396124 0.025825 0.045973
1 0.287620 0.241565 0.024910 0.044388
1 0.292684 0.389652 0.023313 0.041317
1 0.312088 0.518964 0.027625 0.041183
1 0.514788 0.498716 0.030273 0.053893
1 0.637321 0.675193 0.028497 0.057064
1 0.759171 0.210461 0.027606 0.036460
1 0.769182 0.234341 0.024934 0.038784
1 0.722340 0.408289 0.023153 0.047567
1 0.732844 0.392945 0.024934 0.039614
1 0.728565 0.889094 0.031550 0.056510
1 0.718346 0.945755 0.033629 0.053188
1 0.773360 0.939853 0.029387 0.058649
1 0.883447 0.820742 0.032945 0.049136
2 0.312542 0.434169 0.028497 0.045973
2 0.765792 0.641833 0.032055 0.052307
3 0.280422 0.565499 0.032069 0.047592
3 0.725721 0.639455 0.030273 0.057064
4 0.723758 0.522148 0.139279 0.304362
5 0.271687 0.501539 0.150490 0.320210
1 0.284352 0.896535 0.032926 0.061812
1 0.656911 0.649346 0.028497 0.064950
1 0.289390 0.953322 0.032945 0.053926
1 0.229284 0.953318 0.032950 0.047576
1 0.125808 0.746284 0.036508 0.049144
