1 0.872867 0.145493 0.027609 0.058569
0 0.384383 0.434222 0.092625 0.121944
0 0.299500 0.846417 0.144297 0.223111
0 0.715289 0.344590 0.090531 0.161097
0 0.614805 0.663778 0.119375 0.178833
1 0.357547 0.425056 0.034719 0.060167
1 0.674824 0.537660 0.033836 0.066486
1 0.528645 0.292382 0.032945 0.060153
1 0.543660 0.150118 0.029383 0.050653
1 0.736445 0.127938 0.023156 0.041125
1 0.815465 0.047257 0.023148 0.045903
1 0.936355 0.799174 0.034727 0.066486
1 0.282750 0.183368 0.027609 0.047486
1 0.584621 0.596549 0.032945 0.066486
1 0.477910 0.380722 0.035617 0.066500
2 0.896730 0.622667 0.032055 0.068083
3 0.255594 0.313965 0.028500 0.049069
3 0.788328 0.311326 0.028516 0.045875
4 0.835734 0.435069 0.175422 0.351444
5 0.257375 0.449319 0.174531 0.357778
1 0.338527 0.856812 0.037398 0.064903
1 0.466191 0.940056 0.040070 0.066500
1 0.571613 0.931299 0.046305 0.071236
2 0.418551 0.898931 0.040945 0.079194
