0 0.466228 0.674144 0.079298 0.141007
0 0.471204 0.905419 0.091682 0.145940
0 0.562481 0.907857 0.087253 0.131485
0 0.701145 0.342223 0.074986 0.102483
1 0.087418 0.824711 0.040961 0.050730
1 0.243975 0.163213 0.030278 0.039631
1 0.251473 0.197865 0.029383 0.034874
1 0.188829 0.493150 0.033841 0.058649
1 0.318332 0.396124 0.025825 0.045973
1 0.287620 0.241565 0.024910 0.044388
1 0.293732 0.389656 0.023318 0.041326
1 0.312088 0.518964 0.027625 0.041183
1 0.514034 0.500168 0.030273 0.053893
1 0.519107 0.660759 0.028497 0.057072
1 0.761037 0.211938 0.027606 0.036460
1 0.767453 0.231560 0.024934 0.033289
1 0.689260 0.436661 0.027898 0.047567
1 0.732003 0.391145 0.024929 0.039622
1 0.728190 0.888637 0.032394 0.058767
1 0.719743 0.945755 0.033624 0.053188
1 0.773360 0.939853 0.029387 0.058649
1 0.880985 0.820961 0.032950 0.049136
2 0.312542 0.434169 0.028497 0.045973
2 0.765792 0.641833 0.032055 0.052307
3 0.279321 0.566154 0.032064 0.047592
3 0.725721 0.639455 0.030273 0.057064
4 0.723685 0.522148 0.139425 0.304362
5 0.271781 0.501539 0.150490 0.320210
1 0.507721 0.877433 0.032926 0.061812
1 0.643247 0.706791 0.032950 0.066552
1 0.507528 0.934018 0.032945 0.053926
1 0.229284 0.953318 0.032950 0.047576
1 0.124870 0.747211 0.036508 0.049136
