1 0.207592 0.727202 0.027606 0.049153
0 0.568454 0.898872 0.095306 0.150126
0 0.259849 0.753926 0.088963 0.194195
0 0.312969 0.859887 0.076645 0.161535
0 0.648143 0.845080 0.098907 0.171065
1 0.097938 0.816997 0.040966 0.050721
1 0.243975 0.180185 0.030278 0.039631
1 0.243629 0.212630 0.029387 0.034874
1 0.185179 0.494161 0.033836 0.058658
1 0.318332 0.396124 0.025825 0.045973
1 0.287620 0.241565 0.024910 0.044388
1 0.291774 0.389652 0.023313 0.041317
1 0.312088 0.518964 0.027625 0.041183
1 0.538475 0.714664 0.030278 0.055520
1 0.288188 0.946309 0.033850 0.057064
1 0.755139 0.198628 0.027601 0.042760
1 0.718598 0.412777 0.023153 0.047567
1 0.732844 0.392945 0.024934 0.039614
1 0.724253 0.912395 0.029383 0.050747
1 0.710328 0.953683 0.033624 0.053188
1 0.773360 0.939853 0.029387 0.058649
1 0.880179 0.819375 0.032950 0.049136
2 0.312542 0.434169 0.028497 0.045973
2 0.765792 0.641833 0.032055 0.052307
3 0.281381 0.564929 0.032064 0.047592
3 0.725721 0.639455 0.030273 0.057064
4 0.723047 0.522148 0.138921 0.304362
5 0.271136 0.501539 0.150490 0.320210
1 0.241298 0.645029 0.024943 0.045982
1 0.500778 0.944237 0.033836 0.058591
1 0.229284 0.953318 0.032950 0.047576
1 0.130441 0.741703 0.036508 0.049144
