1 0.228035 0.707244 0.027606 0.049153
0 0.566209 0.900201 0.094001 0.150554
0 0.248018 0.773070 0.110184 0.153221
0 0.291352 0.895453 0.099793 0.144983
0 0.647514 0.842987 0.098902 0.171074
1 0.097938 0.816997 0.040966 0.050721
1 0.243975 0.178515 0.030278 0.039631
1 0.244105 0.210734 0.029387 0.034874
1 0.183883 0.497852 0.033836 0.058658
1 0.318332 0.396124 0.025825 0.045973
1 0.287620 0.241565 0.024910 0.044388
1 0.291774 0.389652 0.023313 0.041317
1 0.312088 0.518964 0.027625 0.041183
1 0.538584 0.711300 0.030278 0.055520
1 0.242872 0.872672 0.033850 0.057072
1 0.757415 0.201665 0.027601 0.042760
1 0.718598 0.412777 0.023153 0.047567
1 0.732844 0.392945 0.024934 0.039614
1 0.723094 0.915029 0.029383 0.050747
1 0.710328 0.953683 0.033624 0.053188
1 0.773360 0.939853 0.029387 0.058649
1 0.879305 0.819375 0.032945 0.049136
2 0.312542 0.434169 0.028497 0.045973
2 0.765792 0.641833 0.032055 0.052307
3 0.281381 0.564929 0.032064 0.047592
3 0.725721 0.639455 0.030273 0.057064
4 0.723047 0.522148 0.138921 0.304362
5 0.271197 0.501539 0.150490 0.320210
1 0.237851 0.643498 0.024939 0.045990
1 0.499402 0.945868 0.033836 0.058599
1 0.229284 0.953318 0.032950 0.047576
1 0.130441 0.741703 0.036508 0.049144
