0 0.656678 0.703662 0.093572 0.134723
0 0.270535 0.683511 0.092568 0.114253
0 0.283539 0.891288 0.100650 0.167810
0 0.651301 0.559652 0.078407 0.144270
1 0.092743 0.820805 0.040961 0.050721
1 0.243975 0.170663 0.030278 0.039631
1 0.246336 0.201791 0.029383 0.034874
1 0.186091 0.496195 0.033841 0.058649
1 0.318332 0.396124 0.025825 0.045973
1 0.287620 0.241565 0.024910 0.044388
1 0.291774 0.389652 0.023313 0.041317
1 0.312088 0.518964 0.027625 0.041183
1 0.539465 0.733511 0.030278 0.053901
1 0.692429 0.908993 0.028497 0.057064
1 0.749934 0.199694 0.027606 0.042760
1 0.767335 0.229794 0.024453 0.033532
1 0.718598 0.412777 0.023153 0.047567
1 0.732844 0.392945 0.024934 0.039614
1 0.726331 0.895344 0.029844 0.051980
1 0.715540 0.945755 0.033624 0.053188
1 0.773360 0.939853 0.029387 0.058649
1 0.877158 0.819622 0.032950 0.049144
2 0.312542 0.434169 0.028497 0.045973
2 0.765792 0.641833 0.032055 0.052307
3 0.281381 0.564929 0.032064 0.047592
3 0.725721 0.639455 0.030273 0.057064
4 0.723904 0.522148 0.138987 0.304362
5 0.271496 0.501539 0.150485 0.320210
1 0.245549 0.690394 0.032926 0.061812
1 0.760370 0.843423 0.032041 0.058591
1 0.230577 0.737156 0.032945 0.053926
1 0.229284 0.953318 0.032950 0.047576
1 0.127691 0.744421 0.036513 0.049144
