0 0.383897 0.694685 0.094420 0.156888
0 0.250601 0.839593 0.099533 0.163045
0 0.532924 0.892504 0.090844 0.143414
0 0.704350 0.348939 0.074797 0.099874
1 0.084185 0.827081 0.040961 0.050721
1 0.243975 0.158691 0.030278 0.039631
1 0.245914 0.195164 0.029387 0.034874
1 0.190488 0.491300 0.033841 0.058658
1 0.318332 0.396124 0.025825 0.045973
1 0.287620 0.241565 0.024910 0.044388
1 0.290834 0.387068 0.023139 0.042794
1 0.298287 0.479333 0.027620 0.041183
1 0.513862 0.501128 0.030278 0.053901
1 0.518410 0.638851 0.028497 0.057064
1 0.760375 0.207810 0.027601 0.036460
1 0.764420 0.232458 0.024929 0.033289
1 0.682703 0.399887 0.028497 0.043180
1 0.729475 0.385751 0.024934 0.039622
1 0.727413 0.897844 0.032950 0.060235
1 0.716977 0.948683 0.032059 0.057064
1 0.773360 0.939853 0.029387 0.058649
1 0.872118 0.822752 0.032945 0.049144
2 0.312542 0.434169 0.028497 0.045973
2 0.765792 0.641833 0.032055 0.052307
3 0.279265 0.569685 0.032064 0.047592
3 0.725721 0.639455 0.030273 0.057064
4 0.723553 0.522148 0.139689 0.304362
5 0.271951 0.501539 0.150490 0.320210
1 0.269364 0.880680 0.032931 0.061812
1 0.316310 0.896883 0.030273 0.066552
1 0.297644 0.942156 0.032950 0.055503
1 0.229284 0.953318 0.032950 0.047576
1 0.123160 0.748901 0.036508 0.049144
