0 0.646890 0.886468 0.088219 0.150537
0 0.251378 0.677810 0.092229 0.126795
0 0.244906 0.785059 0.075523 0.163221
0 0.600627 0.683221 0.095947 0.140487
1 0.094880 0.819241 0.040966 0.050730
1 0.243975 0.173649 0.030278 0.039631
1 0.245488 0.205189 0.029383 0.034874
1 0.184995 0.497412 0.033836 0.058649
1 0.318332 0.396124 0.025825 0.045973
1 0.287620 0.241565 0.024910 0.044388
1 0.291774 0.389652 0.023313 0.041317
1 0.312088 0.518964 0.027625 0.041183
1 0.538129 0.718867 0.030273 0.055520
1 0.585917 0.949631 0.028497 0.057064
1 0.754336 0.201758 0.027606 0.042760
1 0.718598 0.412777 0.023153 0.047567
1 0.732844 0.392945 0.024934 0.039614
1 0.719713 0.922727 0.029387 0.050755
1 0.710328 0.953683 0.033624 0.053188
1 0.773360 0.939853 0.029387 0.058649
1 0.876753 0.819375 0.032950 0.049136
2 0.312542 0.434169 0.028497 0.045973
2 0.765792 0.641833 0.032055 0.052307
3 0.281381 0.564929 0.032064 0.047592
3 0.725721 0.639455 0.030273 0.057064
4 0.723014 0.522148 0.138921 0.304362
5 0.271381 0.501539 0.150490 0.320210
1 0.224687 0.667005 0.031522 0.060554
1 0.588598 0.874887 0.032041 0.058599
1 0.205325 0.703029 0.024929 0.053926
1 0.229284 0.953318 0.032950 0.047576
1 0.128822 0.743301 0.036513 0.049136
