1 0.871488 0.146104 0.027602 0.058569
0 0.464844 0.305903 0.080312 0.131250
0 0.502660 0.916215 0.127367 0.167569
0 0.700453 0.153917 0.065078 0.126750
0 0.803129 0.682396 0.099602 0.210264
1 0.351598 0.431910 0.034727 0.060181
1 0.592281 0.539146 0.032078 0.066486
1 0.508934 0.259354 0.032945 0.060153
1 0.543660 0.150118 0.029383 0.050653
1 0.736445 0.127924 0.023156 0.041097
1 0.814867 0.049389 0.023156 0.045917
1 0.936355 0.799174 0.034727 0.066486
1 0.282750 0.183368 0.027609 0.047486
1 0.584621 0.596549 0.032945 0.066486
1 0.512715 0.381444 0.035617 0.066500
2 0.896730 0.622667 0.032055 0.068083
3 0.255594 0.313965 0.028500 0.049069
3 0.790680 0.314319 0.028516 0.045861
4 0.835734 0.435069 0.175422 0.351444
5 0.257375 0.449319 0.174531 0.357778
1 0.634488 0.966528 0.037398 0.057667
1 0.672637 0.981097 0.042758 0.037806
1 0.717527 0.974785 0.046305 0.050431
2 0.584191 0.863340 0.033852 0.068042
