0 0.360371 0.188771 0.072133 0.099736
0 0.340914 0.808174 0.113984 0.215292
0 0.680273 0.176375 0.064109 0.123472
0 0.788984 0.783347 0.087266 0.193139
1 0.530004 0.429271 0.034727 0.071236
1 0.575684 0.426868 0.033836 0.066486
1 0.527105 0.295111 0.032945 0.060167
1 0.543660 0.150118 0.029383 0.050653
1 0.736445 0.127951 0.023156 0.041153
1 0.816371 0.044035 0.023148 0.045903
1 0.936355 0.799174 0.034727 0.066486
1 0.282750 0.183368 0.027609 0.047486
1 0.584621 0.596549 0.032945 0.066486
1 0.674605 0.429931 0.035617 0.066500
2 0.894059 0.668576 0.032055 0.068069
3 0.280527 0.239563 0.028492 0.049069
3 0.706617 0.131917 0.027609 0.045917
4 0.835734 0.435069 0.175422 0.351444
5 0.256430 0.449875 0.174531 0.357778
1 0.428332 0.439458 0.037398 0.064917
1 0.216898 0.953521 0.040078 0.052236
1 0.568801 0.933924 0.046305 0.071236
2 0.398988 0.895660 0.048977 0.088653
