0 0.415700 0.662836 0.079298 0.141007
0 0.512926 0.905747 0.091687 0.145940
0 0.666058 0.897072 0.097064 0.152114
0 0.704350 0.350600 0.074797 0.099874
1 0.085358 0.826221 0.040961 0.050730
1 0.243975 0.160336 0.030278 0.039631
1 0.247931 0.196145 0.029387 0.034874
1 0.189887 0.491971 0.033836 0.058658
1 0.318332 0.396124 0.025825 0.045973
1 0.287620 0.241565 0.024910 0.044388
1 0.294951 0.389656 0.023313 0.041326
1 0.312024 0.518301 0.027620 0.041183
1 0.513926 0.500780 0.030273 0.053893
1 0.521572 0.638339 0.028497 0.057064
1 0.760688 0.209438 0.027606 0.036460
1 0.765521 0.232131 0.024934 0.033289
1 0.682472 0.407773 0.028497 0.044841
1 0.730393 0.387706 0.024934 0.039622
1 0.727714 0.892471 0.032950 0.060243
1 0.720132 0.947437 0.032055 0.057072
1 0.773360 0.939853 0.029387 0.058649
1 0.873944 0.820961 0.032950 0.049136
2 0.312542 0.434169 0.028497 0.045973
2 0.765792 0.641833 0.032055 0.052307
3 0.283954 0.566384 0.032064 0.047601
3 0.725721 0.639455 0.030273 0.057064
4 0.723600 0.522148 0.139595 0.304362
5 0.271890 0.501539 0.150490 0.320210
1 0.539178 0.912911 0.032926 0.061812
1 0.563209 0.886762 0.032950 0.066560
1 0.562764 0.946976 0.032945 0.055512
1 0.229284 0.953318 0.032950 0.047576
1 0.123782 0.748289 0.036508 0.049144
