0 0.466751 0.674002 0.079298 0.141007
0 0.466963 0.905378 0.091682 0.145940
0 0.558372 0.907806 0.087253 0.131485
0 0.700686 0.340638 0.075009 0.102852
1 0.087436 0.824698 0.040961 0.050721
1 0.243975 0.163238 0.030278 0.039631
1 0.251506 0.197882 0.029383 0.034874
1 0.188820 0.493159 0.033841 0.058649
1 0.318332 0.396124 0.025825 0.045973
1 0.287620 0.241565 0.024910 0.044388
1 0.293721 0.389656 0.023313 0.041326
1 0.312088 0.518964 0.027625 0.041183
1 0.514034 0.500164 0.030273 0.053901
1 0.518975 0.661086 0.028497 0.057072
1 0.761016 0.211921 0.027601 0.036460
1 0.767472 0.231552 0.024934 0.033289
1 0.690285 0.438943 0.027818 0.047567
1 0.732019 0.391179 0.024934 0.039622
1 0.728195 0.888641 0.032385 0.058742
1 0.719724 0.945755 0.033624 0.053188
1 0.773360 0.939853 0.029387 0.058649
1 0.881051 0.820961 0.032950 0.049136
2 0.312542 0.434169 0.028497 0.045973
2 0.765792 0.641833 0.032055 0.052307
3 0.279331 0.566145 0.032064 0.047592
3 0.725721 0.639455 0.030273 0.057064
4 0.723685 0.522148 0.139425 0.304362
5 0.271779 0.501539 0.150485 0.320210
1 0.503607 0.877567 0.032926 0.061812
1 0.643615 0.705768 0.032950 0.066552
1 0.503391 0.934207 0.032945 0.053935
1 0.229284 0.953318 0.032950 0.047576
1 0.124880 0.747198 0.036508 0.049144
