0 0.414918 0.661657 0.094425 0.156888
0 0.292538 0.892517 0.098808 0.153826
0 0.564984 0.885185 0.090844 0.163205
0 0.704350 0.349350 0.074797 0.099874
1 0.084472 0.826867 0.040961 0.050730
1 0.243975 0.159094 0.030278 0.039631
1 0.246409 0.195407 0.029387 0.034874
1 0.190339 0.491468 0.033836 0.058658
1 0.318332 0.396124 0.025825 0.045973
1 0.287620 0.241565 0.024910 0.044388
1 0.291067 0.386011 0.023134 0.042794
1 0.306989 0.485096 0.027625 0.041183
1 0.513878 0.501044 0.030273 0.053901
1 0.519187 0.638725 0.028497 0.057064
1 0.760452 0.208213 0.027606 0.036460
1 0.764691 0.232383 0.024934 0.033289
1 0.682646 0.401820 0.028497 0.043591
1 0.729701 0.386229 0.024934 0.039622
1 0.727488 0.896523 0.032950 0.060243
1 0.717752 0.948377 0.032055 0.057072
1 0.773360 0.939853 0.029387 0.058649
1 0.871543 0.821472 0.032945 0.049136
2 0.312542 0.434169 0.028497 0.045973
2 0.765792 0.641833 0.032055 0.052307
3 0.276204 0.567211 0.032069 0.047592
3 0.725721 0.639455 0.030273 0.057064
4 0.723565 0.522148 0.139665 0.304362
5 0.271937 0.501539 0.150490 0.320210
1 0.318339 0.920839 0.032926 0.061812
1 0.354840 0.904199 0.032950 0.066552
1 0.330799 0.954111 0.032945 0.055503
1 0.229284 0.953318 0.032950 0.047576
1 0.123313 0.748750 0.036513 0.049144
