0 0.634639 0.714761 0.093577 0.134723
0 0.258598 0.677596 0.092568 0.114253
0 0.253113 0.793712 0.077507 0.166183
0 0.639588 0.591065 0.086404 0.130017
1 0.092205 0.821200 0.040961 0.050721
1 0.243975 0.169908 0.030278 0.039631
1 0.246550 0.200935 0.029387 0.034874
1 0.186369 0.495885 0.033841 0.058649
1 0.318332 0.396124 0.025825 0.045973
1 0.287620 0.241565 0.024910 0.044388
1 0.291774 0.389652 0.023313 0.041317
1 0.312088 0.518964 0.027625 0.041183
1 0.550181 0.766523 0.030278 0.053901
1 0.693233 0.908133 0.028492 0.057072
1 0.746098 0.196967 0.027606 0.042760
1 0.768530 0.232114 0.026843 0.038171
1 0.718598 0.412777 0.023153 0.047567
1 0.732844 0.392945 0.024934 0.039614
1 0.728417 0.891284 0.030104 0.052668
1 0.715964 0.945755 0.033624 0.053188
1 0.773360 0.939853 0.029387 0.058649
1 0.878110 0.819790 0.032950 0.049144
2 0.312542 0.434169 0.028497 0.045973
2 0.765792 0.641833 0.032055 0.052307
3 0.281381 0.564929 0.032064 0.047592
3 0.725721 0.639455 0.030273 0.057064
4 0.723883 0.522148 0.139029 0.304362
5 0.271525 0.501539 0.150485 0.320210
1 0.236143 0.675134 0.032926 0.061812
1 0.767003 0.834920 0.032045 0.058599
1 0.215342 0.699685 0.032945 0.053935
1 0.229284 0.953318 0.032950 0.047576
1 0.127406 0.744702 0.036508 0.049136
