0 0.577144 0.893268 0.089114 0.152156
0 0.261904 0.688687 0.091508 0.153616
0 0.344072 0.852810 0.099793 0.144111
0 0.647620 0.836825 0.098907 0.171065
1 0.096937 0.817731 0.040961 0.050730
1 0.243975 0.176527 0.030278 0.039631
1 0.244670 0.208469 0.029387 0.034874
1 0.183937 0.498591 0.033841 0.058658
1 0.318332 0.396124 0.025825 0.045973
1 0.287620 0.241565 0.024910 0.044388
1 0.291774 0.389652 0.023313 0.041317
1 0.312088 0.518964 0.027625 0.041183
1 0.538117 0.713456 0.030278 0.055520
1 0.338947 0.950344 0.033850 0.057064
1 0.756951 0.202420 0.027606 0.042760
1 0.718598 0.412777 0.023153 0.047567
1 0.732844 0.392945 0.024934 0.039614
1 0.721713 0.918175 0.029383 0.050747
1 0.710328 0.953683 0.033624 0.053188
1 0.773360 0.939853 0.029387 0.058649
1 0.878261 0.819375 0.032950 0.049136
2 0.312542 0.434169 0.028497 0.045973
2 0.765792 0.641833 0.032055 0.052307
3 0.281381 0.564929 0.032064 0.047592
3 0.725721 0.639455 0.030273 0.057064
4 0.723047 0.522148 0.138921 0.304362
5 0.271272 0.501539 0.150490 0.320210
1 0.218051 0.663289 0.026678 0.050940
1 0.501150 0.949044 0.033836 0.058591
1 0.218153 0.728221 0.024929 0.053926
1 0.229284 0.953318 0.032950 0.047576
1 0.129913 0.742223 0.036508 0.049144
