0 0.434416 0.645789 0.090679 0.152114
0 0.405624 0.902576 0.091682 0.145940
0 0.616331 0.886770 0.090844 0.163205
0 0.704350 0.350029 0.074797 0.099874
1 0.084953 0.826514 0.040961 0.050730
1 0.243975 0.159765 0.030278 0.039631
1 0.247236 0.195810 0.029383 0.034874
1 0.190094 0.491741 0.033836 0.058649
1 0.318332 0.396124 0.025825 0.045973
1 0.287620 0.241565 0.024910 0.044388
1 0.295191 0.389656 0.023313 0.041326
1 0.310655 0.504501 0.027625 0.041183
1 0.513904 0.500902 0.030278 0.053901
1 0.520483 0.638515 0.028497 0.057064
1 0.760580 0.208876 0.027606 0.036460
1 0.765144 0.232248 0.024934 0.033289
1 0.682552 0.405055 0.028497 0.044270
1 0.730078 0.387034 0.024934 0.039622
1 0.727611 0.894320 0.032950 0.060235
1 0.719046 0.947865 0.032059 0.057072
1 0.773360 0.939853 0.029387 0.058649
1 0.872564 0.820961 0.032950 0.049136
2 0.312542 0.434169 0.028497 0.045973
2 0.765792 0.641833 0.032055 0.052307
3 0.281876 0.563612 0.032064 0.047592
3 0.725721 0.639455 0.030273 0.057064
4 0.723584 0.522148 0.139628 0.304362
5 0.271911 0.501539 0.150485 0.320210
1 0.424753 0.909740 0.032926 0.061812
1 0.451456 0.882798 0.032950 0.066552
1 0.451456 0.936669 0.032950 0.055503
1 0.229284 0.953318 0.032950 0.047576
1 0.123567 0.748498 0.036513 0.049144
