0 0.606975 0.894853 0.089114 0.152156
0 0.265111 0.686246 0.091673 0.147592
0 0.330344 0.856674 0.098926 0.157408
0 0.660085 0.818595 0.098907 0.171065
1 0.096475 0.818070 0.040961 0.050721
1 0.243975 0.175881 0.030278 0.039631
1 0.244854 0.207731 0.029387 0.034874
1 0.184175 0.498326 0.033836 0.058649
1 0.318332 0.396124 0.025825 0.045973
1 0.287620 0.241565 0.024910 0.044388
1 0.291774 0.389652 0.023313 0.041317
1 0.312088 0.518964 0.027625 0.041183
1 0.537964 0.714161 0.030273 0.055520
1 0.380511 0.944329 0.033850 0.057064
1 0.756367 0.202269 0.027606 0.042760
1 0.718598 0.412777 0.023153 0.047567
1 0.732844 0.392945 0.024934 0.039614
1 0.721263 0.919199 0.029387 0.050747
1 0.710328 0.953683 0.033624 0.053188
1 0.773360 0.939853 0.029387 0.058649
1 0.877924 0.819375 0.032945 0.049136
2 0.312542 0.434169 0.028497 0.045973
2 0.765792 0.641833 0.032055 0.052307
3 0.281381 0.564929 0.032064 0.047592
3 0.725721 0.639455 0.030273 0.057064
4 0.723047 0.522148 0.138921 0.304362
5 0.271296 0.501539 0.150490 0.320210
1 0.215217 0.669392 0.029614 0.058851
1 0.501718 0.950076 0.033831 0.058591
1 0.215339 0.720763 0.024929 0.053926
1 0.229284 0.953318 0.032950 0.047576
1 0.129668 0.742466 0.036508 0.049144
