0 0.609597 0.712185 0.081993 0.134723
0 0.253959 0.674643 0.092564 0.114253
0 0.249552 0.789748 0.077512 0.166191
0 0.632590 0.605793 0.086404 0.130025
1 0.091899 0.821426 0.040961 0.050721
1 0.243975 0.169480 0.030278 0.039631
1 0.246673 0.200449 0.029387 0.034874
1 0.186527 0.495709 0.033836 0.058649
1 0.318332 0.396124 0.025825 0.045973
1 0.287620 0.241565 0.024910 0.044388
1 0.291774 0.389652 0.023313 0.041317
1 0.312088 0.518964 0.027625 0.041183
1 0.547015 0.763482 0.030278 0.053893
1 0.693692 0.907643 0.028497 0.057064
1 0.743907 0.195407 0.027606 0.042760
1 0.772750 0.232005 0.027611 0.039664
1 0.718598 0.412777 0.023153 0.047567
1 0.732844 0.392945 0.024934 0.039614
1 0.729135 0.889807 0.030250 0.053054
1 0.716209 0.945755 0.033624 0.053188
1 0.773360 0.939853 0.029387 0.058649
1 0.878655 0.819891 0.032945 0.049144
2 0.312542 0.434169 0.028497 0.045973
2 0.765792 0.641833 0.032055 0.052307
3 0.281381 0.564929 0.032064 0.047592
3 0.725721 0.639455 0.030273 0.057064
4 0.723869 0.522148 0.139057 0.304362
5 0.271541 0.501539 0.150490 0.320210
1 0.231788 0.675134 0.032926 0.061812
1 0.770794 0.830067 0.032041 0.058591
1 0.212394 0.699685 0.032950 0.053935
1 0.229284 0.953318 0.032950 0.047576
1 0.127243 0.744866 0.036513 0.049144
