1 0.872504 0.145653 0.027602 0.058583
0 0.441914 0.419549 0.091328 0.173403
0 0.330375 0.869611 0.138906 0.196250
0 0.714785 0.330681 0.088211 0.153611
0 0.780504 0.637889 0.114336 0.185111
1 0.352098 0.431910 0.034727 0.060181
1 0.697773 0.538285 0.032078 0.066486
1 0.528910 0.291903 0.032945 0.060167
1 0.543660 0.150118 0.029383 0.050653
1 0.736445 0.127931 0.023156 0.041111
1 0.815309 0.047819 0.023148 0.045917
1 0.936355 0.799174 0.034727 0.066486
1 0.282750 0.183368 0.027609 0.047486
1 0.584621 0.596549 0.032945 0.066486
1 0.500648 0.384104 0.035625 0.066486
2 0.896730 0.622667 0.032055 0.068083
3 0.255594 0.313965 0.028500 0.049069
3 0.788953 0.312118 0.028516 0.045875
4 0.835734 0.435069 0.175422 0.351444
5 0.257375 0.449319 0.174531 0.357778
1 0.363785 0.895736 0.037398 0.064917
1 0.550191 0.977410 0.040070 0.045181
1 0.572098 0.930840 0.046305 0.071236
2 0.439219 0.917076 0.035984 0.071403
