0 0.624305 0.676418 0.079298 0.141007
0 0.267064 0.828221 0.079218 0.176040
0 0.328574 0.907865 0.087253 0.131485
0 0.688181 0.311116 0.075702 0.096728
1 0.089265 0.823356 0.040961 0.050721
1 0.243975 0.165789 0.030278 0.039631
1 0.263803 0.197521 0.029387 0.034874
1 0.187879 0.494203 0.033836 0.058658
1 0.318332 0.396124 0.025825 0.045973
1 0.287620 0.241565 0.024910 0.044388
1 0.292641 0.389652 0.023313 0.041317
1 0.312088 0.518964 0.027625 0.041183
1 0.514842 0.498624 0.030278 0.053893
1 0.653511 0.674618 0.028492 0.057072
1 0.759090 0.210394 0.027606 0.036460
1 0.769262 0.234685 0.024934 0.039388
1 0.723155 0.408448 0.023153 0.047567
1 0.732844 0.392945 0.024934 0.039614
1 0.728582 0.889115 0.031508 0.056418
1 0.718287 0.945755 0.033624 0.053188
1 0.773360 0.939853 0.029387 0.058649
1 0.883311 0.820721 0.032945 0.049144
2 0.312542 0.434169 0.028497 0.045973
2 0.765792 0.641833 0.032055 0.052307
3 0.280471 0.565474 0.032064 0.047592
3 0.725721 0.639455 0.030273 0.057064
4 0.723761 0.522148 0.139274 0.304362
5 0.271682 0.501539 0.150490 0.320210
1 0.270610 0.873599 0.032926 0.061812
1 0.669538 0.646464 0.028501 0.064958
1 0.275052 0.943813 0.032950 0.053935
1 0.229284 0.953318 0.032950 0.047576
1 0.125848 0.746242 0.036513 0.049144
