0 0.623134 0.895709 0.089114 0.152156
0 0.262962 0.684929 0.091758 0.144337
0 0.326798 0.859996 0.097799 0.174690
0 0.666838 0.808721 0.098907 0.171065
1 0.096225 0.818251 0.040961 0.050730
1 0.243975 0.175529 0.030278 0.039631
1 0.244953 0.207336 0.029387 0.034874
1 0.184303 0.498184 0.033836 0.058649
1 0.318332 0.396124 0.025825 0.045973
1 0.287620 0.241565 0.024910 0.044388
1 0.291774 0.389652 0.023313 0.041317
1 0.312088 0.518964 0.027625 0.041183
1 0.537882 0.714539 0.030278 0.055520
1 0.404036 0.944992 0.033850 0.057064
1 0.756046 0.202194 0.027606 0.042760
1 0.718598 0.412777 0.023153 0.047567
1 0.732844 0.392945 0.024934 0.039614
1 0.721020 0.919753 0.029383 0.050747
1 0.710328 0.953683 0.033624 0.053188
1 0.773360 0.939853 0.029387 0.058649
1 0.877740 0.819375 0.032945 0.049136
2 0.312542 0.434169 0.028497 0.045973
2 0.765792 0.641833 0.032055 0.052307
3 0.281381 0.564929 0.032064 0.047592
3 0.725721 0.639455 0.030273 0.057064
4 0.723047 0.522148 0.138921 0.304362
5 0.271310 0.501539 0.150490 0.320210
1 0.218923 0.666049 0.029910 0.059111
1 0.502026 0.950638 0.033836 0.058591
1 0.211678 0.711070 0.024929 0.053935
1 0.229284 0.953318 0.032950 0.047576
1 0.129536 0.742596 0.036508 0.049136
