0 0.354234 0.179333 0.072125 0.099722
0 0.329516 0.862632 0.113984 0.215292
0 0.679582 0.153097 0.064117 0.123472
0 0.790469 0.816326 0.087266 0.193125
1 0.531012 0.426806 0.034727 0.071250
1 0.576844 0.425771 0.033844 0.066486
1 0.526797 0.295660 0.032953 0.060153
1 0.543660 0.150118 0.029383 0.050653
1 0.736445 0.127958 0.023156 0.041167
1 0.816555 0.043382 0.023156 0.045903
1 0.936355 0.799174 0.034727 0.066486
1 0.282750 0.183368 0.027609 0.047486
1 0.584621 0.596549 0.032945 0.066486
1 0.674941 0.428924 0.035617 0.066486
2 0.837914 0.797535 0.032062 0.068069
3 0.319227 0.205062 0.028500 0.049069
3 0.700570 0.122514 0.027609 0.045917
4 0.835734 0.435069 0.175422 0.351444
5 0.254961 0.450750 0.174531 0.357778
1 0.428340 0.439090 0.037398 0.064903
1 0.214527 0.953521 0.040070 0.052236
1 0.568230 0.934451 0.046305 0.071236
2 0.399352 0.895729 0.048969 0.088653
