1 0.873020 0.145424 0.027602 0.058569
0 0.396309 0.433167 0.099133 0.121944
0 0.301875 0.844306 0.144297 0.223111
0 0.710680 0.346472 0.092625 0.167833
0 0.628227 0.674861 0.119375 0.178833
1 0.369418 0.421889 0.034727 0.060167
1 0.662980 0.562507 0.033836 0.066486
1 0.528535 0.292576 0.032945 0.060153
1 0.543660 0.150118 0.029383 0.050653
1 0.736445 0.127938 0.023156 0.041125
1 0.815531 0.047028 0.023156 0.045917
1 0.936355 0.799174 0.034727 0.066486
1 0.282750 0.183368 0.027609 0.047486
1 0.584621 0.596549 0.032945 0.066486
1 0.477715 0.380368 0.035617 0.066486
2 0.896730 0.622667 0.032055 0.068083
3 0.255594 0.313965 0.028500 0.049069
3 0.788070 0.311007 0.028516 0.045875
4 0.835734 0.435069 0.175422 0.351444
5 0.257375 0.449319 0.174531 0.357778
1 0.340184 0.851146 0.037398 0.064903
1 0.402520 0.935312 0.040070 0.066514
1 0.571406 0.931479 0.046297 0.071236
2 0.404199 0.879646 0.048977 0.088653
