1 0.871641 0.146035 0.027609 0.058569
0 0.502258 0.308722 0.089359 0.108444
0 0.502660 0.916215 0.127367 0.167569
0 0.691848 0.148306 0.065070 0.126750
0 0.802012 0.707465 0.107773 0.207625
1 0.351672 0.431910 0.034719 0.060181
1 0.599289 0.539549 0.032078 0.066486
1 0.531449 0.285812 0.032945 0.060153
1 0.543660 0.150118 0.029383 0.050653
1 0.736445 0.127924 0.023156 0.041097
1 0.814934 0.049153 0.023148 0.045917
1 0.936355 0.799174 0.034727 0.066486
1 0.282750 0.183368 0.027609 0.047486
1 0.584621 0.596549 0.032945 0.066486
1 0.503426 0.396465 0.035617 0.066486
2 0.896730 0.622667 0.032055 0.068083
3 0.255594 0.313965 0.028500 0.049069
3 0.790422 0.313993 0.028516 0.045875
4 0.835734 0.435069 0.175422 0.351444
5 0.257375 0.449319 0.174531 0.357778
1 0.626918 0.941250 0.037398 0.064917
1 0.636277 0.981097 0.042758 0.037806
1 0.678785 0.947979 0.046305 0.071236
2 0.586863 0.857403 0.033852 0.068056
