0 0.571668 0.894618 0.089114 0.152156
0 0.256694 0.690210 0.091409 0.157366
0 0.351713 0.867970 0.088648 0.152383
0 0.646305 0.839761 0.098907 0.171065
1 0.097224 0.817521 0.040961 0.050730
1 0.243975 0.176930 0.030278 0.039631
1 0.244555 0.208926 0.029383 0.034883
1 0.183789 0.498754 0.033836 0.058649
1 0.318332 0.396124 0.025825 0.045973
1 0.287620 0.241565 0.024910 0.044388
1 0.291774 0.389652 0.023313 0.041317
1 0.312088 0.518964 0.027625 0.041183
1 0.538212 0.713020 0.030278 0.055520
1 0.318433 0.951607 0.033850 0.057072
1 0.757319 0.202513 0.027606 0.042760
1 0.718598 0.412777 0.023153 0.047567
1 0.732844 0.392945 0.024934 0.039614
1 0.721991 0.917538 0.029383 0.050747
1 0.710328 0.953683 0.033624 0.053188
1 0.773360 0.939853 0.029387 0.058649
1 0.878473 0.819375 0.032950 0.049136
2 0.312542 0.434169 0.028497 0.045973
2 0.765792 0.641833 0.032055 0.052307
3 0.281381 0.564929 0.032064 0.047592
3 0.725721 0.639455 0.030273 0.057064
4 0.723047 0.522148 0.138921 0.304362
5 0.271258 0.501539 0.150490 0.320210
1 0.223278 0.653796 0.024943 0.045982
1 0.500796 0.948402 0.033836 0.058599
1 0.229284 0.953318 0.032950 0.047576
1 0.130064 0.742072 0.036508 0.049144
