1 0.873746 0.145104 0.027602 0.058569
0 0.369590 0.435882 0.080180 0.112431
0 0.281852 0.819729 0.107750 0.205764
0 0.616277 0.341687 0.090820 0.171042
0 0.736047 0.721653 0.106484 0.214333
1 0.394949 0.427951 0.034727 0.071236
1 0.572355 0.430021 0.033836 0.066486
1 0.527996 0.293528 0.032945 0.060167
1 0.543660 0.150118 0.029383 0.050653
1 0.736445 0.127944 0.023156 0.041139
1 0.815848 0.045903 0.023148 0.045917
1 0.936355 0.799174 0.034727 0.066486
1 0.282750 0.183368 0.027609 0.047486
1 0.584621 0.596549 0.032945 0.066486
1 0.585957 0.352757 0.035617 0.066486
2 0.896730 0.622667 0.032055 0.068083
3 0.255594 0.313965 0.028500 0.049069
3 0.786828 0.309424 0.028516 0.045875
4 0.835734 0.435069 0.175422 0.351444
5 0.257375 0.449319 0.174531 0.357778
1 0.301895 0.777799 0.037398 0.064903
1 0.223684 0.953521 0.040070 0.052236
1 0.570426 0.932396 0.046305 0.071236
2 0.397965 0.895437 0.048977 0.088653
