0 0.603247 0.894652 0.089114 0.152156
0 0.265608 0.686548 0.091649 0.148347
0 0.331162 0.855906 0.099185 0.153423
0 0.658527 0.820872 0.098902 0.171074
1 0.096534 0.818024 0.040966 0.050730
1 0.243975 0.175956 0.030278 0.039631
1 0.244830 0.207823 0.029387 0.034874
1 0.184145 0.498360 0.033841 0.058649
1 0.318332 0.396124 0.025825 0.045973
1 0.287620 0.241565 0.024910 0.044388
1 0.291774 0.389652 0.023313 0.041317
1 0.312088 0.518964 0.027625 0.041183
1 0.537983 0.714069 0.030273 0.055520
1 0.375082 0.944174 0.033850 0.057072
1 0.756437 0.202290 0.027606 0.042768
1 0.718598 0.412777 0.023153 0.047567
1 0.732844 0.392945 0.024934 0.039614
1 0.721320 0.919069 0.029387 0.050755
1 0.710328 0.953683 0.033624 0.053188
1 0.773360 0.939853 0.029387 0.058649
1 0.877967 0.819375 0.032945 0.049136
2 0.312542 0.434169 0.028497 0.045973
2 0.765792 0.641833 0.032055 0.052307
3 0.281381 0.564929 0.032064 0.047592
3 0.725721 0.639455 0.030273 0.057064
4 0.723047 0.522148 0.138921 0.304362
5 0.271296 0.501539 0.150490 0.320210
1 0.214361 0.670164 0.029543 0.058784
1 0.501645 0.949950 0.033836 0.058591
1 0.216183 0.723003 0.024929 0.053926
1 0.229284 0.953318 0.032950 0.047576
1 0.129696 0.742437 0.036508 0.049136
