0 0.354828 0.179160 0.072125 0.099736
0 0.329594 0.863035 0.113984 0.215292
0 0.679879 0.156438 0.064117 0.123486
0 0.791891 0.811896 0.087266 0.193125
1 0.530582 0.427861 0.034727 0.071250
1 0.576348 0.426243 0.033836 0.066486
1 0.526930 0.295424 0.032953 0.060153
1 0.543660 0.150118 0.029383 0.050653
1 0.736445 0.127951 0.023156 0.041153
1 0.816477 0.043660 0.023156 0.045903
1 0.936355 0.799174 0.034727 0.066486
1 0.282750 0.183368 0.027609 0.047486
1 0.584621 0.596549 0.032945 0.066486
1 0.674801 0.429354 0.035617 0.066486
2 0.839941 0.795486 0.032055 0.068083
3 0.318078 0.205833 0.028500 0.049083
3 0.703164 0.126542 0.027609 0.045917
4 0.835734 0.435069 0.175422 0.351444
5 0.255594 0.450375 0.174531 0.357778
1 0.428340 0.439250 0.037398 0.064917
1 0.215543 0.953521 0.040070 0.052236
1 0.568473 0.934229 0.046305 0.071236
2 0.399199 0.895701 0.048977 0.088653
