1 0.874898 0.144590 0.027609 0.058569
0 0.365859 0.200514 0.072125 0.099722
0 0.348195 0.778590 0.113984 0.215292
0 0.680348 0.194972 0.064117 0.123472
0 0.781266 0.744826 0.087266 0.193125
1 0.529863 0.429618 0.034727 0.071236
1 0.575512 0.427035 0.033836 0.066486
1 0.527152 0.295035 0.032945 0.060153
1 0.543660 0.150118 0.029383 0.050653
1 0.736445 0.127951 0.023156 0.041153
1 0.816348 0.044132 0.023148 0.045903
1 0.936355 0.799174 0.034727 0.066486
1 0.282750 0.183368 0.027609 0.047486
1 0.584621 0.596549 0.032945 0.066486
1 0.674559 0.430076 0.035617 0.066486
2 0.901184 0.602090 0.032055 0.068069
3 0.270730 0.243993 0.028492 0.049069
3 0.708852 0.175187 0.028516 0.045903
4 0.835734 0.435069 0.175422 0.351444
5 0.256641 0.449750 0.174531 0.357778
1 0.428332 0.439507 0.037398 0.064903
1 0.217238 0.953521 0.040070 0.052236
1 0.568879 0.933840 0.046305 0.071236
2 0.398941 0.895646 0.048977 0.088653
