0 0.653004 0.678398 0.075971 0.138037
0 0.273063 0.725621 0.102347 0.176040
0 0.294291 0.893914 0.087253 0.131485
0 0.656027 0.322328 0.076117 0.101049
1 0.089571 0.823133 0.040961 0.050730
1 0.243975 0.166225 0.030278 0.039631
1 0.265304 0.197286 0.029383 0.034874
1 0.187721 0.494379 0.033841 0.058658
1 0.318332 0.396124 0.025825 0.045973
1 0.287620 0.241565 0.024910 0.044388
1 0.292458 0.389652 0.023313 0.041317
1 0.312088 0.518964 0.027625 0.041183
1 0.515064 0.498247 0.030278 0.053893
1 0.691213 0.738729 0.028497 0.057072
1 0.758765 0.210143 0.027606 0.036460
1 0.769583 0.236057 0.024934 0.041829
1 0.722505 0.409060 0.023153 0.047567
1 0.732844 0.392945 0.024934 0.039614
1 0.728645 0.889195 0.031362 0.056023
1 0.718042 0.945755 0.033624 0.053188
1 0.773360 0.939853 0.029387 0.058649
1 0.882766 0.820621 0.032950 0.049144
2 0.312542 0.434169 0.028497 0.045973
2 0.765792 0.641833 0.032055 0.052307
3 0.280662 0.565357 0.032069 0.047592
3 0.725721 0.639455 0.030273 0.057064
4 0.723775 0.522148 0.139246 0.304362
5 0.271664 0.501539 0.150490 0.320210
1 0.256562 0.760336 0.032926 0.061812
1 0.725049 0.677915 0.028497 0.064958
1 0.243419 0.859400 0.032945 0.053935
1 0.229284 0.953318 0.032950 0.047576
1 0.126011 0.746082 0.036508 0.049144
