0 0.729470 0.799954 0.086442 0.148951
0 0.243273 0.672831 0.092559 0.114505
0 0.254795 0.772118 0.087300 0.129773
0 0.658386 0.530411 0.087319 0.129950
1 0.093937 0.819929 0.040966 0.050730
1 0.243975 0.172332 0.030278 0.039631
1 0.245862 0.203687 0.029387 0.034874
1 0.185478 0.496875 0.033841 0.058649
1 0.318332 0.396124 0.025825 0.045973
1 0.287620 0.241565 0.024910 0.044388
1 0.291774 0.389652 0.023313 0.041317
1 0.312088 0.518964 0.027625 0.041183
1 0.549630 0.682471 0.030278 0.055512
1 0.682978 0.913695 0.028492 0.057072
1 0.753139 0.201451 0.027606 0.042768
1 0.718598 0.412777 0.023153 0.047567
1 0.732844 0.392945 0.024934 0.039614
1 0.714590 0.905759 0.029387 0.050747
1 0.710328 0.953683 0.033624 0.053188
1 0.773360 0.939853 0.029387 0.058649
1 0.876063 0.819375 0.032945 0.049136
2 0.312542 0.434169 0.028497 0.045973
2 0.765792 0.641833 0.032055 0.052307
3 0.281381 0.564929 0.032064 0.047592
3 0.725721 0.639455 0.030273 0.057064
4 0.722264 0.522148 0.138921 0.304362
5 0.271433 0.501539 0.150490 0.320210
1 0.226239 0.670986 0.032648 0.061569
1 0.674526 0.848930 0.032041 0.058599
1 0.198878 0.705935 0.024929 0.053935
1 0.229284 0.953318 0.032950 0.047576
1 0.128322 0.743796 0.036513 0.049136
