0 0.485229 0.680168 0.079298 0.141007
0 0.548362 0.905747 0.091682 0.145940
0 0.642264 0.911967 0.087253 0.131485
0 0.704350 0.352370 0.074797 0.099874
1 0.086607 0.825302 0.040961 0.050721
1 0.243975 0.162081 0.030278 0.039631
1 0.250082 0.197185 0.029383 0.034874
1 0.189244 0.492689 0.033841 0.058649
1 0.318332 0.396124 0.025825 0.045973
1 0.287620 0.241565 0.024910 0.044388
1 0.294211 0.389656 0.023313 0.041326
1 0.312088 0.518964 0.027625 0.041183
1 0.513992 0.500407 0.030273 0.053901
1 0.523565 0.642085 0.028497 0.057072
1 0.761023 0.211166 0.027606 0.036460
1 0.766694 0.231787 0.024934 0.033289
1 0.682222 0.416174 0.028497 0.046611
1 0.731371 0.389794 0.024929 0.039622
1 0.728021 0.888423 0.032780 0.059799
1 0.720379 0.945755 0.033624 0.053188
1 0.773360 0.939853 0.029387 0.058649
1 0.878221 0.820961 0.032945 0.049136
2 0.312542 0.434169 0.028497 0.045973
2 0.765792 0.641833 0.032055 0.052307
3 0.278817 0.566456 0.032064 0.047592
3 0.725721 0.639455 0.030273 0.057064
4 0.723652 0.522148 0.139491 0.304362
5 0.271824 0.501539 0.150490 0.320210
1 0.588951 0.899245 0.032926 0.061812
1 0.627634 0.762085 0.032950 0.066552
1 0.597413 0.927672 0.032950 0.053935
1 0.229284 0.953318 0.032950 0.047576
1 0.124442 0.747634 0.036508 0.049144
