0 0.606414 0.707366 0.073157 0.135789
0 0.269020 0.696179 0.096107 0.141166
0 0.328122 0.890843 0.092418 0.153867
0 0.562132 0.489509 0.071616 0.135478
1 0.090688 0.822311 0.040961 0.050730
1 0.243975 0.167785 0.030278 0.039631
1 0.249300 0.198586 0.029383 0.034874
1 0.187149 0.495017 0.033836 0.058658
1 0.318332 0.396124 0.025825 0.045973
1 0.287620 0.241565 0.024910 0.044388
1 0.291798 0.389652 0.023313 0.041317
1 0.312088 0.518964 0.027625 0.041183
1 0.513299 0.534883 0.030273 0.053893
1 0.694639 0.907215 0.028808 0.057064
1 0.750990 0.192424 0.027606 0.036460
1 0.777455 0.226082 0.024929 0.040721
1 0.720144 0.411309 0.023153 0.047567
1 0.732844 0.392945 0.024934 0.039614
1 0.728883 0.889488 0.030829 0.054597
1 0.717161 0.945755 0.033624 0.053188
1 0.773360 0.939853 0.029387 0.058649
1 0.880796 0.820268 0.032950 0.049144
2 0.312542 0.434169 0.028497 0.045973
2 0.765792 0.641833 0.032055 0.052307
3 0.281357 0.564945 0.032064 0.047592
3 0.725721 0.639455 0.030273 0.057064
4 0.723820 0.522148 0.139156 0.304362
5 0.271607 0.501539 0.150490 0.320210
1 0.235035 0.710562 0.032926 0.061812
1 0.773607 0.816967 0.032041 0.058599
1 0.206473 0.746023 0.032945 0.053926
1 0.229284 0.953318 0.032950 0.047576
1 0.126602 0.745495 0.036513 0.049144
