0 0.452604 0.680168 0.079298 0.141007
0 0.585869 0.900596 0.091682 0.145940
0 0.679234 0.906598 0.087253 0.131485
0 0.704350 0.351170 0.074797 0.099874
1 0.085763 0.825923 0.040961 0.050721
1 0.243975 0.160898 0.030278 0.039631
1 0.248626 0.196481 0.029383 0.034874
1 0.189680 0.492202 0.033836 0.058649
1 0.318332 0.396124 0.025825 0.045973
1 0.287620 0.241565 0.024910 0.044388
1 0.294710 0.389656 0.023313 0.041326
1 0.312088 0.518964 0.027625 0.041183
1 0.513947 0.500659 0.030278 0.053901
1 0.522660 0.638163 0.028497 0.057064
1 0.760796 0.209992 0.027606 0.036460
1 0.765902 0.232022 0.024934 0.033289
1 0.682389 0.410482 0.028492 0.045411
1 0.730709 0.388385 0.024934 0.039622
1 0.727818 0.890621 0.032950 0.060235
1 0.721216 0.947005 0.032055 0.057064
1 0.773360 0.939853 0.029387 0.058649
1 0.875328 0.820961 0.032945 0.049136
2 0.312542 0.434169 0.028497 0.045973
2 0.765792 0.641833 0.032055 0.052307
3 0.282109 0.566514 0.032069 0.047592
3 0.725721 0.639455 0.030273 0.057064
4 0.723617 0.522148 0.139562 0.304362
5 0.271866 0.501539 0.150490 0.320210
1 0.609192 0.904094 0.032926 0.061812
1 0.628779 0.859811 0.032950 0.066552
1 0.635662 0.926149 0.032945 0.055503
1 0.229284 0.953318 0.032950 0.047576
1 0.123994 0.748075 0.036508 0.049136
