1 0.874355 0.144826 0.027602 0.058569
0 0.494070 0.393771 0.080172 0.112431
0 0.406250 0.510597 0.097094 0.189944
0 0.670562 0.347785 0.069437 0.149292
0 0.695027 0.526861 0.081055 0.180528
1 0.530699 0.429972 0.034727 0.071250
1 0.574020 0.428451 0.033836 0.066486
1 0.527551 0.294319 0.032945 0.060167
1 0.543660 0.150118 0.029383 0.050653
1 0.736445 0.127944 0.023156 0.041139
1 0.816109 0.044972 0.023156 0.045917
1 0.936355 0.799174 0.034727 0.066486
1 0.282750 0.183368 0.027609 0.047486
1 0.584621 0.596549 0.032945 0.066486
1 0.668770 0.387576 0.035617 0.066486
2 0.898895 0.622667 0.032055 0.068083
3 0.255594 0.313965 0.028500 0.049069
3 0.785797 0.308111 0.028516 0.045861
4 0.835734 0.435069 0.175422 0.351444
5 0.257375 0.449319 0.174531 0.357778
1 0.426207 0.458340 0.037398 0.064903
1 0.220293 0.953521 0.040070 0.052236
1 0.569613 0.933160 0.046305 0.071236
2 0.398480 0.895549 0.048977 0.088653
