0 0.624187 0.869270 0.101579 0.183775
0 0.253200 0.678926 0.092158 0.129547
0 0.254703 0.809719 0.082686 0.164924
0 0.606866 0.699602 0.093591 0.145780
1 0.095090 0.819086 0.040961 0.050721
1 0.243975 0.173943 0.030278 0.039631
1 0.245403 0.205524 0.029383 0.034874
1 0.184887 0.497534 0.033836 0.058658
1 0.318332 0.396124 0.025825 0.045973
1 0.287620 0.241565 0.024910 0.044388
1 0.291774 0.389652 0.023313 0.041317
1 0.312088 0.518964 0.027625 0.041183
1 0.541393 0.711602 0.030278 0.055520
1 0.545846 0.948574 0.028497 0.057064
1 0.754604 0.201825 0.027606 0.042760
1 0.718598 0.412777 0.023153 0.047567
1 0.732844 0.392945 0.024934 0.039614
1 0.719918 0.922261 0.029383 0.050747
1 0.710328 0.953683 0.033624 0.053188
1 0.773360 0.939853 0.029387 0.058649
1 0.876909 0.819375 0.032950 0.049136
2 0.312542 0.434169 0.028497 0.045973
2 0.765792 0.641833 0.032055 0.052307
3 0.281381 0.564929 0.032064 0.047592
3 0.725721 0.639455 0.030273 0.057064
4 0.723047 0.522148 0.138921 0.304362
5 0.271371 0.501539 0.150490 0.320210
1 0.224338 0.666112 0.031268 0.060327
1 0.558313 0.828918 0.033836 0.058591
1 0.205801 0.702559 0.024929 0.053926
1 0.229284 0.953318 0.032950 0.047576
1 0.128933 0.743192 0.036508 0.049136
