0 0.476162 0.678146 0.079298 0.141007
0 0.529380 0.905747 0.091682 0.145940
0 0.621864 0.910453 0.087253 0.131477
0 0.704350 0.352752 0.074797 0.099866
1 0.086880 0.825105 0.040961 0.050730
1 0.243975 0.162458 0.030278 0.039631
1 0.250547 0.197412 0.029387 0.034874
1 0.189105 0.492840 0.033836 0.058649
1 0.318332 0.396124 0.025825 0.045973
1 0.287620 0.241565 0.024910 0.044388
1 0.294050 0.389656 0.023313 0.041326
1 0.312088 0.518964 0.027625 0.041183
1 0.514006 0.500327 0.030273 0.053893
1 0.522147 0.648641 0.028497 0.057064
1 0.761096 0.211535 0.027601 0.036460
1 0.766949 0.231711 0.024934 0.033289
1 0.682168 0.417987 0.028492 0.046997
1 0.731581 0.390247 0.024934 0.039622
1 0.728077 0.888494 0.032648 0.059455
1 0.720167 0.945755 0.033624 0.053188
1 0.773360 0.939853 0.029387 0.058649
1 0.879145 0.820961 0.032945 0.049136
2 0.312542 0.434169 0.028497 0.045973
2 0.765792 0.641833 0.032055 0.052307
3 0.278984 0.566355 0.032069 0.047592
3 0.725721 0.639455 0.030273 0.057064
4 0.723664 0.522148 0.139467 0.304362
5 0.271810 0.501539 0.150490 0.320210
1 0.572344 0.895872 0.032926 0.061812
1 0.630551 0.743100 0.032950 0.066552
1 0.573047 0.929685 0.032945 0.053935
1 0.229284 0.953318 0.032950 0.047576
1 0.124585 0.747492 0.036513 0.049144
