0 0.744943 0.767060 0.093582 0.163230
0 0.259138 0.674316 0.092564 0.114253
0 0.236421 0.793926 0.104199 0.156678
0 0.670521 0.503066 0.087319 0.129941
1 0.093534 0.820227 0.040961 0.050721
1 0.243975 0.171762 0.030278 0.039631
1 0.246023 0.203049 0.029387 0.034874
1 0.185686 0.496644 0.033841 0.058658
1 0.318332 0.396124 0.025825 0.045973
1 0.287620 0.241565 0.024910 0.044388
1 0.291774 0.389652 0.023313 0.041317
1 0.312088 0.518964 0.027625 0.041183
1 0.548518 0.684648 0.030278 0.055520
1 0.691251 0.910252 0.028497 0.057064
1 0.752625 0.201321 0.027606 0.042760
1 0.765584 0.226401 0.020952 0.026745
1 0.718598 0.412777 0.023153 0.047567
1 0.732844 0.392945 0.024934 0.039614
1 0.723273 0.901284 0.029467 0.050973
1 0.714918 0.945755 0.033624 0.053188
1 0.773360 0.939853 0.029387 0.058649
1 0.875766 0.819375 0.032945 0.049136
2 0.312542 0.434169 0.028497 0.045973
2 0.765792 0.641833 0.032055 0.052307
3 0.281381 0.564929 0.032064 0.047592
3 0.725721 0.639455 0.030273 0.057064
4 0.723937 0.522148 0.138921 0.304362
5 0.271454 0.501539 0.150485 0.320210
1 0.235525 0.681472 0.032926 0.061820
1 0.750662 0.855864 0.032041 0.058591
1 0.207910 0.732978 0.032945 0.053926
1 0.229284 0.953318 0.032950 0.047576
1 0.128108 0.744010 0.036508 0.049144
