0 0.485968 0.682970 0.079298 0.141007
0 0.565485 0.904237 0.091687 0.145940
0 0.661713 0.913645 0.087253 0.131485
0 0.704350 0.352013 0.074797 0.099866
1 0.086357 0.825487 0.040961 0.050721
1 0.243975 0.161728 0.030278 0.039631
1 0.249651 0.196976 0.029387 0.034874
1 0.189373 0.492546 0.033836 0.058649
1 0.318332 0.396124 0.025825 0.045973
1 0.287620 0.241565 0.024910 0.044388
1 0.294357 0.389656 0.023313 0.041326
1 0.312088 0.518964 0.027625 0.041183
1 0.513977 0.500482 0.030273 0.053901
1 0.524267 0.637903 0.028497 0.057064
1 0.760957 0.210822 0.027606 0.036460
1 0.766459 0.231854 0.024934 0.033289
1 0.682271 0.414497 0.028492 0.046258
1 0.731176 0.389379 0.024934 0.039614
1 0.727969 0.888356 0.032903 0.060117
1 0.720577 0.945755 0.033624 0.053188
1 0.773360 0.939853 0.029387 0.058649
1 0.877368 0.820961 0.032945 0.049136
2 0.312542 0.434169 0.028497 0.045973
2 0.765792 0.641833 0.032055 0.052307
3 0.279098 0.566514 0.032069 0.047592
3 0.725721 0.639455 0.030273 0.057064
4 0.723643 0.522148 0.139510 0.304362
5 0.271838 0.501539 0.150490 0.320210
1 0.602524 0.899958 0.032926 0.061812
1 0.627620 0.784778 0.032950 0.066552
1 0.615054 0.925667 0.032945 0.053935
1 0.229284 0.953318 0.032950 0.047576
1 0.124310 0.747764 0.036508 0.049136
