0 0.488466 0.680889 0.079298 0.141007
0 0.555144 0.905747 0.091682 0.145940
0 0.649550 0.912504 0.087253 0.131485
0 0.704350 0.352232 0.074797 0.099866
1 0.086513 0.825373 0.040961 0.050730
1 0.243975 0.161946 0.030278 0.039631
1 0.249918 0.197110 0.029383 0.034874
1 0.189293 0.492630 0.033836 0.058649
1 0.318332 0.396124 0.025825 0.045973
1 0.287620 0.241565 0.024910 0.044388
1 0.294267 0.389656 0.023313 0.041326
1 0.312088 0.518964 0.027625 0.041183
1 0.513984 0.500436 0.030278 0.053893
1 0.524069 0.639744 0.028497 0.057072
1 0.760997 0.211032 0.027601 0.036460
1 0.766605 0.231812 0.024934 0.033289
1 0.682241 0.415529 0.028497 0.046477
1 0.731296 0.389635 0.024929 0.039622
1 0.728002 0.888398 0.032828 0.059916
1 0.720455 0.945755 0.033624 0.053188
1 0.773360 0.939853 0.029387 0.058649
1 0.877893 0.820961 0.032950 0.049136
2 0.312542 0.434169 0.028497 0.045973
2 0.765792 0.641833 0.032055 0.052307
3 0.278756 0.566489 0.032064 0.047592
3 0.725721 0.639455 0.030273 0.057064
4 0.723648 0.522148 0.139500 0.304362
5 0.271828 0.501539 0.150490 0.320210
1 0.594168 0.899522 0.032926 0.061812
1 0.626965 0.768821 0.032950 0.066552
1 0.606115 0.926951 0.032945 0.053935
1 0.229284 0.953318 0.032950 0.047576
1 0.124392 0.747685 0.036513 0.049144
