0 0.563820 0.674220 0.079298 0.141007
0 0.295459 0.879815 0.086338 0.158842
0 0.381623 0.907051 0.087253 0.131485
0 0.690702 0.316250 0.075702 0.096728
1 0.088935 0.823595 0.040961 0.050730
1 0.243975 0.165336 0.030278 0.039631
1 0.259350 0.198049 0.029387 0.034874
1 0.188049 0.494018 0.033836 0.058658
1 0.318332 0.396124 0.025825 0.045973
1 0.287620 0.241565 0.024910 0.044388
1 0.292835 0.389652 0.023313 0.041317
1 0.312088 0.518964 0.027625 0.041183
1 0.514611 0.499023 0.030278 0.053901
1 0.596730 0.678633 0.028492 0.057064
1 0.759434 0.210671 0.027606 0.036460
1 0.768923 0.233230 0.024934 0.036795
1 0.718629 0.407785 0.023148 0.047567
1 0.732844 0.392945 0.024934 0.039614
1 0.728511 0.889031 0.031668 0.056837
1 0.718541 0.945755 0.033624 0.053188
1 0.773360 0.939853 0.029387 0.058649
1 0.883888 0.820822 0.032950 0.049144
2 0.312542 0.434169 0.028497 0.045973
2 0.765792 0.641833 0.032055 0.052307
3 0.280266 0.565591 0.032069 0.047592
3 0.725721 0.639455 0.030273 0.057064
4 0.723749 0.522148 0.139298 0.304362
5 0.271699 0.501539 0.150485 0.320210
1 0.325464 0.892760 0.032926 0.061812
1 0.626115 0.666984 0.031041 0.065864
1 0.326852 0.947886 0.032950 0.053926
1 0.229284 0.953318 0.032950 0.047576
1 0.125676 0.746414 0.036508 0.049136
