0 0.501925 0.671787 0.079298 0.141007
0 0.325570 0.904161 0.091687 0.145940
0 0.421016 0.905176 0.087253 0.131477
0 0.693565 0.320734 0.075707 0.098364
1 0.088435 0.823964 0.040961 0.050730
1 0.243975 0.164639 0.030278 0.039631
1 0.253226 0.198712 0.029383 0.034874
1 0.188306 0.493729 0.033841 0.058649
1 0.318332 0.396124 0.025825 0.045973
1 0.287620 0.241565 0.024910 0.044388
1 0.293129 0.389656 0.023318 0.041326
1 0.312088 0.518964 0.027625 0.041183
1 0.514253 0.499635 0.030278 0.053901
1 0.560278 0.670994 0.028492 0.057072
1 0.759962 0.211091 0.027606 0.036460
1 0.768410 0.231275 0.024934 0.033289
1 0.722229 0.419169 0.023402 0.047567
1 0.732802 0.392848 0.024934 0.039622
1 0.728405 0.888901 0.031909 0.057466
1 0.718937 0.945755 0.033624 0.053188
1 0.773360 0.939853 0.029387 0.058649
1 0.884472 0.820961 0.032950 0.049136
2 0.312542 0.434169 0.028497 0.045973
2 0.765792 0.641833 0.032055 0.052307
3 0.279955 0.565776 0.032069 0.047592
3 0.725721 0.639455 0.030273 0.057064
4 0.723728 0.522148 0.139340 0.304362
5 0.271725 0.501539 0.150490 0.320210
1 0.365954 0.880151 0.032926 0.061812
1 0.633021 0.675591 0.032950 0.066552
1 0.364425 0.936808 0.032950 0.053935
1 0.229284 0.953318 0.032950 0.047576
1 0.125410 0.746678 0.036513 0.049144
