0 0.568617 0.897336 0.089119 0.152156
0 0.256635 0.706216 0.093591 0.170336
0 0.343881 0.896292 0.096659 0.142601
0 0.646737 0.840906 0.098902 0.171074
1 0.097630 0.817223 0.040961 0.050721
1 0.243975 0.177492 0.030278 0.039631
1 0.244394 0.209568 0.029383 0.034874
1 0.183582 0.498985 0.033836 0.058658
1 0.318332 0.396124 0.025825 0.045973
1 0.287620 0.241565 0.024910 0.044388
1 0.291774 0.389652 0.023313 0.041317
1 0.312088 0.518964 0.027625 0.041183
1 0.538344 0.712408 0.030278 0.055520
1 0.283478 0.947848 0.033845 0.057072
1 0.757832 0.202647 0.027606 0.042760
1 0.718598 0.412777 0.023153 0.047567
1 0.732844 0.392945 0.024934 0.039614
1 0.722385 0.916648 0.029387 0.050747
1 0.710328 0.953683 0.033624 0.053188
1 0.773360 0.939853 0.029387 0.058649
1 0.878770 0.819375 0.032950 0.049136
2 0.312542 0.434169 0.028497 0.045973
2 0.765792 0.641833 0.032055 0.052307
3 0.281381 0.564929 0.032064 0.047592
3 0.725721 0.639455 0.030273 0.057064
4 0.723047 0.522148 0.138921 0.304362
5 0.271235 0.501539 0.150490 0.320210
1 0.228779 0.640088 0.024939 0.045982
1 0.500302 0.947500 0.033836 0.058591
1 0.229284 0.953318 0.032950 0.047576
1 0.130278 0.741862 0.036513 0.049144
