1 0.872824 0.145507 0.027602 0.058569
0 0.380117 0.434222 0.092625 0.121944
0 0.297422 0.847472 0.144297 0.223111
0 0.715637 0.343965 0.089836 0.158847
0 0.626445 0.662986 0.119375 0.178833
1 0.353762 0.426368 0.034727 0.060181
1 0.678566 0.525313 0.033836 0.066486
1 0.528676 0.292319 0.032945 0.060167
1 0.543660 0.150118 0.029383 0.050653
1 0.736445 0.127938 0.023156 0.041125
1 0.815445 0.047326 0.023156 0.045903
1 0.936355 0.799174 0.034727 0.066486
1 0.282750 0.183368 0.027609 0.047486
1 0.584621 0.596549 0.032945 0.066486
1 0.477973 0.380826 0.035617 0.066486
2 0.896730 0.622667 0.032055 0.068083
3 0.255594 0.313965 0.028500 0.049069
3 0.788406 0.311431 0.028516 0.045861
4 0.835734 0.435069 0.175422 0.351444
5 0.257375 0.449319 0.174531 0.357778
1 0.337676 0.859396 0.037398 0.064903
1 0.482660 0.936889 0.040070 0.066500
1 0.571668 0.931243 0.046305 0.071236
2 0.417367 0.906319 0.040953 0.079194
