0 0.607849 0.709014 0.076027 0.139086
0 0.269717 0.695763 0.096107 0.141158
0 0.328120 0.891212 0.094467 0.154606
0 0.566859 0.465365 0.069976 0.128163
1 0.090570 0.822399 0.040961 0.050721
1 0.243975 0.167617 0.030278 0.039631
1 0.250954 0.198452 0.029383 0.034874
1 0.187208 0.494950 0.033841 0.058658
1 0.318332 0.396124 0.025825 0.045973
1 0.287620 0.241565 0.024910 0.044388
1 0.291866 0.389652 0.023318 0.041317
1 0.312088 0.518964 0.027625 0.041183
1 0.514496 0.516028 0.030273 0.053901
1 0.694022 0.909627 0.029750 0.057072
1 0.752243 0.195394 0.027606 0.036460
1 0.776185 0.228129 0.024934 0.041510
1 0.720389 0.411074 0.023153 0.047567
1 0.732844 0.392945 0.024934 0.039614
1 0.728857 0.889459 0.030881 0.054740
1 0.717255 0.945755 0.033624 0.053188
1 0.773360 0.939853 0.029387 0.058649
1 0.880999 0.820306 0.032950 0.049136
2 0.312542 0.434169 0.028497 0.045973
2 0.765792 0.641833 0.032055 0.052307
3 0.281284 0.564987 0.032069 0.047592
3 0.725721 0.639455 0.030273 0.057064
4 0.723815 0.522148 0.139166 0.304362
5 0.271612 0.501539 0.150490 0.320210
1 0.233565 0.707466 0.032926 0.061812
1 0.775662 0.809652 0.032041 0.058599
1 0.207500 0.747122 0.032945 0.053926
1 0.229284 0.953318 0.032950 0.047576
1 0.126541 0.745558 0.036513 0.049136
