0 0.460917 0.686342 0.079298 0.141007
0 0.586204 0.898809 0.091682 0.145940
0 0.676289 0.909132 0.087253 0.131485
0 0.704350 0.351418 0.074797 0.099866
1 0.085938 0.825797 0.040961 0.050721
1 0.243975 0.161141 0.030278 0.039631
1 0.248926 0.196623 0.029387 0.034874
1 0.189590 0.492303 0.033836 0.058649
1 0.318332 0.396124 0.025825 0.045973
1 0.287620 0.241565 0.024910 0.044388
1 0.294607 0.389656 0.023313 0.041326
1 0.312088 0.518964 0.027625 0.041183
1 0.513956 0.500608 0.030278 0.053901
1 0.523127 0.638087 0.028497 0.057064
1 0.760844 0.210235 0.027606 0.036460
1 0.766063 0.231971 0.024934 0.033289
1 0.682356 0.411648 0.028492 0.045663
1 0.730846 0.388670 0.024934 0.039622
1 0.727863 0.889828 0.032945 0.060243
1 0.720907 0.945755 0.033624 0.053188
1 0.773360 0.939853 0.029387 0.058649
1 0.875919 0.820961 0.032950 0.049136
2 0.312542 0.434169 0.028497 0.045973
2 0.765792 0.641833 0.032055 0.052307
3 0.281235 0.566514 0.032064 0.047592
3 0.725721 0.639455 0.030273 0.057064
4 0.723624 0.522148 0.139548 0.304362
5 0.271857 0.501539 0.150490 0.320210
1 0.608688 0.902752 0.032926 0.061812
1 0.630745 0.832865 0.032950 0.066552
1 0.630245 0.924245 0.032950 0.055000
1 0.229284 0.953318 0.032950 0.047576
1 0.124088 0.747987 0.036508 0.049144
