0 0.464131 0.674706 0.079298 0.141007
0 0.488176 0.905604 0.091687 0.145940
0 0.578930 0.908041 0.087257 0.131485
0 0.702976 0.348565 0.074877 0.100990
1 0.087340 0.824769 0.040966 0.050730
1 0.243975 0.163104 0.030278 0.039631
1 0.251341 0.197798 0.029383 0.034874
1 0.188869 0.493104 0.033836 0.058658
1 0.318332 0.396124 0.025825 0.045973
1 0.287620 0.241565 0.024910 0.044388
1 0.293777 0.389656 0.023313 0.041326
1 0.312088 0.518964 0.027625 0.041183
1 0.514029 0.500189 0.030273 0.053901
1 0.519630 0.659455 0.028497 0.057064
1 0.761117 0.212005 0.027606 0.036460
1 0.767382 0.231581 0.024934 0.033297
1 0.685163 0.427542 0.028242 0.047567
1 0.731944 0.391019 0.024934 0.039622
1 0.728176 0.888612 0.032432 0.058867
1 0.719800 0.945755 0.033624 0.053188
1 0.773360 0.939853 0.029387 0.058649
1 0.880723 0.820961 0.032945 0.049136
2 0.312542 0.434169 0.028497 0.045973
2 0.765792 0.641833 0.032055 0.052307
3 0.279272 0.566183 0.032069 0.047601
3 0.725721 0.639455 0.030273 0.057064
4 0.723683 0.522148 0.139430 0.304362
5 0.271786 0.501539 0.150490 0.320210
1 0.524168 0.876871 0.032926 0.061812
1 0.641777 0.710893 0.032950 0.066552
1 0.524081 0.933272 0.032950 0.053926
1 0.229284 0.953318 0.032950 0.047576
1 0.124830 0.747248 0.036513 0.049144
