0 0.613190 0.895180 0.089114 0.152156
0 0.264284 0.685738 0.091706 0.146342
0 0.328980 0.857949 0.098497 0.164052
0 0.662681 0.814799 0.098907 0.171074
1 0.096381 0.818142 0.040961 0.050730
1 0.243975 0.175747 0.030278 0.039631
1 0.244892 0.207580 0.029387 0.034874
1 0.184225 0.498272 0.033841 0.058658
1 0.318332 0.396124 0.025825 0.045973
1 0.287620 0.241565 0.024910 0.044388
1 0.291774 0.389652 0.023313 0.041317
1 0.312088 0.518964 0.027625 0.041183
1 0.537934 0.714304 0.030278 0.055520
1 0.389559 0.944585 0.033850 0.057072
1 0.756244 0.202244 0.027606 0.042760
1 0.718598 0.412777 0.023153 0.047567
1 0.732844 0.392945 0.024934 0.039614
1 0.721171 0.919409 0.029383 0.050747
1 0.710328 0.953683 0.033624 0.053188
1 0.773360 0.939853 0.029387 0.058649
1 0.877853 0.819375 0.032945 0.049136
2 0.312542 0.434169 0.028497 0.045973
2 0.765792 0.641833 0.032055 0.052307
3 0.281381 0.564929 0.032064 0.047592
3 0.725721 0.639455 0.030273 0.057064
4 0.723047 0.522148 0.138921 0.304362
5 0.271301 0.501539 0.150490 0.320210
1 0.216640 0.668108 0.029727 0.058951
1 0.501838 0.950294 0.033836 0.058591
1 0.213930 0.717034 0.024929 0.053935
1 0.229284 0.953318 0.032950 0.047576
1 0.129616 0.742517 0.036508 0.049144
