1 0.873973 0.145000 0.027602 0.058583
0 0.489199 0.427743 0.081008 0.112431
0 0.360211 0.626604 0.107750 0.205764
0 0.662242 0.338806 0.100609 0.158389
0 0.737199 0.728132 0.113852 0.223431
1 0.517973 0.427882 0.034727 0.071236
1 0.572980 0.429431 0.033836 0.066500
1 0.527832 0.293826 0.032945 0.060153
1 0.543660 0.150118 0.029383 0.050653
1 0.736445 0.127944 0.023156 0.041139
1 0.815945 0.045556 0.023156 0.045917
1 0.936355 0.799174 0.034727 0.066486
1 0.282750 0.183368 0.027609 0.047486
1 0.584621 0.596549 0.032945 0.066486
1 0.640227 0.355924 0.035625 0.066486
2 0.896730 0.622667 0.032055 0.068083
3 0.255594 0.313965 0.028500 0.049069
3 0.786441 0.308937 0.028508 0.045875
4 0.835734 0.435069 0.175422 0.351444
5 0.257375 0.449319 0.174531 0.357778
1 0.382336 0.569368 0.037406 0.064903
1 0.222410 0.953521 0.040070 0.052236
1 0.570121 0.932688 0.046305 0.071236
2 0.398152 0.895479 0.048977 0.088653
