0 0.293377 0.702064 0.081051 0.137836
0 0.257785 0.865361 0.096136 0.155369
0 0.433197 0.897831 0.088167 0.133163
0 0.704350 0.348070 0.074797 0.099866
1 0.083570 0.827529 0.040966 0.050730
1 0.243975 0.157827 0.030278 0.039631
1 0.244854 0.194652 0.029387 0.034874
1 0.188443 0.482492 0.033841 0.058658
1 0.318332 0.396124 0.025825 0.045973
1 0.287620 0.241565 0.024910 0.044388
1 0.287130 0.390357 0.023139 0.042794
1 0.270561 0.486393 0.027625 0.041191
1 0.513829 0.501313 0.030278 0.053901
1 0.516753 0.639119 0.028492 0.057064
1 0.760210 0.206963 0.027601 0.036460
1 0.763843 0.232634 0.024934 0.033289
1 0.682825 0.395742 0.028497 0.042307
1 0.728994 0.384719 0.024934 0.039622
1 0.727255 0.900663 0.032945 0.060235
1 0.715323 0.949337 0.032059 0.057064
1 0.773360 0.939853 0.029387 0.058649
1 0.873344 0.825478 0.032945 0.049144
2 0.311246 0.427391 0.028497 0.045973
2 0.765792 0.641833 0.032055 0.052307
3 0.280931 0.554069 0.034727 0.055487
3 0.725721 0.639455 0.030273 0.057064
4 0.723527 0.522148 0.139741 0.304362
5 0.271984 0.501539 0.150490 0.320210
1 0.274901 0.898817 0.033327 0.061812
1 0.315214 0.901015 0.030278 0.052315
1 0.292863 0.947102 0.032945 0.046216
1 0.229284 0.953318 0.032950 0.047576
1 0.122835 0.749224 0.036508 0.049136
