1 0.872230 0.145771 0.027602 0.058569
0 0.455508 0.400958 0.100703 0.166250
0 0.421332 0.914937 0.127367 0.170125
0 0.686609 0.198444 0.073062 0.134611
0 0.801598 0.638417 0.111320 0.185111
1 0.351965 0.431910 0.034727 0.060181
1 0.657172 0.533222 0.032078 0.066500
1 0.529113 0.291549 0.032945 0.060153
1 0.543660 0.150118 0.029383 0.050653
1 0.736445 0.127931 0.023156 0.041111
1 0.815188 0.048243 0.023156 0.045903
1 0.936355 0.799174 0.034727 0.066486
1 0.282750 0.183368 0.027609 0.047486
1 0.584621 0.596549 0.032945 0.066486
1 0.520398 0.429778 0.035625 0.066500
2 0.896730 0.622667 0.032055 0.068083
3 0.255594 0.313965 0.028500 0.049069
3 0.789414 0.312715 0.028516 0.045875
4 0.835734 0.435069 0.175422 0.351444
5 0.257375 0.449319 0.174531 0.357778
1 0.462691 0.947979 0.037398 0.064903
1 0.514277 0.988819 0.040070 0.022361
1 0.572465 0.930493 0.046305 0.071236
2 0.509836 0.941438 0.033844 0.068042
