1 0.873082 0.145396 0.027602 0.058569
0 0.398984 0.432257 0.102391 0.129097
0 0.300094 0.844306 0.144297 0.223111
0 0.691090 0.343306 0.092633 0.167833
0 0.665180 0.674069 0.119375 0.178833
1 0.372684 0.417139 0.034727 0.060167
1 0.654078 0.565674 0.033844 0.066486
1 0.528488 0.292660 0.032945 0.060153
1 0.543660 0.150118 0.029383 0.050653
1 0.736445 0.127938 0.023156 0.041125
1 0.815559 0.046931 0.023148 0.045917
1 0.936355 0.799174 0.034727 0.066486
1 0.282750 0.183368 0.027609 0.047486
1 0.584621 0.596549 0.032945 0.066486
1 0.477637 0.380229 0.035617 0.066486
2 0.896730 0.622667 0.032055 0.068083
3 0.255594 0.313965 0.028500 0.049069
3 0.787969 0.310868 0.028516 0.045875
4 0.835734 0.435069 0.175422 0.351444
5 0.257375 0.449319 0.174531 0.357778
1 0.336625 0.859590 0.037406 0.064903
1 0.370910 0.944806 0.040070 0.066500
1 0.571324 0.931563 0.046305 0.071236
2 0.403105 0.882257 0.048977 0.088653
