1 0.224472 0.679782 0.027606 0.049161
0 0.566136 0.900919 0.098445 0.149102
0 0.235575 0.766011 0.106258 0.145612
0 0.277677 0.863482 0.099793 0.153691
0 0.647924 0.844081 0.098902 0.171065
1 0.097938 0.816997 0.040966 0.050721
1 0.243975 0.179052 0.030278 0.039631
1 0.243951 0.211346 0.029383 0.034874
1 0.184303 0.496661 0.033836 0.058658
1 0.318332 0.396124 0.025825 0.045973
1 0.287620 0.241565 0.024910 0.044388
1 0.291774 0.389652 0.023313 0.041317
1 0.312088 0.518964 0.027625 0.041183
1 0.538709 0.710717 0.030273 0.055512
1 0.239239 0.882823 0.033850 0.057072
1 0.756682 0.200684 0.027606 0.042760
1 0.718598 0.412777 0.023153 0.047567
1 0.732844 0.392945 0.024934 0.039614
1 0.723468 0.914182 0.029387 0.050747
1 0.710328 0.953683 0.033624 0.053188
1 0.773360 0.939853 0.029387 0.058649
1 0.879588 0.819375 0.032945 0.049136
2 0.312542 0.434169 0.028497 0.045973
2 0.765792 0.641833 0.032055 0.052307
3 0.281381 0.564929 0.032064 0.047592
3 0.725721 0.639455 0.030273 0.057064
4 0.723047 0.522148 0.138921 0.304362
5 0.271178 0.501539 0.150490 0.320210
1 0.238999 0.644006 0.024943 0.045982
1 0.498930 0.945008 0.033836 0.058591
1 0.229284 0.953318 0.032950 0.047576
1 0.130441 0.741703 0.036508 0.049144
