0 0.354285 0.179319 0.072133 0.099722
0 0.329523 0.862660 0.113984 0.215292
0 0.679605 0.153375 0.064117 0.123472
0 0.790586 0.815958 0.087266 0.193139
1 0.530977 0.426896 0.034734 0.071236
1 0.576801 0.425812 0.033836 0.066486
1 0.526809 0.295646 0.032945 0.060153
1 0.543660 0.150118 0.029383 0.050653
1 0.736445 0.127958 0.023156 0.041167
1 0.816551 0.043403 0.023148 0.045917
1 0.936355 0.799174 0.034727 0.066486
1 0.282750 0.183368 0.027609 0.047486
1 0.584621 0.596549 0.032945 0.066486
1 0.674934 0.428951 0.035617 0.066486
2 0.838082 0.797361 0.032055 0.068083
3 0.319133 0.205125 0.028500 0.049083
3 0.700789 0.122847 0.027609 0.045917
4 0.835734 0.435069 0.175422 0.351444
5 0.255016 0.450715 0.174531 0.357764
1 0.428340 0.439104 0.037398 0.064903
1 0.214605 0.953521 0.040070 0.052236
1 0.568246 0.934438 0.046305 0.071236
2 0.399340 0.895729 0.048977 0.088653
