0 0.652184 0.881988 0.089307 0.154597
0 0.250884 0.677508 0.092248 0.126040
0 0.247180 0.784576 0.079618 0.166586
0 0.596866 0.675214 0.097125 0.137844
1 0.094821 0.819283 0.040961 0.050730
1 0.243975 0.173565 0.030278 0.039631
1 0.245509 0.205096 0.029387 0.034874
1 0.185024 0.497383 0.033836 0.058658
1 0.318332 0.396124 0.025825 0.045973
1 0.287620 0.241565 0.024910 0.044388
1 0.291774 0.389652 0.023313 0.041317
1 0.312088 0.518964 0.027625 0.041183
1 0.537931 0.718473 0.030273 0.055520
1 0.599769 0.951212 0.028492 0.057072
1 0.754265 0.201741 0.027606 0.042760
1 0.718598 0.412777 0.023153 0.047567
1 0.732844 0.392945 0.024934 0.039614
1 0.720610 0.922286 0.029383 0.050747
1 0.710328 0.953683 0.033624 0.053188
1 0.773360 0.939853 0.029387 0.058649
1 0.876711 0.819375 0.032950 0.049136
2 0.312542 0.434169 0.028497 0.045973
2 0.765792 0.641833 0.032055 0.052307
3 0.281381 0.564929 0.032064 0.047592
3 0.725721 0.639455 0.030273 0.057064
4 0.722971 0.522148 0.138921 0.304362
5 0.271385 0.501539 0.150490 0.320210
1 0.224783 0.667248 0.031593 0.060621
1 0.591958 0.868549 0.032041 0.058591
1 0.205198 0.703159 0.024929 0.053935
1 0.229284 0.953318 0.032950 0.047576
1 0.128791 0.743331 0.036508 0.049144
