0 0.354137 0.179368 0.072133 0.099736
0 0.329508 0.862562 0.113984 0.215292
0 0.679531 0.152542 0.064109 0.123472
0 0.790234 0.817062 0.087266 0.193125
1 0.531082 0.426632 0.034727 0.071236
1 0.576926 0.425687 0.033836 0.066486
1 0.526773 0.295701 0.032953 0.060153
1 0.543660 0.150118 0.029383 0.050653
1 0.736445 0.127958 0.023156 0.041167
1 0.816570 0.043333 0.023156 0.045917
1 0.936355 0.799174 0.034727 0.066486
1 0.282750 0.183368 0.027609 0.047486
1 0.584621 0.596549 0.032945 0.066486
1 0.674969 0.428847 0.035625 0.066500
2 0.837574 0.797868 0.032055 0.068069
3 0.319418 0.204931 0.028492 0.049083
3 0.700141 0.121840 0.027609 0.045903
4 0.835734 0.435069 0.175422 0.351444
5 0.254859 0.450806 0.174531 0.357778
1 0.428340 0.439069 0.037398 0.064917
1 0.214355 0.953521 0.040070 0.052236
1 0.568191 0.934493 0.046305 0.071236
2 0.399379 0.895743 0.048977 0.088653
