0 0.483933 0.679883 0.079298 0.141007
0 0.545650 0.905747 0.091687 0.145940
0 0.639352 0.911749 0.087253 0.131485
0 0.704350 0.352424 0.074797 0.099866
1 0.086649 0.825273 0.040961 0.050730
1 0.243975 0.162131 0.030278 0.039631
1 0.250148 0.197219 0.029383 0.034874
1 0.189222 0.492710 0.033836 0.058658
1 0.318332 0.396124 0.025825 0.045973
1 0.287620 0.241565 0.024910 0.044388
1 0.294187 0.389656 0.023313 0.041326
1 0.312088 0.518964 0.027625 0.041183
1 0.513994 0.500398 0.030278 0.053901
1 0.523362 0.643020 0.028497 0.057064
1 0.761032 0.211216 0.027606 0.036460
1 0.766732 0.231774 0.024934 0.033297
1 0.682213 0.416430 0.028497 0.046669
1 0.731402 0.389862 0.024934 0.039622
1 0.728028 0.888431 0.032766 0.059748
1 0.720346 0.945755 0.033624 0.053188
1 0.773360 0.939853 0.029387 0.058649
1 0.878353 0.820961 0.032945 0.049136
2 0.312542 0.434169 0.028497 0.045973
2 0.765792 0.641833 0.032055 0.052307
3 0.278841 0.566439 0.032064 0.047592
3 0.725721 0.639455 0.030273 0.057064
4 0.723655 0.522148 0.139486 0.304362
5 0.271819 0.501539 0.150490 0.320210
1 0.586864 0.899136 0.032926 0.061812
1 0.627903 0.759388 0.032950 0.066560
1 0.593930 0.927957 0.032950 0.053935
1 0.229284 0.953318 0.032950 0.047576
1 0.124463 0.747613 0.036513 0.049136
