0 0.616831 0.715155 0.081993 0.134723
0 0.255410 0.675566 0.092564 0.114253
0 0.250664 0.790986 0.077512 0.166183
0 0.633999 0.602873 0.086404 0.130025
1 0.091993 0.821355 0.040961 0.050730
1 0.243975 0.169614 0.030278 0.039631
1 0.246633 0.200600 0.029383 0.034874
1 0.186477 0.495763 0.033841 0.058658
1 0.318332 0.396124 0.025825 0.045973
1 0.287620 0.241565 0.024910 0.044388
1 0.291774 0.389652 0.023313 0.041317
1 0.312088 0.518964 0.027625 0.041183
1 0.548402 0.765378 0.030273 0.053893
1 0.693549 0.907798 0.028492 0.057072
1 0.744592 0.195893 0.027601 0.042760
1 0.770009 0.232617 0.027615 0.039664
1 0.718598 0.412777 0.023153 0.047567
1 0.732844 0.392945 0.024934 0.039614
1 0.729159 0.889832 0.030203 0.052936
1 0.716133 0.945755 0.033624 0.053188
1 0.773360 0.939853 0.029387 0.058649
1 0.878485 0.819857 0.032945 0.049144
2 0.312542 0.434169 0.028497 0.045973
2 0.765792 0.641833 0.032055 0.052307
3 0.281381 0.564929 0.032064 0.047592
3 0.725721 0.639455 0.030273 0.057064
4 0.723874 0.522148 0.139048 0.304362
5 0.271536 0.501539 0.150490 0.320210
1 0.233150 0.675134 0.032926 0.061812
1 0.769607 0.831581 0.032041 0.058599
1 0.213315 0.699685 0.032945 0.053935
1 0.229284 0.953318 0.032950 0.047576
1 0.127293 0.744815 0.036508 0.049144
