1 0.871824 0.145951 0.027602 0.058569
0 0.499066 0.316868 0.091664 0.122208
0 0.502660 0.916215 0.127367 0.167569
0 0.686875 0.152444 0.065078 0.126750
0 0.799227 0.678000 0.091734 0.185111
1 0.351762 0.431910 0.034727 0.060181
1 0.619262 0.546792 0.032070 0.066500
1 0.529410 0.291014 0.032945 0.060167
1 0.543660 0.150118 0.029383 0.050653
1 0.736445 0.127931 0.023156 0.041111
1 0.815012 0.048875 0.023148 0.045917
1 0.936355 0.799174 0.034727 0.066486
1 0.282750 0.183368 0.027609 0.047486
1 0.584621 0.596549 0.032945 0.066486
1 0.486184 0.405229 0.035617 0.066486
2 0.896730 0.622667 0.032055 0.068083
3 0.255594 0.313965 0.028500 0.049069
3 0.790117 0.313597 0.028516 0.045861
4 0.835734 0.435069 0.175422 0.351444
5 0.257375 0.449319 0.174531 0.357778
1 0.563059 0.931354 0.037398 0.064903
1 0.591816 0.978049 0.042758 0.040292
1 0.622465 0.913951 0.046305 0.071236
2 0.585082 0.891833 0.033852 0.068056
