0 0.304314 0.700482 0.081051 0.137827
0 0.248435 0.850755 0.096136 0.155369
0 0.458888 0.890474 0.086400 0.144253
0 0.704350 0.348259 0.074797 0.099874
1 0.083704 0.827433 0.040961 0.050721
1 0.243975 0.158020 0.030278 0.039631
1 0.245085 0.194761 0.029387 0.034874
1 0.189010 0.484845 0.033836 0.058649
1 0.318332 0.396124 0.025825 0.045973
1 0.287620 0.241565 0.024910 0.044388
1 0.291305 0.390457 0.023139 0.042794
1 0.275707 0.478201 0.027625 0.041183
1 0.513836 0.501271 0.030273 0.053901
1 0.517116 0.639060 0.028492 0.057064
1 0.760245 0.207148 0.027606 0.036460
1 0.763970 0.232592 0.024934 0.033289
1 0.682799 0.396653 0.028492 0.042500
1 0.729100 0.384945 0.024929 0.039622
1 0.727290 0.900046 0.032950 0.060243
1 0.715686 0.949195 0.032059 0.057064
1 0.773360 0.939853 0.029387 0.058649
1 0.873075 0.824883 0.032945 0.049144
2 0.311296 0.428620 0.028492 0.045965
2 0.765792 0.641833 0.032055 0.052307
3 0.282000 0.552903 0.034727 0.055487
3 0.725721 0.639455 0.030273 0.057064
4 0.723532 0.522148 0.139731 0.304362
5 0.271979 0.501539 0.150490 0.320210
1 0.270254 0.894337 0.032931 0.061812
1 0.313433 0.900835 0.030278 0.054253
1 0.293487 0.945575 0.032950 0.048716
1 0.229284 0.953318 0.032950 0.047576
1 0.122905 0.749153 0.036508 0.049144
