1 0.873383 0.145257 0.027609 0.058569
0 0.400852 0.431764 0.086031 0.123833
0 0.268426 0.819410 0.132836 0.219069
0 0.584883 0.327875 0.081016 0.167833
0 0.727531 0.684389 0.122906 0.191556
1 0.428609 0.438396 0.034734 0.071236
1 0.595754 0.547465 0.033836 0.066486
1 0.528266 0.293049 0.032953 0.060153
1 0.543660 0.150118 0.029383 0.050653
1 0.736445 0.127938 0.023156 0.041125
1 0.815687 0.046465 0.023156 0.045903
1 0.936355 0.799174 0.034727 0.066486
1 0.282750 0.183368 0.027609 0.047486
1 0.584621 0.596549 0.032945 0.066486
1 0.464852 0.393910 0.035625 0.066486
2 0.896730 0.622667 0.032055 0.068083
3 0.255594 0.313965 0.028500 0.049069
3 0.787453 0.310215 0.028516 0.045875
4 0.835734 0.435069 0.175422 0.351444
5 0.257375 0.449319 0.174531 0.357778
1 0.304949 0.893361 0.037398 0.064917
1 0.225715 0.953521 0.040070 0.052236
1 0.570918 0.931937 0.046305 0.071236
2 0.397652 0.895368 0.048977 0.088653
