1 0.874582 0.144729 0.027602 0.058569
0 0.487125 0.374139 0.080172 0.112417
0 0.416297 0.476222 0.097094 0.189944
0 0.674203 0.344278 0.069437 0.133000
0 0.693246 0.447708 0.081055 0.180528
1 0.529105 0.431465 0.034727 0.071236
1 0.574645 0.427854 0.033836 0.066486
1 0.527387 0.294618 0.032945 0.060153
1 0.543660 0.150118 0.029383 0.050653
1 0.736445 0.127951 0.023156 0.041153
1 0.816207 0.044618 0.023148 0.045903
1 0.936355 0.799174 0.034727 0.066486
1 0.282750 0.183368 0.027609 0.047486
1 0.584621 0.596549 0.032945 0.066486
1 0.671840 0.418771 0.035617 0.066486
2 0.898867 0.619285 0.032062 0.068069
3 0.255594 0.313965 0.028500 0.049069
3 0.782539 0.303299 0.028516 0.045875
4 0.835734 0.435069 0.175422 0.351444
5 0.257375 0.449319 0.174531 0.357778
1 0.427059 0.447674 0.037398 0.064903
1 0.219020 0.953521 0.040070 0.052236
1 0.569309 0.933444 0.046305 0.071250
2 0.398668 0.895590 0.048977 0.088653
