1 0.872520 0.145646 0.027602 0.058569
0 0.440352 0.421528 0.088203 0.169444
0 0.324141 0.867236 0.138906 0.196250
0 0.714906 0.331528 0.088219 0.153611
0 0.775156 0.638417 0.107813 0.185111
1 0.352105 0.431910 0.034727 0.060181
1 0.698312 0.537021 0.032078 0.066486
1 0.528902 0.291924 0.032945 0.060153
1 0.543660 0.150118 0.029383 0.050653
1 0.736445 0.127931 0.023156 0.041111
1 0.815312 0.047799 0.023156 0.045903
1 0.936355 0.799174 0.034727 0.066486
1 0.282750 0.183368 0.027609 0.047486
1 0.584621 0.596549 0.032945 0.066486
1 0.499043 0.382201 0.035617 0.066486
2 0.896730 0.622667 0.032055 0.068083
3 0.255594 0.313965 0.028500 0.049069
3 0.788922 0.312090 0.028516 0.045875
4 0.835734 0.435069 0.175422 0.351444
5 0.257375 0.449319 0.174531 0.357778
1 0.357996 0.890201 0.037398 0.064903
1 0.549598 0.974507 0.040070 0.050986
1 0.572082 0.930854 0.046305 0.071236
2 0.439574 0.916521 0.036695 0.072514
