0 0.636598 0.714207 0.093572 0.134723
0 0.259178 0.677966 0.092568 0.114253
0 0.254354 0.798490 0.077512 0.166191
0 0.640700 0.587404 0.086404 0.132592
1 0.092243 0.821170 0.040961 0.050730
1 0.243975 0.169958 0.030278 0.039631
1 0.246534 0.200994 0.029383 0.034874
1 0.186348 0.495910 0.033836 0.058649
1 0.318332 0.396124 0.025825 0.045973
1 0.287620 0.241565 0.024910 0.044388
1 0.291774 0.389652 0.023313 0.041317
1 0.312088 0.518964 0.027625 0.041183
1 0.549463 0.764253 0.030273 0.053893
1 0.693174 0.908196 0.028497 0.057064
1 0.746374 0.197160 0.027601 0.042760
1 0.768445 0.231951 0.026673 0.037844
1 0.718598 0.412777 0.023153 0.047567
1 0.732844 0.392945 0.024934 0.039614
1 0.728266 0.891573 0.030085 0.052609
1 0.715935 0.945755 0.033624 0.053188
1 0.773360 0.939853 0.029387 0.058649
1 0.878042 0.819782 0.032945 0.049144
2 0.312542 0.434169 0.028497 0.045973
2 0.765792 0.641833 0.032055 0.052307
3 0.281381 0.564929 0.032064 0.047592
3 0.725721 0.639455 0.030273 0.057064
4 0.723883 0.522148 0.139029 0.304362
5 0.271522 0.501539 0.150490 0.320210
1 0.237095 0.676158 0.032926 0.061812
1 0.766529 0.835529 0.032041 0.058591
1 0.215709 0.699685 0.032945 0.053935
1 0.229284 0.953318 0.032950 0.047576
1 0.127427 0.744681 0.036513 0.049144
