0 0.652337 0.678989 0.077304 0.139220
0 0.270170 0.737114 0.102347 0.176040
0 0.296963 0.897085 0.087253 0.131485
0 0.661289 0.318872 0.075952 0.099320
1 0.089533 0.823159 0.040961 0.050730
1 0.243975 0.166166 0.030278 0.039631
1 0.265855 0.197244 0.029383 0.034874
1 0.187743 0.494358 0.033836 0.058649
1 0.318332 0.396124 0.025825 0.045973
1 0.287620 0.241565 0.024910 0.044388
1 0.292481 0.389652 0.023313 0.041317
1 0.312088 0.518964 0.027625 0.041183
1 0.515035 0.498293 0.030278 0.053901
1 0.688989 0.725650 0.028497 0.057072
1 0.758805 0.210168 0.027601 0.036460
1 0.769541 0.235881 0.024934 0.041527
1 0.722587 0.408985 0.023148 0.047567
1 0.732844 0.392945 0.024934 0.039614
1 0.728638 0.889186 0.031385 0.056074
1 0.718075 0.945755 0.033624 0.053188
1 0.773360 0.939853 0.029387 0.058649
1 0.882835 0.820633 0.032945 0.049136
2 0.312542 0.434169 0.028497 0.045973
2 0.765792 0.641833 0.032055 0.052307
3 0.280636 0.565373 0.032064 0.047592
3 0.725721 0.639455 0.030273 0.057064
4 0.723772 0.522148 0.139251 0.304362
5 0.271668 0.501539 0.150490 0.320210
1 0.258122 0.776980 0.032926 0.061812
1 0.719262 0.672366 0.028497 0.064950
1 0.246312 0.866531 0.032945 0.053935
1 0.229284 0.953318 0.032950 0.047576
1 0.125992 0.746099 0.036508 0.049144
