0 0.534376 0.673163 0.079298 0.141007
0 0.313697 0.895680 0.091682 0.145940
0 0.403273 0.905013 0.087253 0.131485
0 0.692187 0.319270 0.075702 0.096728
1 0.088744 0.823737 0.040966 0.050730
1 0.243975 0.165067 0.030278 0.039631
1 0.256730 0.198360 0.029387 0.034874
1 0.188148 0.493905 0.033836 0.058649
1 0.318332 0.396124 0.025825 0.045973
1 0.287620 0.241565 0.024910 0.044388
1 0.292948 0.389652 0.023313 0.041317
1 0.312088 0.518964 0.027625 0.041183
1 0.514472 0.499258 0.030273 0.053901
1 0.577693 0.678431 0.028497 0.057064
1 0.759637 0.210831 0.027606 0.036460
1 0.768725 0.232374 0.024934 0.035268
1 0.717333 0.409396 0.023148 0.047567
1 0.732844 0.392945 0.024934 0.039614
1 0.728471 0.888981 0.031758 0.057072
1 0.718695 0.945755 0.033629 0.053188
1 0.773360 0.939853 0.029387 0.058649
1 0.884230 0.820881 0.032945 0.049144
2 0.312542 0.434169 0.028497 0.045973
2 0.765792 0.641833 0.032055 0.052307
3 0.280146 0.565667 0.032064 0.047592
3 0.725721 0.639455 0.030273 0.057064
4 0.723739 0.522148 0.139317 0.304362
5 0.271711 0.501539 0.150490 0.320210
1 0.351025 0.884094 0.032926 0.061812
1 0.618624 0.677513 0.032950 0.066552
1 0.347872 0.941946 0.032945 0.053926
1 0.229284 0.953318 0.032950 0.047576
1 0.125573 0.746514 0.036508 0.049136
