0 0.617658 0.858716 0.088520 0.162668
0 0.255019 0.680046 0.092083 0.132307
0 0.264498 0.834379 0.089854 0.166644
0 0.620775 0.697915 0.086744 0.143800
1 0.095302 0.818930 0.040961 0.050730
1 0.243975 0.174237 0.030278 0.039631
1 0.245318 0.205868 0.029383 0.034874
1 0.184779 0.497655 0.033836 0.058649
1 0.318332 0.396124 0.025825 0.045973
1 0.287620 0.241565 0.024910 0.044388
1 0.291774 0.389652 0.023313 0.041317
1 0.312088 0.518964 0.027625 0.041183
1 0.542908 0.696225 0.030273 0.055520
1 0.517950 0.948574 0.033845 0.057064
1 0.754875 0.201892 0.027601 0.042760
1 0.718598 0.412777 0.023153 0.047567
1 0.732844 0.392945 0.024934 0.039614
1 0.720125 0.921791 0.029383 0.050747
1 0.710328 0.953683 0.033624 0.053188
1 0.773360 0.939853 0.029387 0.058649
1 0.877064 0.819375 0.032950 0.049136
2 0.312542 0.434169 0.028497 0.045973
2 0.765792 0.641833 0.032055 0.052307
3 0.281381 0.564929 0.032064 0.047592
3 0.725721 0.639455 0.030273 0.057064
4 0.723047 0.522148 0.138921 0.304362
5 0.271360 0.501539 0.150485 0.320210
1 0.223992 0.665214 0.031018 0.060109
1 0.527837 0.857273 0.033836 0.058591
1 0.206272 0.702089 0.024929 0.053926
1 0.229284 0.953318 0.032950 0.047576
1 0.129046 0.743079 0.036508 0.049144
