0 0.242194 0.735344 0.074802 0.147399
0 0.259361 0.846942 0.073907 0.139505
0 0.332132 0.914488 0.085490 0.106208
0 0.704350 0.347034 0.074797 0.099874
1 0.082837 0.828066 0.040961 0.050730
1 0.243975 0.156812 0.030278 0.039631
1 0.243596 0.194039 0.029387 0.034874
1 0.185368 0.469715 0.033836 0.058658
1 0.318332 0.396124 0.025825 0.045973
1 0.286395 0.244446 0.027361 0.050151
1 0.258711 0.449153 0.028817 0.054329
1 0.243450 0.529782 0.034892 0.055621
1 0.513791 0.501527 0.030278 0.053893
1 0.514783 0.639438 0.028492 0.057064
1 0.760014 0.205948 0.027606 0.036460
1 0.763157 0.232836 0.024929 0.033289
1 0.682971 0.390835 0.028497 0.041267
1 0.728424 0.383498 0.024934 0.039614
1 0.727066 0.904010 0.032945 0.060235
1 0.713358 0.950117 0.032059 0.057064
1 0.773360 0.939853 0.029387 0.058649
1 0.874800 0.828716 0.032945 0.049144
2 0.307766 0.428259 0.028492 0.045965
2 0.765792 0.641833 0.032055 0.052307
3 0.284168 0.577269 0.034727 0.055478
3 0.725721 0.639455 0.030273 0.057064
4 0.723497 0.522148 0.139802 0.304362
5 0.272022 0.501539 0.150490 0.320210
1 0.256887 0.906565 0.034727 0.061820
1 0.299185 0.922416 0.030273 0.052315
1 0.280040 0.948570 0.032945 0.041216
1 0.222557 0.951829 0.027903 0.053540
1 0.122448 0.749606 0.036508 0.049144
