0 0.610610 0.746053 0.072201 0.164807
0 0.264823 0.698272 0.096103 0.141158
0 0.288718 0.857412 0.091734 0.180545
0 0.539409 0.547093 0.072163 0.137911
1 0.091013 0.822076 0.040961 0.050730
1 0.243975 0.168238 0.030278 0.039631
1 0.247024 0.199039 0.029383 0.034874
1 0.186982 0.495206 0.033841 0.058649
1 0.318332 0.396124 0.025825 0.045973
1 0.287620 0.241565 0.024910 0.044388
1 0.291774 0.389652 0.023313 0.041317
1 0.312088 0.518964 0.027625 0.041183
1 0.521581 0.650747 0.030278 0.053893
1 0.695014 0.906233 0.028492 0.057064
1 0.759943 0.188603 0.027606 0.049992
1 0.779149 0.225730 0.024934 0.039664
1 0.719453 0.411963 0.023148 0.047567
1 0.732844 0.392945 0.024934 0.039614
1 0.728951 0.889572 0.030674 0.054178
1 0.716906 0.945755 0.033624 0.053188
1 0.773360 0.939853 0.029387 0.058649
1 0.880219 0.820168 0.032945 0.049144
2 0.312542 0.434169 0.028497 0.045973
2 0.765792 0.641833 0.032055 0.052307
3 0.281381 0.564929 0.032064 0.047592
3 0.725721 0.639455 0.030273 0.057064
4 0.723834 0.522148 0.139128 0.304362
5 0.271588 0.501539 0.150490 0.320210
1 0.229484 0.719178 0.032926 0.061812
1 0.772924 0.821695 0.032041 0.058591
1 0.206765 0.735470 0.032945 0.053926
1 0.229284 0.953318 0.032950 0.047576
1 0.126774 0.745327 0.036508 0.049144
