1 0.216993 0.677341 0.032592 0.052953
0 0.567017 0.898763 0.089114 0.152156
0 0.259465 0.740386 0.096065 0.170537
0 0.316557 0.901510 0.090551 0.133188
0 0.646960 0.841510 0.098907 0.171074
1 0.097842 0.817068 0.040961 0.050730
1 0.243975 0.177785 0.030278 0.039631
1 0.244310 0.209904 0.029383 0.034874
1 0.183473 0.499107 0.033836 0.058649
1 0.318332 0.396124 0.025825 0.045973
1 0.287620 0.241565 0.024910 0.044388
1 0.291774 0.389652 0.023313 0.041317
1 0.312088 0.518964 0.027625 0.041183
1 0.538412 0.712089 0.030273 0.055520
1 0.261758 0.923695 0.033845 0.057072
1 0.758101 0.202714 0.027606 0.042760
1 0.718598 0.412777 0.023153 0.047567
1 0.732844 0.392945 0.024934 0.039614
1 0.722590 0.916179 0.029383 0.050747
1 0.710328 0.953683 0.033624 0.053188
1 0.773360 0.939853 0.029387 0.058649
1 0.878926 0.819375 0.032950 0.049136
2 0.312542 0.434169 0.028497 0.045973
2 0.765792 0.641833 0.032055 0.052307
3 0.281381 0.564929 0.032064 0.047592
3 0.725721 0.639455 0.030273 0.057064
4 0.723047 0.522148 0.138921 0.304362
5 0.271225 0.501539 0.150490 0.320210
1 0.231595 0.636611 0.024943 0.045990
1 0.500042 0.947030 0.033836 0.058591
1 0.229284 0.953318 0.032950 0.047576
1 0.130389 0.741753 0.036508 0.049144
