0 0.598636 0.716971 0.081447 0.144211
0 0.249609 0.671883 0.092564 0.114253
0 0.246211 0.786036 0.077512 0.166183
0 0.598671 0.596783 0.077861 0.134757
1 0.091612 0.821636 0.040961 0.050721
1 0.243975 0.169077 0.030278 0.039631
1 0.246786 0.199987 0.029387 0.034874
1 0.186675 0.495545 0.033841 0.058658
1 0.318332 0.396124 0.025825 0.045973
1 0.287620 0.241565 0.024910 0.044388
1 0.291774 0.389652 0.023313 0.041317
1 0.312088 0.518964 0.027625 0.041183
1 0.537653 0.726959 0.030273 0.053901
1 0.694123 0.907181 0.028492 0.057064
1 0.745087 0.196669 0.027601 0.044396
1 0.777512 0.231275 0.026343 0.039664
1 0.718598 0.412777 0.023153 0.047567
1 0.732844 0.392945 0.024934 0.039614
1 0.729076 0.889732 0.030386 0.053423
1 0.716435 0.945755 0.033624 0.053188
1 0.773360 0.939853 0.029387 0.058649
1 0.879164 0.819983 0.032945 0.049144
2 0.312542 0.434169 0.028497 0.045973
2 0.765792 0.641833 0.032055 0.052307
3 0.281381 0.564929 0.032064 0.047592
3 0.725721 0.639455 0.030273 0.057064
4 0.723857 0.522148 0.139081 0.304362
5 0.271555 0.501539 0.150490 0.320210
1 0.227707 0.675134 0.032926 0.061812
1 0.772924 0.826418 0.032041 0.058591
1 0.208928 0.712143 0.032945 0.053935
1 0.229284 0.953318 0.032950 0.047576
1 0.127090 0.745017 0.036508 0.049144
