0 0.619880 0.861892 0.092964 0.169018
0 0.255516 0.680352 0.092059 0.133054
0 0.267170 0.841107 0.091814 0.167114
0 0.626265 0.698977 0.091202 0.148020
1 0.095361 0.818888 0.040966 0.050730
1 0.243975 0.174320 0.030278 0.039631
1 0.245297 0.205956 0.029387 0.034883
1 0.184748 0.497689 0.033841 0.058649
1 0.318332 0.396124 0.025825 0.045973
1 0.287620 0.241565 0.024910 0.044388
1 0.291774 0.389652 0.023313 0.041317
1 0.312088 0.518964 0.027625 0.041183
1 0.542507 0.699312 0.030273 0.055520
1 0.513497 0.948574 0.033845 0.057064
1 0.754948 0.201913 0.027606 0.042768
1 0.718598 0.412777 0.023153 0.047567
1 0.732844 0.392945 0.024934 0.039614
1 0.720179 0.921665 0.029387 0.050747
1 0.710328 0.953683 0.033624 0.053188
1 0.773360 0.939853 0.029387 0.058649
1 0.877107 0.819375 0.032950 0.049136
2 0.312542 0.434169 0.028497 0.045973
2 0.765792 0.641833 0.032055 0.052307
3 0.281381 0.564929 0.032064 0.047592
3 0.725721 0.639455 0.030273 0.057064
4 0.723047 0.522148 0.138921 0.304362
5 0.271357 0.501539 0.150490 0.320210
1 0.223895 0.664971 0.030947 0.060042
1 0.524873 0.864144 0.033836 0.058591
1 0.206402 0.701959 0.024934 0.053935
1 0.229284 0.953318 0.032950 0.047576
1 0.129076 0.743049 0.036513 0.049136
