0 0.484696 0.683347 0.079298 0.141007
0 0.566715 0.903859 0.091687 0.145940
0 0.663296 0.913821 0.087253 0.131485
0 0.704350 0.351988 0.074797 0.099866
1 0.086338 0.825499 0.040961 0.050730
1 0.243975 0.161703 0.030278 0.039631
1 0.249618 0.196959 0.029387 0.034874
1 0.189383 0.492534 0.033836 0.058658
1 0.318332 0.396124 0.025825 0.045973
1 0.287620 0.241565 0.024910 0.044388
1 0.294371 0.389656 0.023313 0.041326
1 0.312088 0.518964 0.027625 0.041183
1 0.513977 0.500487 0.030273 0.053893
1 0.524215 0.637911 0.028497 0.057064
1 0.760952 0.210789 0.027606 0.036460
1 0.766442 0.231862 0.024929 0.033289
1 0.682274 0.414367 0.028497 0.046233
1 0.731162 0.389350 0.024934 0.039622
1 0.727964 0.888352 0.032912 0.060143
1 0.720591 0.945755 0.033624 0.053188
1 0.773360 0.939853 0.029387 0.058649
1 0.877302 0.820961 0.032945 0.049136
2 0.312542 0.434169 0.028497 0.045973
2 0.765792 0.641833 0.032055 0.052307
3 0.279194 0.566514 0.032064 0.047592
3 0.725721 0.639455 0.030273 0.057064
4 0.723640 0.522148 0.139515 0.304362
5 0.271838 0.501539 0.150490 0.320210
1 0.603565 0.900008 0.032926 0.061812
1 0.627917 0.787420 0.032950 0.066552
1 0.615549 0.925491 0.032945 0.053935
1 0.229284 0.953318 0.032950 0.047576
1 0.124300 0.747773 0.036508 0.049136
