0 0.750181 0.781007 0.093586 0.163221
0 0.251122 0.673519 0.092564 0.114253
0 0.235792 0.786003 0.102941 0.140831
0 0.667976 0.505327 0.087319 0.129950
1 0.093728 0.820088 0.040961 0.050730
1 0.243975 0.172030 0.030278 0.039631
1 0.245945 0.203352 0.029383 0.034874
1 0.185589 0.496753 0.033836 0.058658
1 0.318332 0.396124 0.025825 0.045973
1 0.287620 0.241565 0.024910 0.044388
1 0.291774 0.389652 0.023313 0.041317
1 0.312088 0.518964 0.027625 0.041183
1 0.550299 0.668507 0.030278 0.055520
1 0.689922 0.911162 0.028497 0.057072
1 0.752870 0.201384 0.027606 0.042768
1 0.765158 0.225570 0.020099 0.025084
1 0.718598 0.412777 0.023153 0.047567
1 0.732844 0.392945 0.024934 0.039614
1 0.721357 0.903855 0.029387 0.050747
1 0.713890 0.947341 0.033624 0.053188
1 0.773360 0.939853 0.029387 0.058649
1 0.875907 0.819375 0.032945 0.049136
2 0.312542 0.434169 0.028497 0.045973
2 0.765792 0.641833 0.032055 0.052307
3 0.281381 0.564929 0.032064 0.047592
3 0.725721 0.639455 0.030273 0.057064
4 0.722665 0.522148 0.138921 0.304362
5 0.271442 0.501539 0.150490 0.320210
1 0.226588 0.671879 0.032903 0.061795
1 0.735167 0.864430 0.032041 0.058591
1 0.197356 0.706028 0.027342 0.053935
1 0.229284 0.953318 0.032950 0.047576
1 0.128212 0.743909 0.036508 0.049144
