1 0.874125 0.144931 0.027609 0.058583
0 0.496512 0.425479 0.080367 0.112431
0 0.400285 0.522118 0.107758 0.205764
0 0.667477 0.336944 0.100609 0.158389
0 0.726652 0.727889 0.094445 0.221667
1 0.528246 0.427174 0.034727 0.071236
1 0.573395 0.429035 0.033836 0.066486
1 0.527719 0.294021 0.032953 0.060153
1 0.543660 0.150118 0.029383 0.050653
1 0.736445 0.127944 0.023156 0.041139
1 0.816012 0.045319 0.023148 0.045917
1 0.936355 0.799174 0.034727 0.066486
1 0.282750 0.183368 0.027609 0.047486
1 0.584621 0.596549 0.032945 0.066486
1 0.642699 0.355924 0.035617 0.066486
2 0.896984 0.622667 0.032063 0.068083
3 0.255594 0.313965 0.028500 0.049069
3 0.786180 0.308604 0.028516 0.045875
4 0.835734 0.435069 0.175422 0.351444
5 0.257375 0.449319 0.174531 0.357778
1 0.419535 0.486701 0.037398 0.064903
1 0.221563 0.953521 0.040078 0.052236
1 0.569918 0.932868 0.046305 0.071236
2 0.398285 0.895507 0.048977 0.088653
