1 0.873777 0.145090 0.027602 0.058569
0 0.378492 0.434299 0.080172 0.112431
0 0.284227 0.811292 0.107750 0.205750
0 0.626738 0.343271 0.095711 0.171042
0 0.736313 0.723618 0.107688 0.217736
1 0.403855 0.429535 0.034727 0.071236
1 0.572441 0.429938 0.033836 0.066486
1 0.527977 0.293563 0.032953 0.060153
1 0.543660 0.150118 0.029383 0.050653
1 0.736445 0.127944 0.023156 0.041139
1 0.815859 0.045854 0.023156 0.045903
1 0.936355 0.799174 0.034727 0.066486
1 0.282750 0.183368 0.027609 0.047486
1 0.584621 0.596549 0.032945 0.066486
1 0.600207 0.353549 0.035617 0.066486
2 0.896730 0.622667 0.032055 0.068083
3 0.255594 0.313965 0.028500 0.049069
3 0.786781 0.309361 0.028516 0.045861
4 0.835734 0.435069 0.175422 0.351444
5 0.257375 0.449319 0.174531 0.357778
1 0.304270 0.767243 0.037398 0.064903
1 0.223512 0.953521 0.040070 0.052236
1 0.570387 0.932438 0.046305 0.071236
2 0.397988 0.895437 0.048977 0.088653
