0 0.690893 0.819883 0.089873 0.156762
0 0.247905 0.675680 0.092370 0.121527
0 0.274724 0.790176 0.097347 0.160034
0 0.608822 0.609270 0.072205 0.136292
1 0.094477 0.819534 0.040961 0.050730
1 0.243975 0.173079 0.030278 0.039631
1 0.245648 0.204551 0.029383 0.034874
1 0.185203 0.497185 0.033836 0.058649
1 0.318332 0.396124 0.025825 0.045973
1 0.287620 0.241565 0.024910 0.044388
1 0.291774 0.389652 0.023313 0.041317
1 0.312088 0.518964 0.027625 0.041183
1 0.539105 0.707752 0.030273 0.055520
1 0.678169 0.935256 0.028497 0.057072
1 0.753822 0.201623 0.027606 0.042760
1 0.718598 0.412777 0.023153 0.047567
1 0.732844 0.392945 0.024934 0.039614
1 0.726522 0.915902 0.029387 0.050747
1 0.710328 0.953683 0.033624 0.053188
1 0.773360 0.939853 0.029387 0.058649
1 0.876456 0.819375 0.032950 0.049136
2 0.312542 0.434169 0.028497 0.045973
2 0.765792 0.641833 0.032055 0.052307
3 0.281381 0.564929 0.032064 0.047592
3 0.725721 0.639455 0.030273 0.057064
4 0.722693 0.522148 0.138921 0.304362
5 0.271404 0.501539 0.150490 0.320210
1 0.225353 0.668708 0.032008 0.060990
1 0.606407 0.831137 0.032041 0.058599
1 0.204423 0.703930 0.024934 0.053935
1 0.229284 0.953318 0.032950 0.047576
1 0.128607 0.743515 0.036508 0.049144
