0 0.608150 0.711590 0.081993 0.134723
0 0.253669 0.674463 0.092568 0.114262
0 0.249328 0.789501 0.077507 0.166183
0 0.632311 0.606376 0.086404 0.130017
1 0.091880 0.821439 0.040961 0.050730
1 0.243975 0.169451 0.030278 0.039622
1 0.246680 0.200415 0.029383 0.034874
1 0.186536 0.495701 0.033836 0.058649
1 0.318332 0.396124 0.025825 0.045973
1 0.287620 0.241565 0.024910 0.044388
1 0.291774 0.389652 0.023313 0.041317
1 0.312088 0.518964 0.027625 0.041183
1 0.546737 0.763100 0.030278 0.053901
1 0.693721 0.907613 0.028497 0.057072
1 0.743770 0.195306 0.027606 0.042760
1 0.773299 0.231888 0.027615 0.039664
1 0.718598 0.412777 0.023153 0.047567
1 0.732844 0.392945 0.024934 0.039614
1 0.729133 0.889803 0.030254 0.053079
1 0.716223 0.945755 0.033624 0.053188
1 0.773360 0.939853 0.029387 0.058649
1 0.878688 0.819895 0.032945 0.049136
2 0.312542 0.434169 0.028497 0.045973
2 0.765792 0.641833 0.032055 0.052307
3 0.281381 0.564929 0.032064 0.047592
3 0.725721 0.639455 0.030273 0.057064
4 0.723869 0.522148 0.139057 0.304362
5 0.271541 0.501539 0.150490 0.320210
1 0.231520 0.675134 0.032926 0.061812
1 0.771030 0.829761 0.032041 0.058599
1 0.212210 0.699685 0.032950 0.053935
1 0.229284 0.953318 0.032950 0.047576
1 0.127234 0.744874 0.036513 0.049144
