0 0.246631 0.735340 0.096183 0.137878
0 0.252311 0.853008 0.074161 0.141770
0 0.339255 0.915394 0.085485 0.106208
0 0.704350 0.347253 0.074797 0.099874
1 0.082992 0.827953 0.040961 0.050721
1 0.243975 0.157022 0.030278 0.039631
1 0.243862 0.194165 0.029383 0.034874
1 0.186013 0.472404 0.033836 0.058649
1 0.318332 0.396124 0.025825 0.045973
1 0.286885 0.243293 0.026381 0.047844
1 0.265997 0.426669 0.026546 0.049715
1 0.248466 0.522282 0.031984 0.049849
1 0.513798 0.501481 0.030273 0.053901
1 0.515198 0.639371 0.028492 0.057064
1 0.760057 0.206166 0.027606 0.036460
1 0.763301 0.232794 0.024934 0.033289
1 0.682941 0.391867 0.028492 0.041485
1 0.728541 0.383754 0.024934 0.039622
1 0.727107 0.903305 0.032950 0.060235
1 0.713772 0.949954 0.032059 0.057072
1 0.773360 0.939853 0.029387 0.058649
1 0.874493 0.828037 0.032945 0.049144
2 0.310033 0.429992 0.028492 0.045973
2 0.765792 0.641833 0.032055 0.052307
3 0.282872 0.572659 0.034727 0.055487
3 0.725721 0.639455 0.030273 0.057064
4 0.723504 0.522148 0.139788 0.304362
5 0.272017 0.501539 0.150490 0.320210
1 0.256124 0.914266 0.034727 0.061820
1 0.302538 0.918687 0.030278 0.052307
1 0.275884 0.949098 0.032945 0.041216
1 0.224140 0.952177 0.029090 0.052139
1 0.122528 0.749526 0.036508 0.049136
