0 0.618162 0.895449 0.089114 0.152156
0 0.263622 0.685331 0.091730 0.145344
0 0.327891 0.858972 0.098148 0.169371
0 0.664760 0.811758 0.098907 0.171065
1 0.096303 0.818196 0.040966 0.050721
1 0.243975 0.175638 0.030278 0.039631
1 0.244922 0.207454 0.029383 0.034874
1 0.184265 0.498226 0.033836 0.058649
1 0.318332 0.396124 0.025825 0.045973
1 0.287620 0.241565 0.024910 0.044388
1 0.291774 0.389652 0.023313 0.041317
1 0.312088 0.518964 0.027625 0.041183
1 0.537908 0.714421 0.030273 0.055520
1 0.396798 0.944790 0.033850 0.057064
1 0.756145 0.202219 0.027606 0.042760
1 0.718598 0.412777 0.023153 0.047567
1 0.732844 0.392945 0.024934 0.039614
1 0.721096 0.919581 0.029383 0.050755
1 0.710328 0.953683 0.033624 0.053188
1 0.773360 0.939853 0.029387 0.058649
1 0.877797 0.819375 0.032945 0.049136
2 0.312542 0.434169 0.028497 0.045973
2 0.765792 0.641833 0.032055 0.052307
3 0.281381 0.564929 0.032064 0.047592
3 0.725721 0.639455 0.030273 0.057064
4 0.723047 0.522148 0.138921 0.304362
5 0.271305 0.501539 0.150490 0.320210
1 0.217780 0.667081 0.029821 0.059027
1 0.501932 0.950461 0.033836 0.058591
1 0.212804 0.714052 0.024929 0.053926
1 0.229284 0.953318 0.032950 0.047576
1 0.129576 0.742559 0.036513 0.049144
