0 0.623289 0.703654 0.084647 0.148968
0 0.254665 0.685864 0.096107 0.128859
0 0.318999 0.897076 0.093944 0.144153
0 0.592608 0.371539 0.065057 0.106233
1 0.090090 0.822752 0.040961 0.050721
1 0.243975 0.166946 0.030278 0.039631
1 0.257853 0.197890 0.029383 0.034874
1 0.187455 0.494677 0.033836 0.058649
1 0.318332 0.396124 0.025825 0.045973
1 0.287620 0.241565 0.024910 0.044388
1 0.292151 0.389652 0.023313 0.041317
1 0.312088 0.518964 0.027625 0.041183
1 0.515434 0.497613 0.030273 0.053901
1 0.706477 0.903633 0.033680 0.057064
1 0.757462 0.207785 0.027601 0.036460
1 0.770888 0.236661 0.024934 0.044815
1 0.721407 0.410109 0.023153 0.047567
1 0.732844 0.392945 0.024934 0.039614
1 0.728756 0.889333 0.031112 0.055361
1 0.717632 0.945755 0.033624 0.053188
1 0.773360 0.939853 0.029387 0.058649
1 0.881850 0.820461 0.032945 0.049144
2 0.312542 0.434169 0.028497 0.045973
2 0.765792 0.641833 0.032055 0.052307
3 0.280985 0.565164 0.032064 0.047592
3 0.725721 0.639455 0.030273 0.057064
4 0.723796 0.522148 0.139204 0.304362
5 0.271638 0.501539 0.150485 0.320210
1 0.227443 0.694589 0.032926 0.061812
1 0.775148 0.766300 0.032041 0.058591
1 0.216817 0.768645 0.032945 0.053935
1 0.229284 0.953318 0.032950 0.047576
1 0.126287 0.745810 0.036513 0.049136
