0 0.743582 0.763888 0.093582 0.163230
0 0.260250 0.675902 0.092564 0.114253
0 0.237311 0.795512 0.104199 0.156678
0 0.667851 0.507823 0.084637 0.129958
1 0.093497 0.820256 0.040961 0.050730
1 0.243975 0.171711 0.030278 0.039631
1 0.246037 0.202987 0.029387 0.034883
1 0.185707 0.496623 0.033836 0.058649
1 0.318332 0.396124 0.025825 0.045973
1 0.287620 0.241565 0.024910 0.044388
1 0.291774 0.389652 0.023313 0.041317
1 0.312088 0.518964 0.027625 0.041183
1 0.547182 0.686632 0.030273 0.055512
1 0.691308 0.910189 0.028497 0.057072
1 0.752578 0.201309 0.027606 0.042768
1 0.765672 0.226565 0.021126 0.027072
1 0.718598 0.412777 0.023153 0.047567
1 0.732844 0.392945 0.024934 0.039614
1 0.723424 0.900994 0.029486 0.051015
1 0.714951 0.945755 0.033624 0.053188
1 0.773360 0.939853 0.029387 0.058649
1 0.875834 0.819388 0.032950 0.049144
2 0.312542 0.434169 0.028497 0.045973
2 0.765792 0.641833 0.032055 0.052307
3 0.281381 0.564929 0.032064 0.047592
3 0.725721 0.639455 0.030273 0.057064
4 0.723935 0.522148 0.138926 0.304362
5 0.271456 0.501539 0.150490 0.320210
1 0.236016 0.681904 0.032926 0.061812
1 0.751133 0.855260 0.032041 0.058591
1 0.211027 0.732978 0.032950 0.053926
1 0.229284 0.953318 0.032950 0.047576
1 0.128089 0.744027 0.036508 0.049144
