1 0.872914 0.145465 0.027609 0.058569
0 0.388641 0.434222 0.092625 0.121944
0 0.301578 0.845361 0.144297 0.223111
0 0.714938 0.345215 0.091234 0.163347
0 0.608699 0.663778 0.119383 0.178833
1 0.362891 0.424264 0.034719 0.060167
1 0.671316 0.548146 0.033836 0.066486
1 0.528609 0.292438 0.032953 0.060153
1 0.543660 0.150118 0.029383 0.050653
1 0.736445 0.127938 0.023156 0.041125
1 0.815484 0.047188 0.023156 0.045903
1 0.936355 0.799174 0.034727 0.066486
1 0.282750 0.183368 0.027609 0.047486
1 0.584621 0.596549 0.032945 0.066486
1 0.477855 0.380618 0.035617 0.066486
2 0.896730 0.622667 0.032055 0.068083
3 0.255594 0.313965 0.028500 0.049069
3 0.788250 0.311229 0.028516 0.045875
4 0.835734 0.435069 0.175422 0.351444
5 0.257375 0.449319 0.174531 0.357778
1 0.339379 0.854215 0.037398 0.064903
1 0.447488 0.936889 0.040070 0.066500
1 0.571551 0.931354 0.046305 0.071236
2 0.414547 0.882306 0.040953 0.079194
