0 0.344910 0.707810 0.081046 0.137836
0 0.230702 0.823221 0.096136 0.155369
0 0.500198 0.885147 0.081499 0.156938
0 0.704350 0.348586 0.074797 0.099874
1 0.083935 0.827261 0.040961 0.050730
1 0.243975 0.158339 0.030278 0.039631
1 0.245483 0.194954 0.029383 0.034874
1 0.189981 0.488880 0.033836 0.058649
1 0.318332 0.396124 0.025825 0.045973
1 0.287620 0.241565 0.024910 0.044388
1 0.292700 0.389727 0.023139 0.042794
1 0.287008 0.479333 0.027625 0.041183
1 0.513848 0.501204 0.030278 0.053901
1 0.517736 0.638960 0.028497 0.057064
1 0.760309 0.207466 0.027601 0.036460
1 0.764187 0.232529 0.024934 0.033297
1 0.682754 0.398201 0.028497 0.042827
1 0.729281 0.385331 0.024934 0.039622
1 0.727349 0.898989 0.032945 0.060243
1 0.716305 0.948951 0.032055 0.057064
1 0.773360 0.939853 0.029387 0.058649
1 0.872615 0.823859 0.032950 0.049144
2 0.312542 0.434169 0.028497 0.045973
2 0.765792 0.641833 0.032055 0.052307
3 0.283567 0.561837 0.033619 0.052198
3 0.725721 0.639455 0.030273 0.057064
4 0.723541 0.522148 0.139713 0.304362
5 0.271965 0.501539 0.150490 0.320210
1 0.260681 0.871099 0.032926 0.061812
1 0.313433 0.896951 0.030278 0.062022
1 0.294555 0.942953 0.032945 0.053003
1 0.229284 0.953318 0.032950 0.047576
1 0.123028 0.749035 0.036508 0.049144
