0 0.432455 0.645784 0.086758 0.152122
0 0.418982 0.903104 0.091687 0.145940
0 0.620714 0.887169 0.090844 0.163213
0 0.704350 0.350084 0.074797 0.099866
1 0.084995 0.826489 0.040961 0.050730
1 0.243975 0.159824 0.030278 0.039631
1 0.247304 0.195835 0.029387 0.034874
1 0.190073 0.491762 0.033841 0.058658
1 0.318332 0.396124 0.025825 0.045973
1 0.287620 0.241565 0.024910 0.044388
1 0.295167 0.389656 0.023313 0.041326
1 0.310785 0.505818 0.027620 0.041183
1 0.513904 0.500889 0.030278 0.053893
1 0.520587 0.638498 0.028497 0.057064
1 0.760591 0.208926 0.027601 0.036460
1 0.765179 0.232232 0.024929 0.033289
1 0.682542 0.405315 0.028497 0.044320
1 0.730106 0.387097 0.024934 0.039614
1 0.727620 0.894144 0.032950 0.060235
1 0.719149 0.947823 0.032059 0.057072
1 0.773360 0.939853 0.029387 0.058649
1 0.872696 0.820961 0.032950 0.049136
2 0.312542 0.434169 0.028497 0.045973
2 0.765792 0.641833 0.032055 0.052307
3 0.282074 0.563872 0.032064 0.047592
3 0.725721 0.639455 0.030273 0.057064
4 0.723586 0.522148 0.139623 0.304362
5 0.271909 0.501539 0.150490 0.320210
1 0.437071 0.909740 0.032926 0.061812
1 0.464072 0.882005 0.032950 0.066560
1 0.465259 0.936669 0.032950 0.055503
1 0.229284 0.953318 0.032950 0.047576
1 0.123589 0.748477 0.036508 0.049136
