1 0.872430 0.145688 0.027609 0.058569
0 0.447750 0.420750 0.100703 0.166250
0 0.371039 0.896201 0.138906 0.195069
0 0.705313 0.307674 0.074844 0.153625
0 0.803664 0.624167 0.122031 0.185111
1 0.352063 0.431910 0.034719 0.060181
1 0.689227 0.545889 0.032078 0.066500
1 0.528965 0.291806 0.032945 0.060167
1 0.543660 0.150118 0.029383 0.050653
1 0.736445 0.127931 0.023156 0.041111
1 0.815273 0.047938 0.023156 0.045903
1 0.936355 0.799174 0.034727 0.066486
1 0.282750 0.183368 0.027609 0.047486
1 0.584621 0.596549 0.032945 0.066486
1 0.525402 0.393910 0.035617 0.066486
2 0.896730 0.622667 0.032055 0.068083
3 0.255594 0.313965 0.028500 0.049069
3 0.789078 0.312285 0.028516 0.045875
4 0.835734 0.435069 0.175422 0.351444
5 0.257375 0.449319 0.174531 0.357778
1 0.410535 0.925021 0.037398 0.064903
1 0.544676 0.983931 0.040070 0.032139
1 0.572199 0.930743 0.046305 0.071236
2 0.454184 0.921917 0.033852 0.068056
