0 0.751070 0.781326 0.093582 0.163221
0 0.251923 0.673603 0.092564 0.114253
0 0.235855 0.786795 0.103068 0.142416
0 0.668230 0.505101 0.087319 0.129950
1 0.093706 0.820101 0.040966 0.050721
1 0.243975 0.172005 0.030278 0.039631
1 0.245952 0.203326 0.029387 0.034874
1 0.185598 0.496745 0.033836 0.058658
1 0.318332 0.396124 0.025825 0.045973
1 0.287620 0.241565 0.024910 0.044388
1 0.291774 0.389652 0.023313 0.041317
1 0.312088 0.518964 0.027625 0.041183
1 0.550299 0.667215 0.030278 0.055520
1 0.690992 0.910529 0.028497 0.057064
1 0.752846 0.201380 0.027606 0.042760
1 0.765200 0.225654 0.020184 0.025252
1 0.718598 0.412777 0.023153 0.047567
1 0.732844 0.392945 0.024934 0.039614
1 0.722604 0.902588 0.029383 0.050747
1 0.714781 0.945755 0.033624 0.053188
1 0.773360 0.939853 0.029387 0.058649
1 0.875893 0.819375 0.032945 0.049136
2 0.312542 0.434169 0.028497 0.045973
2 0.765792 0.641833 0.032055 0.052307
3 0.281381 0.564929 0.032064 0.047592
3 0.725721 0.639455 0.030273 0.057064
4 0.722792 0.522148 0.138921 0.304362
5 0.271447 0.501539 0.150490 0.320210
1 0.226619 0.671963 0.032926 0.061812
1 0.738197 0.865378 0.032041 0.058591
1 0.197236 0.706028 0.027582 0.053935
1 0.229284 0.953318 0.032950 0.047576
1 0.128202 0.743918 0.036508 0.049144
