1 0.873930 0.145021 0.027609 0.058569
0 0.469324 0.432715 0.081070 0.112431
0 0.343293 0.670924 0.107758 0.205764
0 0.660664 0.339361 0.100609 0.158389
0 0.737117 0.728278 0.112672 0.224500
1 0.497801 0.431118 0.034727 0.071236
1 0.572855 0.429549 0.033836 0.066486
1 0.527863 0.293764 0.032945 0.060167
1 0.543660 0.150118 0.029383 0.050653
1 0.736445 0.127944 0.023156 0.041139
1 0.815926 0.045625 0.023148 0.045917
1 0.936355 0.799174 0.034727 0.066486
1 0.282750 0.183368 0.027609 0.047486
1 0.584621 0.596549 0.032945 0.066486
1 0.639484 0.355924 0.035625 0.066486
2 0.896730 0.622667 0.032055 0.068083
3 0.255594 0.313965 0.028500 0.049069
3 0.786516 0.309035 0.028516 0.045875
4 0.835734 0.435069 0.175422 0.351444
5 0.257375 0.449319 0.174531 0.357778
1 0.361559 0.624243 0.037398 0.064903
1 0.222668 0.953521 0.040070 0.052236
1 0.570184 0.932632 0.046305 0.071236
2 0.398113 0.895465 0.048977 0.088653
