0 0.469432 0.687878 0.079298 0.141007
0 0.581473 0.899329 0.091682 0.145940
0 0.672762 0.911984 0.087257 0.131485
0 0.704350 0.351661 0.074797 0.099866
1 0.086107 0.825667 0.040961 0.050730
1 0.243975 0.161384 0.030278 0.039631
1 0.249222 0.196770 0.029387 0.034883
1 0.189500 0.492399 0.033836 0.058658
1 0.318332 0.396124 0.025825 0.045973
1 0.287620 0.241565 0.024910 0.044388
1 0.294508 0.389656 0.023313 0.041326
1 0.312088 0.518964 0.027625 0.041183
1 0.513966 0.500558 0.030278 0.053901
1 0.523593 0.638012 0.028497 0.057064
1 0.760891 0.210470 0.027606 0.036460
1 0.766228 0.231921 0.024934 0.033289
1 0.682321 0.412810 0.028497 0.045906
1 0.730980 0.388964 0.024929 0.039622
1 0.727908 0.889035 0.032950 0.060235
1 0.720770 0.945755 0.033624 0.053188
1 0.773360 0.939853 0.029387 0.058649
1 0.876510 0.820961 0.032945 0.049136
2 0.312542 0.434169 0.028497 0.045973
2 0.765792 0.641833 0.032055 0.052307
3 0.280361 0.566514 0.032069 0.047592
3 0.725721 0.639455 0.030273 0.057064
4 0.723631 0.522148 0.139533 0.304362
5 0.271850 0.501539 0.150485 0.320210
1 0.608188 0.901418 0.032926 0.061812
1 0.630886 0.810671 0.032950 0.066560
1 0.623513 0.924534 0.032945 0.054438
1 0.229284 0.953318 0.032950 0.047576
1 0.124178 0.747894 0.036508 0.049144
