0 0.725462 0.800751 0.086447 0.148951
0 0.243605 0.673033 0.092545 0.115008
0 0.260361 0.774492 0.087300 0.129773
0 0.653711 0.537542 0.087319 0.129950
1 0.093977 0.819904 0.040961 0.050730
1 0.243975 0.172383 0.030278 0.039631
1 0.245846 0.203754 0.029383 0.034874
1 0.185459 0.496896 0.033841 0.058658
1 0.318332 0.396124 0.025825 0.045973
1 0.287620 0.241565 0.024910 0.044388
1 0.291774 0.389652 0.023313 0.041317
1 0.312088 0.518964 0.027625 0.041183
1 0.548296 0.684455 0.030278 0.055520
1 0.682215 0.913695 0.028492 0.057072
1 0.753188 0.201464 0.027601 0.042760
1 0.718598 0.412777 0.023153 0.047567
1 0.732844 0.392945 0.024934 0.039614
1 0.714081 0.904853 0.029387 0.050747
1 0.710328 0.953683 0.033624 0.053188
1 0.773360 0.939853 0.029387 0.058649
1 0.876091 0.819375 0.032945 0.049136
2 0.312542 0.434169 0.028497 0.045973
2 0.765792 0.641833 0.032055 0.052307
3 0.281381 0.564929 0.032064 0.047592
3 0.725721 0.639455 0.030273 0.057064
4 0.722293 0.522148 0.138921 0.304362
5 0.271430 0.501539 0.150485 0.320210
1 0.226176 0.670822 0.032606 0.061527
1 0.668292 0.844572 0.032041 0.058591
1 0.199505 0.705751 0.024929 0.053935
1 0.229284 0.953318 0.032950 0.047576
1 0.128344 0.743775 0.036508 0.049144
