1 0.872699 0.145563 0.027602 0.058569
0 0.414551 0.434222 0.092633 0.121944
0 0.303359 0.853438 0.141906 0.211181
0 0.716332 0.341653 0.088211 0.153611
0 0.693230 0.655069 0.119383 0.178833
1 0.352199 0.431910 0.034727 0.060181
1 0.690430 0.513701 0.033250 0.066486
1 0.528766 0.292160 0.032953 0.060153
1 0.543660 0.150118 0.029383 0.050653
1 0.736445 0.127938 0.023156 0.041125
1 0.815391 0.047521 0.023156 0.045903
1 0.936355 0.799174 0.034727 0.066486
1 0.282750 0.183368 0.027609 0.047486
1 0.584621 0.596549 0.032945 0.066486
1 0.478129 0.381104 0.035617 0.066486
2 0.896730 0.622667 0.032055 0.068083
3 0.255594 0.313965 0.028500 0.049069
3 0.788617 0.311688 0.028516 0.045875
4 0.835734 0.435069 0.175422 0.351444
5 0.257375 0.449319 0.174531 0.357778
1 0.335410 0.866306 0.037398 0.064917
1 0.524066 0.941639 0.040070 0.066500
1 0.571832 0.931090 0.046305 0.071236
2 0.423895 0.913181 0.040945 0.079194
