0 0.490408 0.681317 0.079298 0.141007
0 0.559211 0.905747 0.091682 0.145940
0 0.653923 0.912831 0.087253 0.131485
0 0.704350 0.352152 0.074797 0.099874
1 0.086456 0.825415 0.040961 0.050730
1 0.243975 0.161862 0.030278 0.039631
1 0.249819 0.197060 0.029383 0.034874
1 0.189321 0.492601 0.033836 0.058658
1 0.318332 0.396124 0.025825 0.045973
1 0.287620 0.241565 0.024910 0.044388
1 0.294300 0.389656 0.023313 0.041326
1 0.312088 0.518964 0.027625 0.041183
1 0.513982 0.500453 0.030273 0.053893
1 0.524373 0.638339 0.028492 0.057064
1 0.760983 0.210948 0.027601 0.036460
1 0.766550 0.231829 0.024929 0.033289
1 0.682253 0.415138 0.028492 0.046401
1 0.731251 0.389543 0.024934 0.039622
1 0.727988 0.888385 0.032856 0.059992
1 0.720500 0.945755 0.033629 0.053188
1 0.773360 0.939853 0.029387 0.058649
1 0.877696 0.820961 0.032950 0.049136
2 0.312542 0.434169 0.028497 0.045973
2 0.765792 0.641833 0.032055 0.052307
3 0.278721 0.566510 0.032069 0.047601
3 0.725721 0.639455 0.030273 0.057064
4 0.723645 0.522148 0.139505 0.304362
5 0.271833 0.501539 0.150490 0.320210
1 0.597302 0.899681 0.032926 0.061812
1 0.626565 0.772865 0.032950 0.066552
1 0.611336 0.926518 0.032945 0.053926
1 0.229284 0.953318 0.032950 0.047576
1 0.124361 0.747714 0.036508 0.049136
