0 0.649555 0.703662 0.093577 0.134723
0 0.269394 0.682747 0.092568 0.114253
0 0.279654 0.884367 0.100646 0.167810
0 0.651089 0.560398 0.078407 0.144270
1 0.092667 0.820860 0.040961 0.050730
1 0.243975 0.170554 0.030278 0.039631
1 0.246367 0.201674 0.029387 0.034874
1 0.186131 0.496149 0.033836 0.058658
1 0.318332 0.396124 0.025825 0.045973
1 0.287620 0.241565 0.024910 0.044388
1 0.291774 0.389652 0.023313 0.041317
1 0.312088 0.518964 0.027625 0.041183
1 0.540059 0.737739 0.030278 0.053901
1 0.692542 0.908872 0.028497 0.057072
1 0.749387 0.199308 0.027606 0.042760
1 0.767507 0.230126 0.024797 0.034195
1 0.718598 0.412777 0.023153 0.047567
1 0.732844 0.392945 0.024934 0.039614
1 0.726628 0.894761 0.029882 0.052072
1 0.715601 0.945755 0.033624 0.053188
1 0.773360 0.939853 0.029387 0.058649
1 0.877295 0.819648 0.032950 0.049144
2 0.312542 0.434169 0.028497 0.045973
2 0.765792 0.641833 0.032055 0.052307
3 0.281381 0.564929 0.032064 0.047592
3 0.725721 0.639455 0.030273 0.057064
4 0.723902 0.522148 0.138992 0.304362
5 0.271499 0.501539 0.150490 0.320210
1 0.246525 0.691263 0.032926 0.061820
1 0.761317 0.842206 0.032041 0.058591
1 0.228636 0.734849 0.032945 0.053926
1 0.229284 0.953318 0.032950 0.047576
1 0.127651 0.744463 0.036508 0.049144
