1 0.874172 0.144910 0.027609 0.058569
0 0.498703 0.424799 0.080172 0.112431
0 0.401426 0.520424 0.105477 0.202375
0 0.664789 0.329014 0.084547 0.152028
0 0.716402 0.707333 0.081055 0.180528
1 0.531332 0.426965 0.034727 0.071236
1 0.573520 0.428924 0.033836 0.066486
1 0.527688 0.294076 0.032953 0.060153
1 0.543660 0.150118 0.029383 0.050653
1 0.736445 0.127944 0.023156 0.041139
1 0.816031 0.045250 0.023156 0.045917
1 0.936355 0.799174 0.034727 0.066486
1 0.282750 0.183368 0.027609 0.047486
1 0.584621 0.596549 0.032945 0.066486
1 0.658082 0.368590 0.035617 0.066486
2 0.897367 0.622667 0.032063 0.068083
3 0.255594 0.313965 0.028500 0.049069
3 0.786105 0.308507 0.028508 0.045875
4 0.835734 0.435069 0.175422 0.351444
5 0.257375 0.449319 0.174531 0.357778
1 0.422504 0.477729 0.037398 0.064903
1 0.221309 0.953521 0.040070 0.052236
1 0.569855 0.932931 0.046305 0.071250
2 0.398324 0.895514 0.048977 0.088639
