0 0.628058 0.699237 0.084647 0.148960
0 0.252771 0.684635 0.096107 0.127324
0 0.315090 0.899119 0.091074 0.138725
0 0.597568 0.362370 0.065052 0.106233
1 0.090033 0.822794 0.040961 0.050721
1 0.243975 0.166871 0.030278 0.039631
1 0.258680 0.197823 0.029387 0.034874
1 0.187484 0.494643 0.033836 0.058649
1 0.318332 0.396124 0.025825 0.045973
1 0.287620 0.241565 0.024910 0.044388
1 0.292184 0.389652 0.023313 0.041317
1 0.312088 0.518964 0.027625 0.041183
1 0.515393 0.497685 0.030278 0.053893
1 0.705210 0.898901 0.032059 0.057064
1 0.758089 0.209270 0.027601 0.036460
1 0.770252 0.237685 0.024934 0.045201
1 0.721527 0.409992 0.023148 0.047567
1 0.732844 0.392945 0.024934 0.039614
1 0.728744 0.889316 0.031145 0.055428
1 0.717679 0.945755 0.033624 0.053188
1 0.773360 0.939853 0.029387 0.058649
1 0.881951 0.820478 0.032950 0.049144
2 0.312542 0.434169 0.028497 0.045973
2 0.765792 0.641833 0.032055 0.052307
3 0.280950 0.565189 0.032069 0.047592
3 0.725721 0.639455 0.030273 0.057064
4 0.723794 0.522148 0.139208 0.304362
5 0.271640 0.501539 0.150490 0.320210
1 0.226708 0.693045 0.032926 0.061812
1 0.772288 0.757131 0.032041 0.058591
1 0.219486 0.776456 0.032950 0.053935
1 0.229284 0.953318 0.032950 0.047576
1 0.126256 0.745839 0.036508 0.049144
