1 0.871414 0.146132 0.027609 0.058569
0 0.445711 0.329681 0.086578 0.143972
0 0.502660 0.916215 0.127367 0.167569
0 0.728051 0.161264 0.077508 0.126750
0 0.811539 0.642444 0.089016 0.209000
1 0.351559 0.431910 0.034727 0.060181
1 0.594605 0.538799 0.032070 0.066486
1 0.500027 0.234021 0.032945 0.060153
1 0.543660 0.150118 0.029383 0.050653
1 0.736445 0.127924 0.023156 0.041097
1 0.814832 0.049507 0.023148 0.045903
1 0.936355 0.799174 0.034727 0.066486
1 0.282750 0.183368 0.027609 0.047486
1 0.584621 0.596549 0.032945 0.066486
1 0.507148 0.374521 0.035625 0.066486
2 0.896730 0.622667 0.032055 0.068083
3 0.255594 0.313965 0.028500 0.049069
3 0.790813 0.314479 0.028516 0.045875
4 0.835734 0.435069 0.175422 0.351444
5 0.257375 0.449319 0.174531 0.357778
1 0.639387 0.979000 0.037398 0.042000
1 0.684988 0.976028 0.042758 0.037806
1 0.737340 0.967924 0.046305 0.050431
2 0.584191 0.863340 0.033852 0.068042
