0 0.354531 0.179243 0.072125 0.099736
0 0.329555 0.862833 0.113984 0.215278
0 0.679730 0.154771 0.064117 0.123486
0 0.791180 0.814111 0.087266 0.193139
1 0.530797 0.427333 0.034734 0.071250
1 0.576598 0.426007 0.033836 0.066486
1 0.526863 0.295549 0.032945 0.060153
1 0.543660 0.150118 0.029383 0.050653
1 0.736445 0.127958 0.023156 0.041167
1 0.816516 0.043521 0.023156 0.045903
1 0.936355 0.799174 0.034727 0.066486
1 0.282750 0.183368 0.027609 0.047486
1 0.584621 0.596549 0.032945 0.066486
1 0.674871 0.429132 0.035617 0.066486
2 0.838926 0.796507 0.032055 0.068069
3 0.318652 0.205444 0.028492 0.049083
3 0.701867 0.124528 0.027609 0.045917
4 0.835734 0.435069 0.175422 0.351444
5 0.255277 0.450562 0.174539 0.357764
1 0.428340 0.439174 0.037398 0.064903
1 0.215035 0.953521 0.040070 0.052236
1 0.568348 0.934340 0.046305 0.071236
2 0.399277 0.895715 0.048977 0.088653
