1 0.874566 0.144736 0.027602 0.058583
0 0.488016 0.375896 0.080172 0.112431
0 0.415605 0.477632 0.097102 0.189958
0 0.673797 0.345569 0.069437 0.133000
0 0.692949 0.450701 0.081055 0.180514
1 0.529070 0.431556 0.034734 0.071250
1 0.574598 0.427896 0.033836 0.066486
1 0.527395 0.294590 0.032945 0.060153
1 0.543660 0.150118 0.029383 0.050653
1 0.736445 0.127951 0.023156 0.041153
1 0.816199 0.044646 0.023148 0.045903
1 0.936355 0.799174 0.034727 0.066486
1 0.282750 0.183368 0.027609 0.047486
1 0.584621 0.596549 0.032945 0.066486
1 0.671605 0.417715 0.035617 0.066486
2 0.899223 0.620132 0.032055 0.068069
3 0.255594 0.313965 0.028500 0.049069
3 0.785430 0.307653 0.028516 0.045861
4 0.835734 0.435069 0.175422 0.351444
5 0.257375 0.449319 0.174531 0.357778
1 0.426941 0.448410 0.037398 0.064903
1 0.219105 0.953521 0.040070 0.052236
1 0.569332 0.933424 0.046305 0.071236
2 0.398660 0.895590 0.048977 0.088653
