0 0.662915 0.865352 0.102455 0.185403
0 0.249724 0.676795 0.092295 0.124279
0 0.258252 0.790742 0.096221 0.178918
0 0.589939 0.659182 0.097125 0.137844
1 0.094689 0.819383 0.040961 0.050730
1 0.243975 0.173381 0.030278 0.039631
1 0.245563 0.204887 0.029383 0.034874
1 0.185094 0.497303 0.033836 0.058649
1 0.318332 0.396124 0.025825 0.045973
1 0.287620 0.241565 0.024910 0.044388
1 0.291774 0.389652 0.023313 0.041317
1 0.312088 0.518964 0.027625 0.041183
1 0.538278 0.714773 0.030278 0.055520
1 0.629550 0.954912 0.028497 0.057072
1 0.754093 0.201695 0.027601 0.042768
1 0.718598 0.412777 0.023153 0.047567
1 0.732844 0.392945 0.024934 0.039614
1 0.723820 0.920604 0.029383 0.050755
1 0.710328 0.953683 0.033624 0.053188
1 0.773360 0.939853 0.029387 0.058649
1 0.876612 0.819375 0.032950 0.049136
2 0.312542 0.434169 0.028497 0.045973
2 0.765792 0.641833 0.032055 0.052307
3 0.281381 0.564929 0.032064 0.047592
3 0.725721 0.639455 0.030273 0.057064
4 0.722863 0.522148 0.138921 0.304362
5 0.271393 0.501539 0.150485 0.320210
1 0.225005 0.667815 0.031753 0.060763
1 0.597500 0.857450 0.032041 0.058591
1 0.204896 0.703456 0.024929 0.053926
1 0.229284 0.953318 0.032950 0.047576
1 0.128721 0.743402 0.036508 0.049136
