0 0.470940 0.672886 0.079298 0.141007
0 0.433018 0.905000 0.091682 0.145940
0 0.525474 0.907437 0.087253 0.131485
0 0.697019 0.327961 0.075226 0.105839
1 0.087592 0.824585 0.040961 0.050730
1 0.243975 0.163452 0.030278 0.039622
1 0.251770 0.198008 0.029383 0.034874
1 0.188739 0.493247 0.033841 0.058658
1 0.318332 0.396124 0.025825 0.045973
1 0.287620 0.241565 0.024910 0.044388
1 0.293631 0.389656 0.023313 0.041326
1 0.312088 0.518964 0.027625 0.041183
1 0.514043 0.500117 0.030273 0.053893
1 0.517926 0.663700 0.028492 0.057064
1 0.760853 0.211795 0.027606 0.036460
1 0.767615 0.231510 0.024929 0.033289
1 0.700709 0.449295 0.027139 0.047567
1 0.732137 0.391435 0.024934 0.039614
1 0.728228 0.888679 0.032309 0.058549
1 0.719607 0.945755 0.033624 0.053188
1 0.773360 0.939853 0.029387 0.058649
1 0.881579 0.820961 0.032950 0.049136
2 0.312542 0.434169 0.028497 0.045973
2 0.765792 0.641833 0.032055 0.052307
3 0.279427 0.566091 0.032069 0.047601
3 0.725721 0.639455 0.030273 0.057064
4 0.723692 0.522148 0.139411 0.304362
5 0.271772 0.501539 0.150490 0.320210
1 0.470714 0.878691 0.032926 0.061812
1 0.646546 0.697559 0.032950 0.066560
1 0.470285 0.935696 0.032945 0.053926
1 0.229284 0.953318 0.032950 0.047576
1 0.124962 0.747118 0.036513 0.049136
