1 0.874793 0.144632 0.027602 0.058569
0 0.390496 0.237979 0.072133 0.099736
0 0.371344 0.683604 0.113984 0.215292
0 0.676785 0.241944 0.064117 0.123472
0 0.755148 0.658285 0.087266 0.193125
1 0.529609 0.430236 0.034734 0.071250
1 0.575223 0.427306 0.033836 0.066500
1 0.527230 0.294896 0.032945 0.060153
1 0.543660 0.150118 0.029383 0.050653
1 0.736445 0.127951 0.023156 0.041153
1 0.816301 0.044292 0.023148 0.045917
1 0.936355 0.799174 0.034727 0.066486
1 0.282750 0.183368 0.027609 0.047486
1 0.584621 0.596549 0.032945 0.066486
1 0.674477 0.430326 0.035625 0.066486
2 0.893949 0.604063 0.032055 0.068069
3 0.264496 0.264896 0.028492 0.049069
3 0.731113 0.233229 0.028508 0.045903
4 0.835734 0.435069 0.175422 0.351444
5 0.257008 0.449535 0.174531 0.357764
1 0.428332 0.439604 0.037398 0.064903
1 0.217832 0.953521 0.040070 0.052236
1 0.569020 0.933715 0.046305 0.071236
2 0.398848 0.895625 0.048977 0.088639
