1 0.871914 0.145910 0.027609 0.058569
0 0.494258 0.325917 0.092734 0.136500
0 0.492645 0.916215 0.127367 0.167569
0 0.684383 0.154514 0.065078 0.126750
0 0.797914 0.655417 0.093797 0.185111
1 0.351809 0.431910 0.034727 0.060181
1 0.629566 0.555646 0.032070 0.066486
1 0.529348 0.291132 0.032945 0.060153
1 0.543660 0.150118 0.029383 0.050653
1 0.736445 0.127931 0.023156 0.041111
1 0.815051 0.048729 0.023148 0.045903
1 0.936355 0.799174 0.034727 0.066486
1 0.282750 0.183368 0.027609 0.047486
1 0.584621 0.596549 0.032945 0.066486
1 0.485547 0.414313 0.035625 0.066486
2 0.896730 0.622667 0.032055 0.068083
3 0.255594 0.313965 0.028500 0.049069
3 0.789961 0.313396 0.028516 0.045875
4 0.835734 0.435069 0.175422 0.351444
5 0.257375 0.449319 0.174531 0.357778
1 0.531863 0.931354 0.037398 0.064903
1 0.559473 0.978722 0.042758 0.040972
1 0.602434 0.914743 0.046305 0.071236
2 0.565488 0.908458 0.033852 0.068056
