0 0.639762 0.883813 0.093549 0.160025
0 0.251878 0.678117 0.092210 0.127542
0 0.247580 0.791783 0.077479 0.163683
0 0.604491 0.691145 0.093591 0.145780
1 0.094939 0.819199 0.040961 0.050730
1 0.243975 0.173725 0.030278 0.039631
1 0.245464 0.205281 0.029383 0.034874
1 0.184965 0.497445 0.033841 0.058649
1 0.318332 0.396124 0.025825 0.045973
1 0.287620 0.241565 0.024910 0.044388
1 0.291774 0.389652 0.023313 0.041317
1 0.312088 0.518964 0.027625 0.041183
1 0.539020 0.716888 0.030273 0.055520
1 0.571374 0.948574 0.028497 0.057064
1 0.754411 0.201774 0.027606 0.042760
1 0.718598 0.412777 0.023153 0.047567
1 0.732844 0.392945 0.024934 0.039614
1 0.719769 0.922596 0.029387 0.050747
1 0.710328 0.953683 0.033624 0.053188
1 0.773360 0.939853 0.029387 0.058649
1 0.876795 0.819375 0.032950 0.049136
2 0.312542 0.434169 0.028497 0.045973
2 0.765792 0.641833 0.032055 0.052307
3 0.281381 0.564929 0.032064 0.047592
3 0.725721 0.639455 0.030273 0.057064
4 0.723047 0.522148 0.138921 0.304362
5 0.271381 0.501539 0.150490 0.320210
1 0.224592 0.666758 0.031456 0.060495
1 0.583254 0.879115 0.032041 0.058599
1 0.205455 0.702903 0.024934 0.053926
1 0.229284 0.953318 0.032950 0.047576
1 0.128852 0.743272 0.036508 0.049144
