0 0.611199 0.712857 0.082729 0.146770
0 0.261616 0.690369 0.096107 0.134497
0 0.328120 0.892072 0.099265 0.156326
0 0.577882 0.409035 0.066150 0.111107
1 0.090302 0.822596 0.040961 0.050730
1 0.243975 0.167248 0.030278 0.039631
1 0.254819 0.198133 0.029383 0.034874
1 0.187347 0.494799 0.033836 0.058658
1 0.318332 0.396124 0.025825 0.045973
1 0.287620 0.241565 0.024910 0.044388
1 0.292024 0.389652 0.023313 0.041317
1 0.312088 0.518964 0.027625 0.041183
1 0.515584 0.497353 0.030273 0.053901
1 0.700999 0.906271 0.031951 0.057072
1 0.755165 0.202332 0.027606 0.036460
1 0.773216 0.232907 0.024934 0.043364
1 0.720959 0.410529 0.023153 0.047567
1 0.732844 0.392945 0.024934 0.039614
1 0.728801 0.889388 0.031013 0.055084
1 0.717467 0.945755 0.033624 0.053188
1 0.773360 0.939853 0.029387 0.058649
1 0.881475 0.820394 0.032950 0.049144
2 0.312542 0.434169 0.028497 0.045973
2 0.765792 0.641833 0.032055 0.052307
3 0.281117 0.565088 0.032064 0.047592
3 0.725721 0.639455 0.030273 0.057064
4 0.723805 0.522148 0.139185 0.304362
5 0.271626 0.501539 0.150490 0.320210
1 0.230139 0.700256 0.032926 0.061820
1 0.780459 0.792580 0.032041 0.058599
1 0.209896 0.749681 0.032950 0.053926
1 0.229284 0.953318 0.032950 0.047576
1 0.126397 0.745696 0.036508 0.049144
