0 0.742898 0.762303 0.093582 0.163230
0 0.260806 0.676690 0.092564 0.114253
0 0.237757 0.796305 0.104204 0.156686
0 0.666515 0.510201 0.083303 0.129950
1 0.093478 0.820268 0.040961 0.050721
1 0.243975 0.171686 0.030278 0.039631
1 0.246046 0.202957 0.029387 0.034874
1 0.185716 0.496611 0.033836 0.058658
1 0.318332 0.396124 0.025825 0.045973
1 0.287620 0.241565 0.024910 0.044388
1 0.291774 0.389652 0.023313 0.041317
1 0.312088 0.518964 0.027625 0.041183
1 0.546515 0.687622 0.030278 0.055512
1 0.691336 0.910159 0.028497 0.057064
1 0.752552 0.201305 0.027601 0.042760
1 0.765714 0.226648 0.021211 0.027240
1 0.718598 0.412777 0.023153 0.047567
1 0.732844 0.392945 0.024934 0.039614
1 0.723499 0.900847 0.029496 0.051040
1 0.714965 0.945755 0.033624 0.053188
1 0.773360 0.939853 0.029387 0.058649
1 0.875867 0.819396 0.032950 0.049144
2 0.312542 0.434169 0.028497 0.045973
2 0.765792 0.641833 0.032055 0.052307
3 0.281381 0.564929 0.032064 0.047592
3 0.725721 0.639455 0.030273 0.057064
4 0.723935 0.522148 0.138926 0.304362
5 0.271456 0.501539 0.150490 0.320210
1 0.236261 0.682122 0.032926 0.061812
1 0.751374 0.854958 0.032041 0.058591
1 0.212585 0.732978 0.032945 0.053926
1 0.229284 0.953318 0.032950 0.047576
1 0.128080 0.744035 0.036508 0.049144
