1 0.872551 0.145632 0.027602 0.058569
0 0.434582 0.426667 0.108648 0.159167
0 0.310781 0.860903 0.138906 0.196250
0 0.715145 0.333208 0.088211 0.153611
0 0.768480 0.643972 0.121164 0.196222
1 0.352121 0.431910 0.034727 0.060181
1 0.699379 0.534493 0.032070 0.066486
1 0.528879 0.291965 0.032945 0.060153
1 0.543660 0.150118 0.029383 0.050653
1 0.736445 0.127931 0.023156 0.041111
1 0.815328 0.047750 0.023156 0.045917
1 0.936355 0.799174 0.034727 0.066486
1 0.282750 0.183368 0.027609 0.047486
1 0.584621 0.596549 0.032945 0.066486
1 0.495840 0.378396 0.035617 0.066486
2 0.896730 0.622667 0.032055 0.068083
3 0.255594 0.313965 0.028500 0.049069
3 0.788875 0.312021 0.028516 0.045875
4 0.835734 0.435069 0.175422 0.351444
5 0.257375 0.449319 0.174531 0.357778
1 0.347309 0.883868 0.037398 0.064903
1 0.547223 0.968465 0.040070 0.058736
1 0.572035 0.930896 0.046305 0.071236
2 0.440281 0.915410 0.038109 0.074736
