1 0.873457 0.145229 0.027602 0.058569
0 0.399863 0.432715 0.080180 0.112431
0 0.273199 0.821097 0.123289 0.215694
0 0.581820 0.328361 0.081016 0.167833
0 0.735082 0.692278 0.109523 0.197944
1 0.423145 0.429007 0.034727 0.071236
1 0.585066 0.533222 0.033836 0.066500
1 0.528207 0.293146 0.032945 0.060153
1 0.543660 0.150118 0.029383 0.050653
1 0.736445 0.127938 0.023156 0.041125
1 0.815723 0.046347 0.023148 0.045917
1 0.936355 0.799174 0.034727 0.066486
1 0.282750 0.183368 0.027609 0.047486
1 0.584621 0.596549 0.032945 0.066486
1 0.477316 0.365424 0.035617 0.066486
2 0.896730 0.622667 0.032055 0.068083
3 0.255594 0.313965 0.028500 0.049069
3 0.787320 0.310049 0.028516 0.045875
4 0.835734 0.435069 0.175422 0.351444
5 0.257375 0.449319 0.174531 0.357778
1 0.300816 0.893361 0.037398 0.064917
1 0.225293 0.953521 0.040070 0.052236
1 0.570816 0.932035 0.046305 0.071236
2 0.397715 0.895382 0.048977 0.088653
