1 0.873703 0.145118 0.027609 0.058569
0 0.360684 0.431132 0.080180 0.112431
0 0.281684 0.822104 0.120773 0.205764
0 0.597730 0.343806 0.090820 0.178972
0 0.735641 0.718701 0.104672 0.209208
1 0.385152 0.426368 0.034727 0.071236
1 0.570441 0.439035 0.033836 0.066486
1 0.528031 0.293465 0.032953 0.060153
1 0.543660 0.150118 0.029383 0.050653
1 0.736445 0.127944 0.023156 0.041139
1 0.815828 0.045972 0.023156 0.045917
1 0.936355 0.799174 0.034727 0.066486
1 0.282750 0.183368 0.027609 0.047486
1 0.584621 0.596549 0.032945 0.066486
1 0.564883 0.345368 0.035625 0.066486
2 0.896730 0.622667 0.032055 0.068083
3 0.255594 0.313965 0.028500 0.049069
3 0.786906 0.309521 0.028516 0.045875
4 0.835734 0.435069 0.175422 0.351444
5 0.257375 0.449319 0.174531 0.357778
1 0.303902 0.783736 0.037398 0.064917
1 0.223937 0.953521 0.040078 0.052236
1 0.570488 0.932340 0.046305 0.071236
2 0.397926 0.895424 0.048977 0.088653
