1 0.873398 0.145257 0.027609 0.058569
0 0.401117 0.432083 0.084078 0.120028
0 0.269379 0.819750 0.130930 0.218389
0 0.584273 0.327972 0.081016 0.167833
0 0.729082 0.685167 0.116211 0.194750
1 0.428965 0.434910 0.034727 0.071236
1 0.593676 0.544306 0.033836 0.066500
1 0.528254 0.293069 0.032945 0.060167
1 0.543660 0.150118 0.029383 0.050653
1 0.736445 0.127938 0.023156 0.041125
1 0.815695 0.046444 0.023156 0.045917
1 0.936355 0.799174 0.034727 0.066486
1 0.282750 0.183368 0.027609 0.047486
1 0.584621 0.596549 0.032945 0.066486
1 0.466336 0.389167 0.035625 0.066500
2 0.896730 0.622667 0.032055 0.068083
3 0.255594 0.313965 0.028500 0.049069
3 0.787422 0.310181 0.028516 0.045861
4 0.835734 0.435069 0.175422 0.351444
5 0.257375 0.449319 0.174531 0.357778
1 0.304121 0.893361 0.037398 0.064917
1 0.225637 0.953521 0.040070 0.052236
1 0.570895 0.931965 0.046305 0.071236
2 0.397668 0.895368 0.048977 0.088653
