0 0.618278 0.715751 0.081993 0.134723
0 0.255697 0.675751 0.092564 0.114253
0 0.250888 0.791237 0.077507 0.166183
0 0.634277 0.602290 0.086404 0.130017
1 0.092012 0.821338 0.040961 0.050730
1 0.243975 0.169639 0.030278 0.039631
1 0.246626 0.200629 0.029387 0.034883
1 0.186468 0.495776 0.033841 0.058649
1 0.318332 0.396124 0.025825 0.045973
1 0.287620 0.241565 0.024910 0.044388
1 0.291774 0.389652 0.023313 0.041317
1 0.312088 0.518964 0.027625 0.041183
1 0.548680 0.765755 0.030273 0.053893
1 0.693520 0.907827 0.028492 0.057064
1 0.744729 0.195990 0.027601 0.042768
1 0.769463 0.232739 0.027615 0.039656
1 0.718598 0.412777 0.023153 0.047567
1 0.732844 0.392945 0.024934 0.039614
1 0.729161 0.889836 0.030198 0.052911
1 0.716115 0.945755 0.033624 0.053188
1 0.773360 0.939853 0.029387 0.058649
1 0.878452 0.819853 0.032945 0.049136
2 0.312542 0.434169 0.028497 0.045973
2 0.765792 0.641833 0.032055 0.052307
3 0.281381 0.564929 0.032064 0.047592
3 0.725721 0.639455 0.030273 0.057064
4 0.723874 0.522148 0.139048 0.304362
5 0.271536 0.501539 0.150490 0.320210
1 0.233424 0.675134 0.032926 0.061812
1 0.769371 0.831888 0.032041 0.058591
1 0.213499 0.699685 0.032945 0.053935
1 0.229284 0.953318 0.032950 0.047576
1 0.127304 0.744803 0.036513 0.049136
