0 0.355176 0.179056 0.072133 0.099722
0 0.332445 0.849424 0.113984 0.215292
0 0.680051 0.158389 0.064117 0.123472
0 0.792727 0.809306 0.087266 0.193139
1 0.530332 0.428479 0.034727 0.071236
1 0.576055 0.426521 0.033844 0.066486
1 0.527008 0.295285 0.032953 0.060153
1 0.543660 0.150118 0.029383 0.050653
1 0.736445 0.127951 0.023156 0.041153
1 0.816430 0.043826 0.023156 0.045903
1 0.936355 0.799174 0.034727 0.066486
1 0.282750 0.183368 0.027609 0.047486
1 0.584621 0.596549 0.032945 0.066486
1 0.674715 0.429604 0.035617 0.066486
2 0.841125 0.794292 0.032063 0.068083
3 0.317410 0.206285 0.028492 0.049069
3 0.704672 0.128896 0.027609 0.045903
4 0.835734 0.435069 0.175422 0.351444
5 0.255961 0.450160 0.174531 0.357764
1 0.428340 0.439340 0.037398 0.064903
1 0.216137 0.953521 0.040070 0.052236
1 0.568613 0.934090 0.046305 0.071236
2 0.399105 0.895674 0.048977 0.088653
