1 0.225186 0.685277 0.027601 0.049161
0 0.566150 0.900772 0.097559 0.149396
0 0.235566 0.770059 0.104948 0.143070
0 0.281225 0.870071 0.099793 0.151955
0 0.647842 0.843859 0.098907 0.171074
1 0.097938 0.816997 0.040966 0.050721
1 0.243975 0.178943 0.030278 0.039631
1 0.243982 0.211221 0.029387 0.034874
1 0.184218 0.496900 0.033836 0.058649
1 0.318332 0.396124 0.025825 0.045973
1 0.287620 0.241565 0.024910 0.044388
1 0.291774 0.389652 0.023313 0.041317
1 0.312088 0.518964 0.027625 0.041183
1 0.538685 0.710835 0.030273 0.055512
1 0.239965 0.879484 0.033850 0.057072
1 0.756828 0.200881 0.027606 0.042768
1 0.718598 0.412777 0.023153 0.047567
1 0.732844 0.392945 0.024934 0.039614
1 0.723395 0.914350 0.029383 0.050747
1 0.710328 0.953683 0.033624 0.053188
1 0.773360 0.939853 0.029387 0.058649
1 0.879531 0.819375 0.032945 0.049136
2 0.312542 0.434169 0.028497 0.045973
2 0.765792 0.641833 0.032055 0.052307
3 0.281381 0.564929 0.032064 0.047592
3 0.725721 0.639455 0.030273 0.057064
4 0.723047 0.522148 0.138921 0.304362
5 0.271180 0.501539 0.150485 0.320210
1 0.238770 0.643905 0.024939 0.045982
1 0.499025 0.945180 0.033836 0.058599
1 0.229284 0.953318 0.032950 0.047576
1 0.130441 0.741703 0.036508 0.049144
