0 0.285806 0.704765 0.082300 0.137517
0 0.260905 0.870688 0.096136 0.155369
0 0.411298 0.904329 0.089929 0.126527
0 0.704350 0.347907 0.074797 0.099874
1 0.083454 0.827613 0.040961 0.050730
1 0.243975 0.157668 0.030278 0.039631
1 0.244656 0.194551 0.029387 0.034874
1 0.187957 0.480474 0.033841 0.058649
1 0.318332 0.396124 0.025825 0.045973
1 0.287620 0.241565 0.024910 0.044388
1 0.283730 0.391221 0.023134 0.042794
1 0.265702 0.494606 0.027625 0.041191
1 0.513824 0.501346 0.030278 0.053901
1 0.516442 0.639169 0.028492 0.057064
1 0.760179 0.206804 0.027606 0.036460
1 0.763735 0.232659 0.024934 0.033289
1 0.682849 0.394971 0.028497 0.042139
1 0.728904 0.384526 0.024934 0.039622
1 0.727224 0.901191 0.032950 0.060235
1 0.715012 0.949463 0.032059 0.057064
1 0.773360 0.939853 0.029387 0.058649
1 0.873572 0.825990 0.032950 0.049144
2 0.311977 0.429123 0.028497 0.045965
2 0.765792 0.641833 0.032055 0.052307
3 0.280931 0.557961 0.034727 0.055487
3 0.725721 0.639455 0.030273 0.057064
4 0.723523 0.522148 0.139750 0.304362
5 0.271991 0.501539 0.150485 0.320210
1 0.277868 0.901456 0.033926 0.061820
1 0.315926 0.901808 0.030278 0.052307
1 0.292330 0.948410 0.032945 0.044069
1 0.228890 0.953230 0.032653 0.047919
1 0.122773 0.749287 0.036508 0.049144
