0 0.354781 0.179174 0.072125 0.099736
0 0.329586 0.863007 0.113984 0.215292
0 0.679852 0.156160 0.064109 0.123486
0 0.791773 0.812264 0.087266 0.193139
1 0.530617 0.427771 0.034734 0.071236
1 0.576387 0.426201 0.033836 0.066486
1 0.526918 0.295444 0.032945 0.060167
1 0.543660 0.150118 0.029383 0.050653
1 0.736445 0.127951 0.023156 0.041153
1 0.816484 0.043639 0.023156 0.045917
1 0.936355 0.799174 0.034727 0.066486
1 0.282750 0.183368 0.027609 0.047486
1 0.584621 0.596549 0.032945 0.066486
1 0.674813 0.429313 0.035625 0.066486
2 0.839773 0.795660 0.032062 0.068069
3 0.318176 0.205771 0.028492 0.049069
3 0.702945 0.126208 0.027609 0.045917
4 0.835734 0.435069 0.175422 0.351444
5 0.255539 0.450403 0.174531 0.357778
1 0.428340 0.439236 0.037398 0.064917
1 0.215457 0.953521 0.040070 0.052236
1 0.568449 0.934243 0.046305 0.071236
2 0.399207 0.895701 0.048977 0.088653
