0 0.601256 0.712387 0.077978 0.134723
0 0.252509 0.673725 0.092568 0.114262
0 0.248438 0.788511 0.077507 0.166183
0 0.631185 0.608712 0.086404 0.130025
1 0.091800 0.821497 0.040961 0.050730
1 0.243975 0.169346 0.030278 0.039631
1 0.246711 0.200289 0.029387 0.034874
1 0.186576 0.495654 0.033841 0.058658
1 0.318332 0.396124 0.025825 0.045973
1 0.287620 0.241565 0.024910 0.044388
1 0.291774 0.389652 0.023313 0.041317
1 0.312088 0.518964 0.027625 0.041183
1 0.543888 0.750419 0.030273 0.053893
1 0.693836 0.907492 0.028492 0.057064
1 0.743223 0.194916 0.027606 0.042768
1 0.775490 0.231401 0.027615 0.039664
1 0.718598 0.412777 0.023153 0.047567
1 0.732844 0.392945 0.024934 0.039614
1 0.729116 0.889778 0.030297 0.053180
1 0.716284 0.945755 0.033624 0.053188
1 0.773360 0.939853 0.029387 0.058649
1 0.878824 0.819920 0.032945 0.049136
2 0.312542 0.434169 0.028497 0.045973
2 0.765792 0.641833 0.032055 0.052307
3 0.281381 0.564929 0.032064 0.047592
3 0.725721 0.639455 0.030273 0.057064
4 0.723867 0.522148 0.139062 0.304362
5 0.271546 0.501539 0.150490 0.320210
1 0.230431 0.675134 0.032926 0.061812
1 0.771977 0.828549 0.032041 0.058591
1 0.211473 0.699685 0.032945 0.053935
1 0.229284 0.953318 0.032950 0.047576
1 0.127194 0.744916 0.036508 0.049144
