0 0.608329 0.709564 0.076989 0.140185
0 0.269201 0.695285 0.096103 0.140654
0 0.328120 0.891334 0.095156 0.154849
0 0.568433 0.457320 0.069430 0.125730
1 0.090533 0.822429 0.040961 0.050730
1 0.243975 0.167567 0.030278 0.039631
1 0.251508 0.198402 0.029387 0.034874
1 0.187229 0.494929 0.033836 0.058649
1 0.318332 0.396124 0.025825 0.045973
1 0.287620 0.241565 0.024910 0.044388
1 0.291887 0.389652 0.023313 0.041317
1 0.312088 0.518964 0.027625 0.041183
1 0.514896 0.509740 0.030273 0.053893
1 0.695019 0.909148 0.030066 0.057072
1 0.752660 0.196384 0.027601 0.036460
1 0.775761 0.228809 0.024934 0.041779
1 0.720471 0.410998 0.023148 0.047567
1 0.732844 0.392945 0.024934 0.039614
1 0.728850 0.889446 0.030905 0.054799
1 0.717283 0.945755 0.033624 0.053188
1 0.773360 0.939853 0.029387 0.058649
1 0.881067 0.820319 0.032945 0.049144
2 0.312542 0.434169 0.028497 0.045973
2 0.765792 0.641833 0.032055 0.052307
3 0.281261 0.565004 0.032069 0.047592
3 0.725721 0.639455 0.030273 0.057064
4 0.723815 0.522148 0.139166 0.304362
5 0.271614 0.501539 0.150485 0.320210
1 0.233075 0.706439 0.032926 0.061820
1 0.776350 0.807215 0.032041 0.058591
1 0.207842 0.747487 0.032950 0.053935
1 0.229284 0.953318 0.032950 0.047576
1 0.126520 0.745579 0.036508 0.049144
