0 0.648242 0.682164 0.077116 0.140000
0 0.269416 0.700914 0.100509 0.161107
0 0.296049 0.892890 0.087253 0.131485
0 0.635085 0.335197 0.074958 0.106233
1 0.089727 0.823016 0.040961 0.050730
1 0.243975 0.166435 0.030278 0.039631
1 0.263096 0.197471 0.029387 0.034874
1 0.187644 0.494467 0.033836 0.058649
1 0.318332 0.396124 0.025825 0.045973
1 0.287620 0.241565 0.024910 0.044388
1 0.292368 0.389652 0.023313 0.041317
1 0.312088 0.518964 0.027625 0.041183
1 0.515172 0.498058 0.030278 0.053901
1 0.696649 0.797043 0.028492 0.057072
1 0.758603 0.210008 0.027601 0.036460
1 0.769741 0.236741 0.024929 0.043045
1 0.722180 0.409371 0.023153 0.047567
1 0.732844 0.392945 0.024934 0.039614
1 0.728678 0.889237 0.031287 0.055822
1 0.717919 0.945755 0.033624 0.053188
1 0.773360 0.939853 0.029387 0.058649
1 0.882495 0.820575 0.032945 0.049136
2 0.312542 0.434169 0.028497 0.045973
2 0.765792 0.641833 0.032055 0.052307
3 0.280759 0.565302 0.032064 0.047601
3 0.725721 0.639455 0.030273 0.057064
4 0.723779 0.522148 0.139237 0.304362
5 0.271659 0.501539 0.150490 0.320210
1 0.245846 0.722315 0.032926 0.061812
1 0.743949 0.703490 0.029538 0.063087
1 0.234364 0.830516 0.032950 0.053935
1 0.229284 0.953318 0.032950 0.047576
1 0.126093 0.745998 0.036513 0.049144
