0 0.355027 0.179104 0.072133 0.099736
0 0.329617 0.863174 0.113984 0.215292
0 0.679977 0.157556 0.064109 0.123472
0 0.792367 0.810417 0.087266 0.193139
1 0.530438 0.428215 0.034734 0.071236
1 0.576180 0.426396 0.033844 0.066486
1 0.526973 0.295347 0.032945 0.060167
1 0.543660 0.150118 0.029383 0.050653
1 0.736445 0.127951 0.023156 0.041153
1 0.816449 0.043757 0.023148 0.045903
1 0.936355 0.799174 0.034727 0.066486
1 0.282750 0.183368 0.027609 0.047486
1 0.584621 0.596549 0.032945 0.066486
1 0.674754 0.429493 0.035617 0.066486
2 0.840617 0.794799 0.032062 0.068069
3 0.317699 0.206090 0.028492 0.049069
3 0.704027 0.127889 0.027602 0.045917
4 0.835734 0.435069 0.175422 0.351444
5 0.255801 0.450250 0.174539 0.357778
1 0.428340 0.439299 0.037398 0.064903
1 0.215879 0.953521 0.040070 0.052236
1 0.568555 0.934146 0.046297 0.071236
2 0.399145 0.895687 0.048977 0.088653
