1 0.873125 0.145375 0.027609 0.058583
0 0.398539 0.427535 0.102391 0.144931
0 0.298758 0.844306 0.144297 0.223111
0 0.670016 0.340667 0.092625 0.167833
0 0.693676 0.679611 0.119383 0.178833
1 0.375652 0.407111 0.034727 0.060167
1 0.646152 0.568368 0.033836 0.066486
1 0.528457 0.292715 0.032945 0.060153
1 0.543660 0.150118 0.029383 0.050653
1 0.736445 0.127938 0.023156 0.041125
1 0.815578 0.046861 0.023156 0.045917
1 0.936355 0.799174 0.034727 0.066486
1 0.282750 0.183368 0.027609 0.047486
1 0.584621 0.596549 0.032945 0.066486
1 0.476504 0.382021 0.035617 0.066486
2 0.896730 0.622667 0.032055 0.068083
3 0.255594 0.313965 0.028500 0.049069
3 0.787891 0.310771 0.028516 0.045875
4 0.835734 0.435069 0.175422 0.351444
5 0.257375 0.449319 0.174531 0.357778
1 0.333953 0.866979 0.037406 0.064903
1 0.317480 0.936896 0.040070 0.066514
1 0.571262 0.931618 0.046305 0.071236
2 0.402293 0.884229 0.048977 0.088653
