0 0.472514 0.672466 0.079298 0.141007
0 0.420290 0.904857 0.091682 0.145940
0 0.513141 0.907294 0.087253 0.131485
0 0.695646 0.323205 0.075306 0.106963
1 0.087648 0.824543 0.040961 0.050730
1 0.243975 0.163532 0.030278 0.039631
1 0.251871 0.198058 0.029387 0.034874
1 0.188709 0.493280 0.033836 0.058658
1 0.318332 0.396124 0.025825 0.045973
1 0.287620 0.241565 0.024910 0.044388
1 0.293596 0.389656 0.023318 0.041326
1 0.312088 0.518964 0.027625 0.041183
1 0.514046 0.500101 0.030278 0.053893
1 0.517533 0.664677 0.028497 0.057072
1 0.760792 0.211745 0.027606 0.036460
1 0.767670 0.231493 0.024934 0.033289
1 0.705118 0.451409 0.026880 0.047567
1 0.732184 0.391531 0.024934 0.039622
1 0.728240 0.888691 0.032286 0.058473
1 0.719559 0.945755 0.033624 0.053188
1 0.773360 0.939853 0.029387 0.058649
1 0.881774 0.820961 0.032945 0.049136
2 0.312542 0.434169 0.028497 0.045973
2 0.765792 0.641833 0.032055 0.052307
3 0.279463 0.566070 0.032064 0.047592
3 0.725721 0.639455 0.030273 0.057064
4 0.723695 0.522148 0.139406 0.304362
5 0.271767 0.501539 0.150490 0.320210
1 0.458377 0.879111 0.032926 0.061812
1 0.647644 0.694484 0.032950 0.066552
1 0.457872 0.936258 0.032945 0.053926
1 0.229284 0.953318 0.032950 0.047576
1 0.124993 0.747089 0.036508 0.049144
