0 0.638336 0.895516 0.089114 0.146384
0 0.260811 0.683603 0.091847 0.141082
0 0.314597 0.864924 0.098129 0.181711
0 0.671400 0.788230 0.098907 0.171074
1 0.095975 0.818435 0.040961 0.050730
1 0.243975 0.175176 0.030278 0.039631
1 0.245052 0.206934 0.029387 0.034874
1 0.184432 0.498041 0.033841 0.058649
1 0.318332 0.396124 0.025825 0.045973
1 0.287620 0.241565 0.024910 0.044388
1 0.291774 0.389652 0.023313 0.041317
1 0.312088 0.518964 0.027625 0.041183
1 0.537427 0.718372 0.030273 0.055520
1 0.432276 0.941799 0.033845 0.057072
1 0.755730 0.202110 0.027606 0.042760
1 0.718598 0.412777 0.023153 0.047567
1 0.732844 0.392945 0.024934 0.039614
1 0.720778 0.920302 0.029387 0.050755
1 0.710328 0.953683 0.033624 0.053188
1 0.773360 0.939853 0.029387 0.058649
1 0.877557 0.819375 0.032945 0.049136
2 0.312542 0.434169 0.028497 0.045973
2 0.765792 0.641833 0.032055 0.052307
3 0.281381 0.564929 0.032064 0.047592
3 0.725721 0.639455 0.030273 0.057064
4 0.723047 0.522148 0.138921 0.304362
5 0.271324 0.501539 0.150490 0.320210
1 0.222627 0.662710 0.030212 0.059379
1 0.500999 0.943054 0.033836 0.058591
1 0.208016 0.701376 0.024929 0.053926
1 0.229284 0.953318 0.032950 0.047576
1 0.129404 0.742727 0.036508 0.049144
