0 0.282689 0.705877 0.083549 0.137206
0 0.260014 0.868876 0.096136 0.155369
0 0.403643 0.906871 0.089925 0.121443
0 0.704350 0.347852 0.074797 0.099866
1 0.083417 0.827643 0.040961 0.050721
1 0.243975 0.157617 0.030278 0.039631
1 0.244590 0.194518 0.029387 0.034874
1 0.187795 0.479803 0.033836 0.058649
1 0.318332 0.396124 0.025825 0.045973
1 0.287620 0.241565 0.024910 0.044388
1 0.282597 0.391506 0.023139 0.042794
1 0.264083 0.497345 0.027620 0.041183
1 0.513822 0.501355 0.030273 0.053901
1 0.516338 0.639186 0.028492 0.057064
1 0.760170 0.206745 0.027606 0.036460
1 0.763697 0.232676 0.024934 0.033289
1 0.682856 0.394711 0.028492 0.042089
1 0.728876 0.384463 0.024934 0.039614
1 0.727215 0.901367 0.032950 0.060235
1 0.714908 0.949501 0.032059 0.057072
1 0.773360 0.939853 0.029387 0.058649
1 0.873650 0.826158 0.032945 0.049144
2 0.312217 0.429698 0.028497 0.045973
2 0.765792 0.641833 0.032055 0.052307
3 0.280931 0.559258 0.034727 0.055478
3 0.725721 0.639455 0.030273 0.057064
4 0.723520 0.522148 0.139755 0.304362
5 0.271993 0.501539 0.150490 0.320210
1 0.278855 0.902336 0.034128 0.061820
1 0.314856 0.903393 0.030278 0.052307
1 0.292151 0.948846 0.032945 0.043364
1 0.228492 0.953142 0.032356 0.048280
1 0.122752 0.749304 0.036513 0.049144
