1 0.874625 0.144708 0.027609 0.058583
0 0.468875 0.348021 0.080172 0.112431
0 0.411105 0.504722 0.102727 0.198389
0 0.674422 0.334833 0.069437 0.133000
0 0.701934 0.478590 0.084164 0.186819
1 0.529215 0.431201 0.034727 0.071236
1 0.574766 0.427743 0.033844 0.066486
1 0.527352 0.294674 0.032953 0.060153
1 0.543660 0.150118 0.029383 0.050653
1 0.736445 0.127951 0.023156 0.041153
1 0.816227 0.044549 0.023156 0.045903
1 0.936355 0.799174 0.034727 0.066486
1 0.282750 0.183368 0.027609 0.047486
1 0.584621 0.596549 0.032945 0.066486
1 0.672551 0.421951 0.035617 0.066486
2 0.897801 0.616757 0.032055 0.068069
3 0.255949 0.311438 0.028492 0.049069
3 0.773859 0.290243 0.028516 0.045875
4 0.835734 0.435069 0.175422 0.351444
5 0.257375 0.449319 0.174531 0.357778
1 0.427406 0.445479 0.037406 0.064903
1 0.218762 0.953521 0.040070 0.052236
1 0.569246 0.933500 0.046305 0.071250
2 0.398707 0.895590 0.048977 0.088653
