0 0.557081 0.673993 0.079298 0.141007
0 0.300419 0.884232 0.088124 0.154539
0 0.387092 0.906372 0.087257 0.131485
0 0.690999 0.316854 0.075702 0.096728
1 0.088897 0.823624 0.040961 0.050721
1 0.243975 0.165285 0.030278 0.039631
1 0.258827 0.198108 0.029387 0.034874
1 0.188068 0.493993 0.033836 0.058658
1 0.318332 0.396124 0.025825 0.045973
1 0.287620 0.241565 0.024910 0.044388
1 0.292858 0.389652 0.023313 0.041317
1 0.312088 0.518964 0.027625 0.041183
1 0.514583 0.499069 0.030278 0.053893
1 0.591642 0.679312 0.028497 0.057064
1 0.759475 0.210705 0.027601 0.036460
1 0.768883 0.233062 0.024929 0.036493
1 0.718058 0.407710 0.023148 0.047567
1 0.732844 0.392945 0.024934 0.039614
1 0.728504 0.889018 0.031682 0.056879
1 0.718574 0.945755 0.033624 0.053188
1 0.773360 0.939853 0.029387 0.058649
1 0.883956 0.820835 0.032945 0.049136
2 0.312542 0.434169 0.028497 0.045973
2 0.765792 0.641833 0.032055 0.052307
3 0.280243 0.565608 0.032069 0.047592
3 0.725721 0.639455 0.030273 0.057064
4 0.723746 0.522148 0.139303 0.304362
5 0.271701 0.501539 0.150490 0.320210
1 0.332587 0.890495 0.032931 0.061812
1 0.622361 0.670491 0.031678 0.066099
1 0.332323 0.946527 0.032950 0.053926
1 0.229284 0.953318 0.032950 0.047576
1 0.125655 0.746435 0.036513 0.049144
