0 0.421744 0.655843 0.093827 0.155294
0 0.315688 0.903104 0.091687 0.145940
0 0.576930 0.883201 0.090844 0.163213
0 0.704350 0.349539 0.074797 0.099866
1 0.084609 0.826770 0.040961 0.050721
1 0.243975 0.159283 0.030278 0.039622
1 0.246640 0.195516 0.029387 0.034874
1 0.190271 0.491544 0.033841 0.058658
1 0.318332 0.396124 0.025825 0.045973
1 0.287620 0.241565 0.024910 0.044388
1 0.293405 0.387404 0.023134 0.042794
1 0.309482 0.492672 0.027625 0.041183
1 0.513885 0.501003 0.030278 0.053901
1 0.519550 0.638666 0.028497 0.057064
1 0.760488 0.208398 0.027601 0.036460
1 0.764819 0.232341 0.024934 0.033289
1 0.682618 0.402727 0.028497 0.043775
1 0.729807 0.386456 0.024929 0.039622
1 0.727521 0.895906 0.032950 0.060235
1 0.718115 0.948234 0.032055 0.057072
1 0.773360 0.939853 0.029387 0.058649
1 0.871378 0.820961 0.032945 0.049136
2 0.312542 0.434169 0.028497 0.045973
2 0.765792 0.641833 0.032055 0.052307
3 0.278930 0.563742 0.032064 0.047601
3 0.725721 0.639455 0.030273 0.057064
4 0.723570 0.522148 0.139656 0.304362
5 0.271927 0.501539 0.150490 0.320210
1 0.344164 0.923482 0.032926 0.061812
1 0.377696 0.906841 0.032950 0.066552
1 0.367010 0.955168 0.032945 0.055503
1 0.229284 0.953318 0.032950 0.047576
1 0.123384 0.748679 0.036513 0.049136
