1 0.873535 0.145194 0.027602 0.058583
0 0.380273 0.431132 0.080172 0.112431
0 0.277852 0.829722 0.121125 0.198444
0 0.578766 0.328861 0.081016 0.167833
0 0.734168 0.707910 0.098008 0.190431
1 0.399402 0.426368 0.034727 0.071236
1 0.573488 0.496812 0.033836 0.066486
1 0.528152 0.293250 0.032945 0.060167
1 0.543660 0.150118 0.029383 0.050653
1 0.736445 0.127938 0.023156 0.041125
1 0.815754 0.046229 0.023148 0.045903
1 0.936355 0.799174 0.034727 0.066486
1 0.282750 0.183368 0.027609 0.047486
1 0.584621 0.596549 0.032945 0.066486
1 0.501363 0.357507 0.035617 0.066486
2 0.896730 0.622667 0.032055 0.068083
3 0.255594 0.313965 0.028500 0.049069
3 0.787191 0.309882 0.028508 0.045875
4 0.835734 0.435069 0.175422 0.351444
5 0.257375 0.449319 0.174531 0.357778
1 0.306348 0.875951 0.037398 0.064903
1 0.224871 0.953521 0.040070 0.052236
1 0.570715 0.932132 0.046305 0.071236
2 0.397785 0.895396 0.048977 0.088653
