0 0.466449 0.675990 0.079298 0.141007
0 0.509041 0.905747 0.091682 0.145940
0 0.600007 0.908830 0.087253 0.131485
0 0.704350 0.353159 0.074797 0.099874
1 0.087168 0.824895 0.040961 0.050730
1 0.243975 0.162861 0.030278 0.039631
1 0.251041 0.197655 0.029387 0.034874
1 0.188956 0.493008 0.033841 0.058649
1 0.318332 0.396124 0.025825 0.045973
1 0.287620 0.241565 0.024910 0.044388
1 0.293881 0.389656 0.023313 0.041326
1 0.312088 0.518964 0.027625 0.041183
1 0.514020 0.500243 0.030273 0.053893
1 0.520629 0.655667 0.028497 0.057072
1 0.761173 0.211938 0.027606 0.036460
1 0.767217 0.231628 0.024934 0.033289
1 0.682111 0.419924 0.028492 0.047399
1 0.731807 0.390726 0.024934 0.039622
1 0.728139 0.888570 0.032516 0.059086
1 0.719936 0.945755 0.033624 0.053188
1 0.773360 0.939853 0.029387 0.058649
1 0.880130 0.820961 0.032945 0.049136
2 0.312542 0.434169 0.028497 0.045973
2 0.765792 0.641833 0.032055 0.052307
3 0.279166 0.566246 0.032064 0.047592
3 0.725721 0.639455 0.030273 0.057064
4 0.723676 0.522148 0.139444 0.304362
5 0.271793 0.501539 0.150485 0.320210
1 0.546746 0.881997 0.032926 0.061812
1 0.637785 0.722294 0.032950 0.066552
1 0.546939 0.931850 0.032945 0.053935
1 0.229284 0.953318 0.032950 0.047576
1 0.124738 0.747341 0.036508 0.049144
