1 0.874445 0.144785 0.027609 0.058569
0 0.495141 0.389972 0.080172 0.112417
0 0.410062 0.488889 0.097094 0.189944
0 0.670562 0.355931 0.069437 0.133000
0 0.690574 0.474618 0.081055 0.180514
1 0.529090 0.431854 0.034727 0.071236
1 0.574270 0.428215 0.033836 0.066486
1 0.527488 0.294438 0.032945 0.060153
1 0.543660 0.150118 0.029383 0.050653
1 0.736445 0.127951 0.023156 0.041153
1 0.816148 0.044826 0.023156 0.045903
1 0.936355 0.799174 0.034727 0.066486
1 0.282750 0.183368 0.027609 0.047486
1 0.584621 0.596549 0.032945 0.066486
1 0.669715 0.409229 0.035617 0.066486
2 0.899656 0.622667 0.032062 0.068083
3 0.255594 0.313965 0.028500 0.049069
3 0.785641 0.307917 0.028516 0.045861
4 0.835734 0.435069 0.175422 0.351444
5 0.257375 0.449319 0.174531 0.357778
1 0.426020 0.454250 0.037398 0.064917
1 0.219785 0.953521 0.040070 0.052236
1 0.569488 0.933271 0.046305 0.071236
2 0.398551 0.895563 0.048977 0.088653
