0 0.329328 0.707018 0.081051 0.137827
0 0.229218 0.819522 0.096136 0.155369
0 0.485726 0.885940 0.072158 0.156946
0 0.704350 0.348477 0.074797 0.099874
1 0.083860 0.827320 0.040961 0.050730
1 0.243975 0.158230 0.030278 0.039631
1 0.245351 0.194887 0.029383 0.034874
1 0.189656 0.487538 0.033836 0.058649
1 0.318332 0.396124 0.025825 0.045973
1 0.287620 0.241565 0.024910 0.044388
1 0.293275 0.390545 0.023139 0.042802
1 0.282851 0.479333 0.027625 0.041183
1 0.513845 0.501225 0.030273 0.053893
1 0.517528 0.638993 0.028497 0.057064
1 0.760287 0.207357 0.027606 0.036460
1 0.764114 0.232550 0.024929 0.033289
1 0.682769 0.397685 0.028497 0.042718
1 0.729220 0.385201 0.024934 0.039614
1 0.727328 0.899341 0.032950 0.060243
1 0.716098 0.949031 0.032055 0.057072
1 0.773360 0.939853 0.029387 0.058649
1 0.872769 0.824199 0.032945 0.049136
2 0.312542 0.434169 0.028497 0.045973
2 0.765792 0.641833 0.032055 0.052307
3 0.284307 0.557353 0.034505 0.054824
3 0.725721 0.639455 0.030273 0.057064
4 0.723539 0.522148 0.139717 0.304362
5 0.271970 0.501539 0.150490 0.320210
1 0.263353 0.882987 0.032926 0.061812
1 0.313433 0.898247 0.030278 0.059430
1 0.294199 0.943826 0.032950 0.051577
1 0.229284 0.953318 0.032950 0.047576
1 0.122985 0.749073 0.036508 0.049136
