0 0.481199 0.670419 0.079298 0.141007
0 0.354583 0.904161 0.091682 0.145940
0 0.449359 0.906539 0.087257 0.131485
0 0.688959 0.300247 0.075702 0.112005
1 0.087955 0.824316 0.040961 0.050730
1 0.243975 0.163960 0.030278 0.039631
1 0.252399 0.198310 0.029387 0.034874
1 0.188553 0.493456 0.033836 0.058658
1 0.318332 0.396124 0.025825 0.045973
1 0.287620 0.241565 0.024910 0.044388
1 0.293414 0.389656 0.023313 0.041326
1 0.312088 0.518964 0.027625 0.041183
1 0.514062 0.500008 0.030273 0.053893
1 0.517288 0.669627 0.028497 0.057072
1 0.760467 0.211493 0.027606 0.036460
1 0.767957 0.231409 0.024934 0.033289
1 0.721350 0.442282 0.025528 0.047567
1 0.732425 0.392043 0.024934 0.039622
1 0.728303 0.888775 0.032139 0.058087
1 0.719314 0.945755 0.033624 0.053188
1 0.773360 0.939853 0.029387 0.058649
1 0.882828 0.820961 0.032950 0.049136
2 0.312542 0.434169 0.028497 0.045973
2 0.765792 0.641833 0.032055 0.052307
3 0.279656 0.565952 0.032064 0.047592
3 0.725721 0.639455 0.030273 0.057064
4 0.723709 0.522148 0.139378 0.304362
5 0.271753 0.501539 0.150490 0.320210
1 0.394771 0.881829 0.032926 0.061812
1 0.652309 0.678188 0.032950 0.066560
1 0.393911 0.939190 0.032950 0.053935
1 0.229284 0.953318 0.032950 0.047576
1 0.125156 0.746930 0.036513 0.049144
