1 0.871988 0.145882 0.027602 0.058569
0 0.485656 0.338167 0.098062 0.147278
0 0.456355 0.915424 0.127367 0.169153
0 0.682312 0.156236 0.065078 0.126750
0 0.794633 0.650417 0.098953 0.185111
1 0.351848 0.431910 0.034727 0.060181
1 0.640250 0.553799 0.032078 0.066486
1 0.529289 0.291229 0.032953 0.060153
1 0.543660 0.150118 0.029383 0.050653
1 0.736445 0.127931 0.023156 0.041111
1 0.815082 0.048618 0.023148 0.045903
1 0.936355 0.799174 0.034727 0.066486
1 0.282750 0.183368 0.027609 0.047486
1 0.584621 0.596549 0.032945 0.066486
1 0.488355 0.423493 0.035617 0.066486
2 0.896730 0.622667 0.032055 0.068083
3 0.255594 0.313965 0.028500 0.049069
3 0.789828 0.313236 0.028516 0.045861
4 0.835734 0.435069 0.175422 0.351444
5 0.257375 0.449319 0.174531 0.357778
1 0.497801 0.937688 0.037398 0.064903
1 0.536098 0.979514 0.042758 0.040972
1 0.584176 0.923451 0.046305 0.071236
2 0.538777 0.926667 0.033852 0.068056
