1 0.873715 0.145111 0.027602 0.058583
0 0.363652 0.432715 0.080180 0.112431
0 0.281738 0.821313 0.116430 0.205764
0 0.599359 0.345653 0.090813 0.178972
0 0.735777 0.719694 0.105273 0.210917
1 0.388418 0.426896 0.034727 0.071236
1 0.571082 0.436035 0.033836 0.066486
1 0.528020 0.293486 0.032945 0.060167
1 0.543660 0.150118 0.029383 0.050653
1 0.736445 0.127944 0.023156 0.041139
1 0.815832 0.045951 0.023148 0.045903
1 0.936355 0.799174 0.034727 0.066486
1 0.282750 0.183368 0.027609 0.047486
1 0.584621 0.596549 0.032945 0.066486
1 0.569035 0.346424 0.035617 0.066486
2 0.896730 0.622667 0.032055 0.068083
3 0.255594 0.313965 0.028500 0.049069
3 0.786883 0.309493 0.028516 0.045875
4 0.835734 0.435069 0.175422 0.351444
5 0.257375 0.449319 0.174531 0.357778
1 0.303230 0.781757 0.037398 0.064903
1 0.223855 0.953521 0.040070 0.052236
1 0.570473 0.932354 0.046305 0.071236
2 0.397934 0.895437 0.048977 0.088653
