1 0.873488 0.145215 0.027602 0.058569
0 0.394965 0.432715 0.080180 0.112431
0 0.275109 0.821771 0.119469 0.214347
0 0.580602 0.328562 0.081016 0.167847
0 0.733762 0.704958 0.096195 0.185306
1 0.414539 0.427951 0.034734 0.071236
1 0.582691 0.521618 0.033836 0.066486
1 0.528187 0.293187 0.032953 0.060153
1 0.543660 0.150118 0.029383 0.050653
1 0.736445 0.127938 0.023156 0.041125
1 0.815734 0.046299 0.023156 0.045903
1 0.936355 0.799174 0.034727 0.066486
1 0.282750 0.183368 0.027609 0.047486
1 0.584621 0.596549 0.032945 0.066486
1 0.484441 0.364368 0.035617 0.066486
2 0.896730 0.622667 0.032055 0.068083
3 0.255594 0.313965 0.028500 0.049069
3 0.787270 0.309986 0.028508 0.045861
4 0.835734 0.435069 0.175422 0.351444
5 0.257375 0.449319 0.174531 0.357778
1 0.299160 0.893361 0.037398 0.064917
1 0.225125 0.953521 0.040078 0.052236
1 0.570777 0.932076 0.046305 0.071236
2 0.397746 0.895396 0.048977 0.088653
