0 0.573933 0.674555 0.079298 0.141007
0 0.288018 0.873188 0.083671 0.165285
0 0.373419 0.908066 0.087253 0.131485
0 0.690259 0.315344 0.075702 0.096728
1 0.088994 0.823553 0.040966 0.050730
1 0.243975 0.165419 0.030278 0.039631
1 0.260134 0.197957 0.029383 0.034874
1 0.188018 0.494048 0.033841 0.058649
1 0.318332 0.396124 0.025825 0.045973
1 0.287620 0.241565 0.024910 0.044388
1 0.292799 0.389652 0.023318 0.041317
1 0.312088 0.518964 0.027625 0.041183
1 0.514651 0.498951 0.030273 0.053893
1 0.604361 0.677613 0.028497 0.057072
1 0.759373 0.210621 0.027606 0.036460
1 0.768984 0.233486 0.024934 0.037257
1 0.719486 0.407903 0.023148 0.047567
1 0.732844 0.392945 0.024934 0.039614
1 0.728525 0.889048 0.031640 0.056753
1 0.718499 0.945755 0.033624 0.053188
1 0.773360 0.939853 0.029387 0.058649
1 0.883787 0.820805 0.032945 0.049144
2 0.312542 0.434169 0.028497 0.045973
2 0.765792 0.641833 0.032055 0.052307
3 0.280302 0.565570 0.032064 0.047601
3 0.725721 0.639455 0.030273 0.057064
4 0.723751 0.522148 0.139293 0.304362
5 0.271697 0.501539 0.150490 0.320210
1 0.314776 0.896154 0.032926 0.061820
1 0.631741 0.661720 0.030090 0.065520
1 0.318648 0.949924 0.032950 0.053926
1 0.229284 0.953318 0.032950 0.047576
1 0.125705 0.746384 0.036508 0.049144
