0 0.372738 0.705239 0.084392 0.142592
0 0.235971 0.830092 0.097022 0.157752
0 0.520681 0.894975 0.090844 0.133523
0 0.704350 0.348805 0.074797 0.099874
1 0.084090 0.827152 0.040961 0.050730
1 0.243975 0.158557 0.030278 0.039631
1 0.245747 0.195080 0.029383 0.034874
1 0.190537 0.491246 0.033836 0.058649
1 0.318332 0.396124 0.025825 0.045973
1 0.287620 0.241565 0.024910 0.044388
1 0.291553 0.388091 0.023134 0.042794
1 0.294948 0.479333 0.027625 0.041183
1 0.513857 0.501158 0.030278 0.053893
1 0.518150 0.638893 0.028497 0.057064
1 0.760349 0.207676 0.027606 0.036460
1 0.764331 0.232483 0.024929 0.033289
1 0.682721 0.399237 0.028497 0.043037
1 0.729399 0.385587 0.024934 0.039614
1 0.727389 0.898284 0.032950 0.060243
1 0.716718 0.948788 0.032059 0.057072
1 0.773360 0.939853 0.029387 0.058649
1 0.872309 0.823180 0.032950 0.049144
2 0.312542 0.434169 0.028497 0.045973
2 0.765792 0.641833 0.032055 0.052307
3 0.281770 0.569685 0.032069 0.047592
3 0.725721 0.639455 0.030273 0.057064
4 0.723549 0.522148 0.139698 0.304362
5 0.271956 0.501539 0.150490 0.320210
1 0.262019 0.871099 0.032926 0.061812
1 0.313914 0.895055 0.030278 0.066552
1 0.295589 0.941552 0.032950 0.055503
1 0.229284 0.953318 0.032950 0.047576
1 0.123108 0.748951 0.036508 0.049144
