0 0.432109 0.648721 0.092644 0.152106
0 0.369710 0.901518 0.091682 0.145940
0 0.601011 0.885382 0.090844 0.163213
0 0.704350 0.349841 0.074797 0.099866
1 0.084821 0.826615 0.040961 0.050730
1 0.243975 0.159581 0.030278 0.039631
1 0.247005 0.195692 0.029383 0.034874
1 0.190163 0.491665 0.033841 0.058649
1 0.318332 0.396124 0.025825 0.045973
1 0.287620 0.241565 0.024910 0.044388
1 0.295269 0.389656 0.023318 0.041326
1 0.310198 0.499899 0.027625 0.041191
1 0.513895 0.500940 0.030278 0.053893
1 0.520120 0.638574 0.028497 0.057064
1 0.760544 0.208691 0.027601 0.036460
1 0.765016 0.232282 0.024934 0.033289
1 0.682578 0.404153 0.028492 0.044077
1 0.729974 0.386808 0.024934 0.039622
1 0.727575 0.894937 0.032945 0.060243
1 0.718683 0.948008 0.032059 0.057072
1 0.773360 0.939853 0.029387 0.058649
1 0.872104 0.820961 0.032945 0.049136
2 0.312542 0.434169 0.028497 0.045973
2 0.765792 0.641833 0.032055 0.052307
3 0.281183 0.562689 0.032064 0.047592
3 0.725721 0.639455 0.030273 0.057064
4 0.723579 0.522148 0.139637 0.304362
5 0.271918 0.501539 0.150490 0.320210
1 0.392547 0.912911 0.032926 0.061812
1 0.421626 0.888343 0.032950 0.066552
1 0.420438 0.940898 0.032950 0.055503
1 0.229284 0.953318 0.032950 0.047576
1 0.123494 0.748570 0.036508 0.049136
