0 0.695980 0.811615 0.087587 0.151552
0 0.247573 0.675470 0.092385 0.121023
0 0.275615 0.790390 0.095801 0.155378
0 0.611673 0.606099 0.072205 0.136292
1 0.094439 0.819564 0.040961 0.050721
1 0.243975 0.173029 0.030278 0.039631
1 0.245662 0.204484 0.029383 0.034874
1 0.185221 0.497160 0.033836 0.058649
1 0.318332 0.396124 0.025825 0.045973
1 0.287620 0.241565 0.024910 0.044388
1 0.291774 0.389652 0.023313 0.041317
1 0.312088 0.518964 0.027625 0.041183
1 0.539486 0.705487 0.030273 0.055520
1 0.681376 0.934622 0.028492 0.057064
1 0.753775 0.201615 0.027606 0.042760
1 0.718598 0.412777 0.023153 0.047567
1 0.732844 0.392945 0.024934 0.039614
1 0.725097 0.913368 0.029383 0.050747
1 0.710328 0.953683 0.033624 0.053188
1 0.773360 0.939853 0.029387 0.058649
1 0.876428 0.819375 0.032950 0.049136
2 0.312542 0.434169 0.028497 0.045973
2 0.765792 0.641833 0.032055 0.052307
3 0.281381 0.564929 0.032064 0.047592
3 0.725721 0.639455 0.030273 0.057064
4 0.722663 0.522148 0.138916 0.304362
5 0.271404 0.501539 0.150490 0.320210
1 0.225417 0.668872 0.032050 0.061032
1 0.608188 0.828599 0.032041 0.058591
1 0.204336 0.704014 0.024929 0.053935
1 0.229284 0.953318 0.032950 0.047576
1 0.128589 0.743532 0.036508 0.049144
