1 0.873230 0.145326 0.027602 0.058569
0 0.398031 0.428861 0.088391 0.129611
0 0.282586 0.835333 0.144297 0.223111
0 0.618516 0.338556 0.092625 0.167833
0 0.716359 0.680500 0.122906 0.191556
1 0.373578 0.441410 0.034734 0.071236
1 0.625730 0.571215 0.033836 0.066486
1 0.528379 0.292854 0.032945 0.060153
1 0.543660 0.150118 0.029383 0.050653
1 0.736445 0.127938 0.023156 0.041125
1 0.815621 0.046701 0.023148 0.045903
1 0.936355 0.799174 0.034727 0.066486
1 0.282750 0.183368 0.027609 0.047486
1 0.584621 0.596549 0.032945 0.066486
1 0.472629 0.388424 0.035617 0.066486
2 0.896730 0.622667 0.032055 0.068083
3 0.255594 0.313965 0.028500 0.049069
3 0.787711 0.310542 0.028516 0.045861
4 0.835734 0.435069 0.175422 0.351444
5 0.257375 0.449319 0.174531 0.357778
1 0.321707 0.885840 0.037398 0.064903
1 0.226566 0.953521 0.040070 0.052236
1 0.571121 0.931757 0.046305 0.071236
2 0.400379 0.888812 0.048977 0.088653
