0 0.473570 0.677576 0.079298 0.141007
0 0.523956 0.905747 0.091682 0.145940
0 0.616037 0.910021 0.087257 0.131485
0 0.704350 0.352861 0.074797 0.099866
1 0.086956 0.825050 0.040961 0.050721
1 0.243975 0.162567 0.030278 0.039631
1 0.250679 0.197479 0.029387 0.034874
1 0.189067 0.492886 0.033836 0.058658
1 0.318332 0.396124 0.025825 0.045973
1 0.287620 0.241565 0.024910 0.044388
1 0.294006 0.389656 0.023318 0.041326
1 0.312088 0.518964 0.027625 0.041183
1 0.514008 0.500306 0.030278 0.053901
1 0.521741 0.650516 0.028497 0.057072
1 0.761117 0.211644 0.027606 0.036460
1 0.767019 0.231686 0.024934 0.033289
1 0.682154 0.418503 0.028492 0.047106
1 0.731642 0.390373 0.024934 0.039622
1 0.728094 0.888511 0.032615 0.059354
1 0.720106 0.945755 0.033624 0.053188
1 0.773360 0.939853 0.029387 0.058649
1 0.879406 0.820961 0.032950 0.049136
2 0.312542 0.434169 0.028497 0.045973
2 0.765792 0.641833 0.032055 0.052307
3 0.279034 0.566326 0.032064 0.047601
3 0.725721 0.639455 0.030273 0.057064
4 0.723666 0.522148 0.139463 0.304362
5 0.271805 0.501539 0.150490 0.320210
1 0.565521 0.892173 0.032926 0.061812
1 0.632479 0.737555 0.032950 0.066552
1 0.566084 0.930264 0.032950 0.053935
1 0.229284 0.953318 0.032950 0.047576
1 0.124625 0.747450 0.036508 0.049144
