0 0.360160 0.708012 0.081046 0.137836
0 0.232187 0.826921 0.096136 0.155369
0 0.512222 0.887135 0.090844 0.150596
0 0.704350 0.348695 0.074797 0.099874
1 0.084010 0.827206 0.040961 0.050721
1 0.243975 0.158448 0.030278 0.039631
1 0.245615 0.195021 0.029383 0.034874
1 0.190306 0.490227 0.033836 0.058658
1 0.318332 0.396124 0.025825 0.045973
1 0.287620 0.241565 0.024910 0.044388
1 0.292125 0.388905 0.023139 0.042794
1 0.291162 0.479333 0.027620 0.041183
1 0.513852 0.501179 0.030278 0.053901
1 0.517943 0.638926 0.028497 0.057064
1 0.760330 0.207576 0.027606 0.036460
1 0.764258 0.232508 0.024934 0.033289
1 0.682738 0.398721 0.028492 0.042928
1 0.729340 0.385457 0.024929 0.039622
1 0.727368 0.898637 0.032945 0.060243
1 0.716513 0.948867 0.032055 0.057064
1 0.773360 0.939853 0.029387 0.058649
1 0.872462 0.823515 0.032945 0.049144
2 0.312542 0.434169 0.028497 0.045973
2 0.765792 0.641833 0.032055 0.052307
3 0.282828 0.566321 0.032733 0.049572
3 0.725721 0.639455 0.030273 0.057064
4 0.723546 0.522148 0.139703 0.304362
5 0.271960 0.501539 0.150490 0.320210
1 0.259347 0.863968 0.032926 0.061812
1 0.313433 0.895654 0.030278 0.064614
1 0.294910 0.942081 0.032950 0.054430
1 0.229284 0.953318 0.032950 0.047576
1 0.123068 0.748993 0.036513 0.049144
