0 0.721454 0.801539 0.086442 0.148951
0 0.243935 0.673238 0.092535 0.115503
0 0.265926 0.776875 0.087300 0.129773
0 0.649036 0.544677 0.087319 0.129941
1 0.094015 0.819874 0.040961 0.050721
1 0.243975 0.172433 0.030278 0.039631
1 0.245832 0.203813 0.029383 0.034874
1 0.185438 0.496921 0.033836 0.058658
1 0.318332 0.396124 0.025825 0.045973
1 0.287620 0.241565 0.024910 0.044388
1 0.291774 0.389652 0.023313 0.041317
1 0.312088 0.518964 0.027625 0.041183
1 0.546960 0.686435 0.030273 0.055520
1 0.681451 0.913695 0.028492 0.057072
1 0.753238 0.201477 0.027606 0.042768
1 0.718598 0.412777 0.023153 0.047567
1 0.732844 0.392945 0.024934 0.039614
1 0.713572 0.903947 0.029387 0.050747
1 0.710328 0.953683 0.033624 0.053188
1 0.773360 0.939853 0.029387 0.058649
1 0.876119 0.819375 0.032945 0.049136
2 0.312542 0.434169 0.028497 0.045973
2 0.765792 0.641833 0.032055 0.052307
3 0.281381 0.564929 0.032064 0.047592
3 0.725721 0.639455 0.030273 0.057064
4 0.722326 0.522148 0.138921 0.304362
5 0.271428 0.501539 0.150490 0.320210
1 0.226115 0.670659 0.032559 0.061485
1 0.662062 0.840210 0.032041 0.058591
1 0.200134 0.705562 0.024934 0.053926
1 0.229284 0.953318 0.032950 0.047576
1 0.128362 0.743758 0.036508 0.049144
