0 0.572396 0.893972 0.089119 0.152156
0 0.258431 0.689702 0.091442 0.156116
0 0.349510 0.861539 0.093289 0.148935
0 0.646204 0.839488 0.098902 0.171074
1 0.097130 0.817588 0.040961 0.050730
1 0.243975 0.176795 0.030278 0.039631
1 0.244592 0.208771 0.029383 0.034874
1 0.183838 0.498700 0.033841 0.058658
1 0.318332 0.396124 0.025825 0.045973
1 0.287620 0.241565 0.024910 0.044388
1 0.291774 0.389652 0.023313 0.041317
1 0.312088 0.518964 0.027625 0.041183
1 0.538179 0.713167 0.030278 0.055512
1 0.324885 0.951665 0.033850 0.057072
1 0.757196 0.202483 0.027606 0.042768
1 0.718598 0.412777 0.023153 0.047567
1 0.732844 0.392945 0.024934 0.039614
1 0.721899 0.917752 0.029387 0.050755
1 0.710328 0.953683 0.033624 0.053188
1 0.773360 0.939853 0.029387 0.058649
1 0.878402 0.819375 0.032950 0.049136
2 0.312542 0.434169 0.028497 0.045973
2 0.765792 0.641833 0.032055 0.052307
3 0.281381 0.564929 0.032064 0.047592
3 0.725721 0.639455 0.030273 0.057064
4 0.723047 0.522148 0.138921 0.304362
5 0.271263 0.501539 0.150490 0.320210
1 0.221970 0.657060 0.024939 0.045982
1 0.500914 0.948616 0.033836 0.058591
1 0.229284 0.953318 0.032950 0.047576
1 0.130012 0.742122 0.036508 0.049144
