0 0.486176 0.670747 0.079298 0.141007
0 0.342198 0.904161 0.091682 0.145940
0 0.436746 0.906212 0.087253 0.131485
0 0.690064 0.305164 0.075707 0.108733
1 0.088073 0.824232 0.040961 0.050730
1 0.243975 0.164128 0.030278 0.039631
1 0.252597 0.198410 0.029387 0.034874
1 0.188492 0.493523 0.033836 0.058658
1 0.318332 0.396124 0.025825 0.045973
1 0.287620 0.241565 0.024910 0.044388
1 0.293344 0.389656 0.023313 0.041326
1 0.312088 0.518964 0.027625 0.041183
1 0.514069 0.499975 0.030278 0.053893
1 0.527606 0.669958 0.028492 0.057064
1 0.760346 0.211393 0.027601 0.036460
1 0.768066 0.231376 0.024934 0.033289
1 0.725796 0.434270 0.025014 0.047567
1 0.732514 0.392236 0.024934 0.039622
1 0.728329 0.888805 0.032078 0.057928
1 0.719225 0.945755 0.033624 0.053188
1 0.773360 0.939853 0.029387 0.058649
1 0.883223 0.820961 0.032950 0.049136
2 0.312542 0.434169 0.028497 0.045973
2 0.765792 0.641833 0.032055 0.052307
3 0.279727 0.565910 0.032064 0.047592
3 0.725721 0.639455 0.030273 0.057064
4 0.723713 0.522148 0.139369 0.304362
5 0.271744 0.501539 0.150490 0.320210
1 0.383207 0.885562 0.032926 0.061812
1 0.647290 0.672739 0.032950 0.066552
1 0.382573 0.939996 0.032950 0.053935
1 0.229284 0.953318 0.032950 0.047576
1 0.125217 0.746867 0.036513 0.049136
