0 0.611044 0.712781 0.081993 0.134723
0 0.254248 0.674828 0.092568 0.114253
0 0.249774 0.789996 0.077512 0.166183
0 0.632872 0.605210 0.086404 0.130017
1 0.091918 0.821414 0.040961 0.050730
1 0.243975 0.169505 0.030278 0.039631
1 0.246664 0.200474 0.029387 0.034874
1 0.186517 0.495721 0.033836 0.058658
1 0.318332 0.396124 0.025825 0.045973
1 0.287620 0.241565 0.024910 0.044388
1 0.291774 0.389652 0.023313 0.041317
1 0.312088 0.518964 0.027625 0.041183
1 0.547293 0.763859 0.030278 0.053893
1 0.693664 0.907672 0.028497 0.057072
1 0.744043 0.195499 0.027606 0.042760
1 0.772201 0.232131 0.027615 0.039664
1 0.718598 0.412777 0.023153 0.047567
1 0.732844 0.392945 0.024934 0.039614
1 0.729140 0.889811 0.030240 0.053029
1 0.716192 0.945755 0.033629 0.053188
1 0.773360 0.939853 0.029387 0.058649
1 0.878622 0.819883 0.032945 0.049144
2 0.312542 0.434169 0.028497 0.045973
2 0.765792 0.641833 0.032055 0.052307
3 0.281381 0.564929 0.032064 0.047592
3 0.725721 0.639455 0.030273 0.057064
4 0.723871 0.522148 0.139053 0.304362
5 0.271541 0.501539 0.150490 0.320210
1 0.232062 0.675134 0.032926 0.061812
1 0.770554 0.830369 0.032041 0.058591
1 0.212578 0.699685 0.032950 0.053935
1 0.229284 0.953318 0.032950 0.047576
1 0.127255 0.744853 0.036508 0.049136
