0 0.607269 0.727424 0.072201 0.164799
0 0.267858 0.696867 0.096103 0.141166
0 0.308888 0.879929 0.091734 0.175159
0 0.548537 0.530055 0.072163 0.137911
1 0.090879 0.822173 0.040966 0.050721
1 0.243975 0.168054 0.030278 0.039631
1 0.247078 0.198821 0.029387 0.034874
1 0.187050 0.495126 0.033836 0.058658
1 0.318332 0.396124 0.025825 0.045973
1 0.287620 0.241565 0.024910 0.044388
1 0.291774 0.389652 0.023313 0.041317
1 0.312088 0.518964 0.027625 0.041183
1 0.518242 0.615675 0.030273 0.053901
1 0.695214 0.906015 0.028497 0.057064
1 0.752627 0.187122 0.027601 0.046208
1 0.779149 0.223876 0.024934 0.039664
1 0.719738 0.411695 0.023153 0.047567
1 0.732844 0.392945 0.024934 0.039614
1 0.728921 0.889539 0.030735 0.054362
1 0.717010 0.945755 0.033624 0.053188
1 0.773360 0.939853 0.029387 0.058649
1 0.880457 0.820210 0.032950 0.049144
2 0.312542 0.434169 0.028497 0.045973
2 0.765792 0.641833 0.032055 0.052307
3 0.281381 0.564929 0.032064 0.047592
3 0.725721 0.639455 0.030273 0.057064
4 0.723829 0.522148 0.139138 0.304362
5 0.271595 0.501539 0.150485 0.320210
1 0.232472 0.716120 0.032926 0.061820
1 0.772924 0.820625 0.032041 0.058599
1 0.206468 0.740222 0.032945 0.053935
1 0.229284 0.953318 0.032950 0.047576
1 0.126704 0.745394 0.036508 0.049144
