0 0.677158 0.703662 0.093572 0.134723
0 0.272813 0.685029 0.092564 0.114253
0 0.280356 0.879451 0.100646 0.167810
0 0.651718 0.558159 0.078402 0.144270
1 0.092898 0.820692 0.040961 0.050730
1 0.243975 0.170872 0.030278 0.039631
1 0.246275 0.202034 0.029383 0.034874
1 0.186013 0.496284 0.033836 0.058658
1 0.318332 0.396124 0.025825 0.045973
1 0.287620 0.241565 0.024910 0.044388
1 0.291774 0.389652 0.023313 0.041317
1 0.312088 0.518964 0.027625 0.041183
1 0.539524 0.723712 0.030273 0.054388
1 0.692198 0.909237 0.028497 0.057064
1 0.751032 0.200474 0.027606 0.042760
1 0.766993 0.229132 0.023770 0.032206
1 0.718598 0.412777 0.023153 0.047567
1 0.732844 0.392945 0.024934 0.039614
1 0.725733 0.896502 0.029769 0.051779
1 0.715417 0.945755 0.033624 0.053188
1 0.773360 0.939853 0.029387 0.058649
1 0.876887 0.819576 0.032945 0.049136
2 0.312542 0.434169 0.028497 0.045973
2 0.765792 0.641833 0.032055 0.052307
3 0.281381 0.564929 0.032064 0.047592
3 0.725721 0.639455 0.030273 0.057064
4 0.723911 0.522148 0.138973 0.304362
5 0.271489 0.501539 0.150490 0.320210
1 0.243593 0.688649 0.032926 0.061812
1 0.758475 0.845847 0.032041 0.058591
1 0.229446 0.737320 0.032945 0.053935
1 0.229284 0.953318 0.032950 0.047576
1 0.127773 0.744337 0.036508 0.049144
