0 0.279571 0.706988 0.084797 0.136896
0 0.259123 0.867064 0.096136 0.155369
0 0.395985 0.909409 0.089925 0.116367
0 0.704350 0.347798 0.074797 0.099874
1 0.083379 0.827672 0.040961 0.050730
1 0.243975 0.157559 0.030278 0.039631
1 0.244524 0.194492 0.029387 0.034874
1 0.187634 0.479132 0.033836 0.058649
1 0.318332 0.396124 0.025825 0.045973
1 0.287620 0.241565 0.024910 0.044388
1 0.281463 0.391799 0.023134 0.042794
1 0.262465 0.500080 0.027625 0.041183
1 0.513820 0.501367 0.030278 0.053893
1 0.516235 0.639203 0.028492 0.057064
1 0.760160 0.206695 0.027606 0.036460
1 0.763664 0.232685 0.024934 0.033289
1 0.682863 0.394455 0.028497 0.042030
1 0.728843 0.384400 0.024934 0.039622
1 0.727205 0.901544 0.032950 0.060235
1 0.714807 0.949543 0.032055 0.057072
1 0.773360 0.939853 0.029387 0.058649
1 0.873725 0.826330 0.032945 0.049136
2 0.312462 0.430277 0.028497 0.045973
2 0.765792 0.641833 0.032055 0.052307
3 0.280931 0.560554 0.034727 0.055487
3 0.725721 0.639455 0.030273 0.057064
4 0.723520 0.522148 0.139755 0.304362
5 0.271993 0.501539 0.150490 0.320210
1 0.279844 0.903217 0.034326 0.061820
1 0.313789 0.904979 0.030273 0.052307
1 0.291972 0.949283 0.032945 0.042643
1 0.228098 0.953054 0.032059 0.048624
1 0.122731 0.749325 0.036508 0.049136
