1 0.872125 0.145819 0.027609 0.058583
0 0.471531 0.359806 0.100703 0.166250
0 0.429645 0.915201 0.127367 0.169597
0 0.678578 0.159333 0.065078 0.126750
0 0.788727 0.641417 0.108234 0.185111
1 0.351910 0.431910 0.034727 0.060181
1 0.645063 0.532431 0.032078 0.066500
1 0.529191 0.291410 0.032945 0.060153
1 0.543660 0.150118 0.029383 0.050653
1 0.736445 0.127931 0.023156 0.041111
1 0.815141 0.048403 0.023156 0.045917
1 0.936355 0.799174 0.034727 0.066486
1 0.282750 0.183368 0.027609 0.047486
1 0.584621 0.596549 0.032945 0.066486
1 0.504562 0.432201 0.035625 0.066486
2 0.896730 0.622667 0.032055 0.068083
3 0.255594 0.313965 0.028500 0.049069
3 0.789594 0.312937 0.028516 0.045875
4 0.835734 0.435069 0.175422 0.351444
5 0.257375 0.449319 0.174531 0.357778
1 0.472488 0.942438 0.037398 0.064903
1 0.515441 0.987187 0.040898 0.025625
1 0.571777 0.927160 0.046305 0.071236
2 0.512949 0.934049 0.033852 0.068042
