1 0.873367 0.145271 0.027609 0.058569
0 0.400594 0.431451 0.087984 0.127625
0 0.267469 0.819076 0.134750 0.219736
0 0.585500 0.327771 0.081016 0.167847
0 0.724859 0.683597 0.122906 0.191556
1 0.428254 0.441882 0.034727 0.071236
1 0.598867 0.552618 0.033844 0.066486
1 0.528277 0.293035 0.032945 0.060153
1 0.543660 0.150118 0.029383 0.050653
1 0.736445 0.127938 0.023156 0.041125
1 0.815684 0.046486 0.023148 0.045917
1 0.936355 0.799174 0.034727 0.066486
1 0.282750 0.183368 0.027609 0.047486
1 0.584621 0.596549 0.032945 0.066486
1 0.465965 0.393910 0.035617 0.066486
2 0.896730 0.622667 0.032055 0.068083
3 0.255594 0.313965 0.028500 0.049069
3 0.787477 0.310243 0.028516 0.045875
4 0.835734 0.435069 0.175422 0.351444
5 0.257375 0.449319 0.174531 0.357778
1 0.305777 0.893361 0.037398 0.064917
1 0.225801 0.953521 0.040070 0.052236
1 0.570941 0.931924 0.046305 0.071236
2 0.397926 0.894715 0.048977 0.088653
