0 0.735575 0.752479 0.093582 0.151820
0 0.264442 0.681070 0.092568 0.114253
0 0.240877 0.805973 0.099576 0.155419
0 0.659484 0.524958 0.077328 0.135688
1 0.093341 0.820369 0.040961 0.050721
1 0.243975 0.171493 0.030278 0.039631
1 0.246098 0.202739 0.029387 0.034874
1 0.185785 0.496535 0.033841 0.058658
1 0.318332 0.396124 0.025825 0.045973
1 0.287620 0.241565 0.024910 0.044388
1 0.291774 0.389652 0.023313 0.041317
1 0.312088 0.518964 0.027625 0.041183
1 0.542462 0.693209 0.030278 0.055512
1 0.691539 0.909945 0.028497 0.057072
1 0.752380 0.201258 0.027606 0.042768
1 0.766011 0.227227 0.021805 0.028398
1 0.718598 0.412777 0.023153 0.047567
1 0.732844 0.392945 0.024934 0.039614
1 0.724020 0.899836 0.029557 0.051216
1 0.715068 0.945755 0.033624 0.053188
1 0.773360 0.939853 0.029387 0.058649
1 0.876105 0.819438 0.032945 0.049144
2 0.312542 0.434169 0.028497 0.045973
2 0.765792 0.641833 0.032055 0.052307
3 0.281381 0.564929 0.032064 0.047592
3 0.725721 0.639455 0.030273 0.057064
4 0.723930 0.522148 0.138935 0.304362
5 0.271466 0.501539 0.150490 0.320210
1 0.237971 0.683649 0.032926 0.061812
1 0.753028 0.852831 0.032041 0.058599
1 0.222158 0.734245 0.032950 0.053926
1 0.229284 0.953318 0.032950 0.047576
1 0.128007 0.744111 0.036513 0.049144
