0 0.352703 0.708209 0.081051 0.137827
0 0.231442 0.825076 0.096136 0.155369
0 0.506880 0.884618 0.087729 0.156938
0 0.704350 0.348641 0.074797 0.099866
1 0.083973 0.827236 0.040961 0.050730
1 0.243975 0.158398 0.030278 0.039631
1 0.245549 0.194987 0.029383 0.034874
1 0.190144 0.489555 0.033841 0.058658
1 0.318332 0.396124 0.025825 0.045973
1 0.287620 0.241565 0.024910 0.044388
1 0.292413 0.389316 0.023139 0.042794
1 0.289086 0.479333 0.027625 0.041183
1 0.513852 0.501191 0.030278 0.053893
1 0.517839 0.638943 0.028497 0.057064
1 0.760318 0.207517 0.027601 0.036460
1 0.764222 0.232517 0.024929 0.033289
1 0.682745 0.398461 0.028497 0.042878
1 0.729310 0.385394 0.024934 0.039614
1 0.727359 0.898813 0.032945 0.060243
1 0.716409 0.948909 0.032055 0.057064
1 0.773360 0.939853 0.029387 0.058649
1 0.872540 0.823687 0.032950 0.049136
2 0.312542 0.434169 0.028497 0.045973
2 0.765792 0.641833 0.032055 0.052307
3 0.283195 0.564081 0.033176 0.050881
3 0.725721 0.639455 0.030273 0.057064
4 0.723544 0.522148 0.139708 0.304362
5 0.271965 0.501539 0.150490 0.320210
1 0.259347 0.865155 0.032926 0.061820
1 0.313433 0.896305 0.030278 0.063314
1 0.294734 0.942521 0.032945 0.053716
1 0.229284 0.953318 0.032950 0.047576
1 0.123047 0.749010 0.036508 0.049144
