0 0.570363 0.895784 0.089114 0.152156
0 0.253567 0.691124 0.091348 0.159631
0 0.355676 0.879551 0.080287 0.158582
0 0.646489 0.840252 0.098907 0.171074
1 0.097399 0.817395 0.040961 0.050730
1 0.243975 0.177173 0.030278 0.039631
1 0.244486 0.209199 0.029387 0.034874
1 0.183699 0.498855 0.033836 0.058649
1 0.318332 0.396124 0.025825 0.045973
1 0.287620 0.241565 0.024910 0.044388
1 0.291774 0.389652 0.023313 0.041317
1 0.312088 0.518964 0.027625 0.041183
1 0.538268 0.712760 0.030278 0.055520
1 0.306819 0.951502 0.033845 0.057064
1 0.757540 0.202571 0.027606 0.042760
1 0.718598 0.412777 0.023153 0.047567
1 0.732844 0.392945 0.024934 0.039614
1 0.722161 0.917156 0.029383 0.050755
1 0.710328 0.953683 0.033624 0.053188
1 0.773360 0.939853 0.029387 0.058649
1 0.878600 0.819375 0.032950 0.049136
2 0.312542 0.434169 0.028497 0.045973
2 0.765792 0.641833 0.032055 0.052307
3 0.281381 0.564929 0.032064 0.047592
3 0.725721 0.639455 0.030273 0.057064
4 0.723047 0.522148 0.138921 0.304362
5 0.271249 0.501539 0.150490 0.320210
1 0.225636 0.647919 0.024939 0.045990
1 0.500584 0.948016 0.033836 0.058599
1 0.229284 0.953318 0.032950 0.047576
1 0.130156 0.741984 0.036513 0.049136
