0 0.669145 0.703662 0.093577 0.134723
0 0.271960 0.684459 0.092564 0.114253
0 0.282135 0.885264 0.100650 0.167810
0 0.651560 0.558721 0.078407 0.144270
1 0.092842 0.820734 0.040961 0.050730
1 0.243975 0.170797 0.030278 0.039631
1 0.246296 0.201942 0.029387 0.034874
1 0.186041 0.496250 0.033836 0.058658
1 0.318332 0.396124 0.025825 0.045973
1 0.287620 0.241565 0.024910 0.044388
1 0.291774 0.389652 0.023313 0.041317
1 0.312088 0.518964 0.027625 0.041183
1 0.538723 0.728226 0.030273 0.053901
1 0.692283 0.909148 0.028497 0.057072
1 0.750620 0.200185 0.027601 0.042768
1 0.767123 0.229383 0.024029 0.032710
1 0.718598 0.412777 0.023153 0.047567
1 0.732844 0.392945 0.024934 0.039614
1 0.725957 0.896070 0.029802 0.051854
1 0.715464 0.945755 0.033624 0.053188
1 0.773360 0.939853 0.029387 0.058649
1 0.876989 0.819593 0.032950 0.049136
2 0.312542 0.434169 0.028497 0.045973
2 0.765792 0.641833 0.032055 0.052307
3 0.281381 0.564929 0.032064 0.047592
3 0.725721 0.639455 0.030273 0.057064
4 0.723909 0.522148 0.138977 0.304362
5 0.271489 0.501539 0.150490 0.320210
1 0.244324 0.689304 0.032926 0.061812
1 0.759187 0.844941 0.032041 0.058591
1 0.230139 0.737496 0.032945 0.053935
1 0.229284 0.953318 0.032950 0.047576
1 0.127743 0.744371 0.036513 0.049144
