0 0.598235 0.675411 0.079298 0.141007
0 0.273831 0.858448 0.079218 0.176040
0 0.352024 0.909769 0.087253 0.131485
0 0.689220 0.313230 0.075707 0.096728
1 0.089128 0.823456 0.040961 0.050721
1 0.243975 0.165604 0.030278 0.039631
1 0.261970 0.197739 0.029387 0.034874
1 0.187950 0.494128 0.033836 0.058658
1 0.318332 0.396124 0.025825 0.045973
1 0.287620 0.241565 0.024910 0.044388
1 0.292721 0.389652 0.023313 0.041317
1 0.312088 0.518964 0.027625 0.041183
1 0.514748 0.498788 0.030278 0.053901
1 0.625179 0.675625 0.028492 0.057072
1 0.759232 0.210512 0.027606 0.036460
1 0.769121 0.234086 0.024934 0.038322
1 0.721484 0.408171 0.023148 0.047567
1 0.732844 0.392945 0.024934 0.039614
1 0.728553 0.889081 0.031574 0.056586
1 0.718391 0.945755 0.033624 0.053188
1 0.773360 0.939853 0.029387 0.058649
1 0.883549 0.820763 0.032950 0.049144
2 0.312542 0.434169 0.028497 0.045973
2 0.765792 0.641833 0.032055 0.052307
3 0.280386 0.565524 0.032064 0.047592
3 0.725721 0.639455 0.030273 0.057064
4 0.723756 0.522148 0.139284 0.304362
5 0.271687 0.501539 0.150490 0.320210
1 0.291920 0.899702 0.032926 0.061820
1 0.647439 0.651506 0.028497 0.064958
1 0.298739 0.953322 0.032945 0.053926
1 0.229284 0.953318 0.032950 0.047576
1 0.125778 0.746313 0.036513 0.049136
