0 0.479324 0.670646 0.079298 0.141007
0 0.365134 0.904253 0.091682 0.145940
0 0.459687 0.906690 0.087253 0.131485
0 0.689691 0.302596 0.075650 0.111804
1 0.087898 0.824358 0.040961 0.050730
1 0.243975 0.163884 0.030278 0.039631
1 0.252300 0.198268 0.029387 0.034874
1 0.188582 0.493423 0.033836 0.058658
1 0.318332 0.396124 0.025825 0.045973
1 0.287620 0.241565 0.024910 0.044388
1 0.293447 0.389656 0.023313 0.041326
1 0.312088 0.518964 0.027625 0.041183
1 0.514060 0.500025 0.030278 0.053893
1 0.515832 0.668922 0.028497 0.057072
1 0.760528 0.211535 0.027606 0.036460
1 0.767905 0.231426 0.024934 0.033289
1 0.719126 0.446284 0.025782 0.047567
1 0.732377 0.391951 0.024934 0.039622
1 0.728292 0.888758 0.032163 0.058154
1 0.719361 0.945755 0.033624 0.053188
1 0.773360 0.939853 0.029387 0.058649
1 0.882632 0.820961 0.032945 0.049136
2 0.312542 0.434169 0.028497 0.045973
2 0.765792 0.641833 0.032055 0.052307
3 0.279618 0.565977 0.032064 0.047592
3 0.725721 0.639455 0.030273 0.057064
4 0.723706 0.522148 0.139383 0.304362
5 0.271753 0.501539 0.150490 0.320210
1 0.404922 0.880927 0.032926 0.061820
1 0.652413 0.681145 0.032950 0.066552
1 0.404076 0.938683 0.032950 0.053926
1 0.229284 0.953318 0.032950 0.047576
1 0.125125 0.746959 0.036508 0.049136
