1 0.872473 0.145667 0.027602 0.058583
0 0.446602 0.423125 0.100703 0.166250
0 0.347289 0.876736 0.138906 0.196250
0 0.712328 0.324292 0.084875 0.153611
0 0.791191 0.636833 0.127383 0.185111
1 0.352086 0.431910 0.034719 0.060181
1 0.695238 0.541139 0.032070 0.066500
1 0.528934 0.291868 0.032945 0.060153
1 0.543660 0.150118 0.029383 0.050653
1 0.736445 0.127931 0.023156 0.041111
1 0.815293 0.047868 0.023148 0.045903
1 0.936355 0.799174 0.034727 0.066486
1 0.282750 0.183368 0.027609 0.047486
1 0.584621 0.596549 0.032945 0.066486
1 0.508039 0.387979 0.035625 0.066486
2 0.896730 0.622667 0.032055 0.068083
3 0.255594 0.313965 0.028500 0.049069
3 0.789000 0.312187 0.028516 0.045875
4 0.835734 0.435069 0.175422 0.351444
5 0.257375 0.449319 0.174531 0.357778
1 0.381148 0.909188 0.037406 0.064903
1 0.549258 0.981215 0.040078 0.037569
1 0.572137 0.930799 0.046305 0.071236
2 0.438508 0.918194 0.034563 0.069167
