0 0.354633 0.179215 0.072125 0.099736
0 0.329570 0.862903 0.113984 0.215278
0 0.679777 0.155326 0.064117 0.123486
0 0.791418 0.813368 0.087273 0.193125
1 0.530723 0.427507 0.034727 0.071236
1 0.576512 0.426090 0.033836 0.066486
1 0.526887 0.295507 0.032945 0.060153
1 0.543660 0.150118 0.029383 0.050653
1 0.736445 0.127951 0.023156 0.041153
1 0.816504 0.043569 0.023148 0.045917
1 0.936355 0.799174 0.034727 0.066486
1 0.282750 0.183368 0.027609 0.047486
1 0.584621 0.596549 0.032945 0.066486
1 0.674848 0.429208 0.035617 0.066500
2 0.839266 0.796167 0.032062 0.068083
3 0.318461 0.205576 0.028500 0.049069
3 0.702297 0.125201 0.027609 0.045903
4 0.835734 0.435069 0.175422 0.351444
5 0.255383 0.450500 0.174531 0.357778
1 0.428340 0.439201 0.037398 0.064903
1 0.215199 0.953521 0.040070 0.052236
1 0.568395 0.934299 0.046305 0.071236
2 0.399246 0.895715 0.048977 0.088653
