1 0.874098 0.144944 0.027602 0.058583
0 0.495051 0.425931 0.080492 0.112417
0 0.396277 0.541118 0.107758 0.205764
0 0.666430 0.337319 0.100609 0.158389
0 0.730926 0.727889 0.102992 0.221667
1 0.526191 0.427319 0.034727 0.071250
1 0.573312 0.429118 0.033844 0.066486
1 0.527742 0.293979 0.032953 0.060153
1 0.543660 0.150118 0.029383 0.050653
1 0.736445 0.127944 0.023156 0.041139
1 0.815996 0.045368 0.023148 0.045903
1 0.936355 0.799174 0.034727 0.066486
1 0.282750 0.183368 0.027609 0.047486
1 0.584621 0.596549 0.032945 0.066486
1 0.642207 0.355924 0.035617 0.066486
2 0.896730 0.622667 0.032055 0.068083
3 0.255594 0.313965 0.028500 0.049069
3 0.786234 0.308674 0.028516 0.045875
4 0.835734 0.435069 0.175422 0.351444
5 0.257375 0.449319 0.174531 0.357778
1 0.414762 0.498785 0.037398 0.064903
1 0.221730 0.953521 0.040070 0.052236
1 0.569957 0.932840 0.046305 0.071236
2 0.398262 0.895500 0.048977 0.088639
