0 0.571381 0.894878 0.089114 0.152156
0 0.255999 0.690411 0.091395 0.157869
0 0.352594 0.870545 0.086791 0.153758
0 0.646348 0.839870 0.098907 0.171065
1 0.097267 0.817492 0.040961 0.050721
1 0.243975 0.176980 0.030278 0.039631
1 0.244538 0.208989 0.029387 0.034874
1 0.183770 0.498779 0.033836 0.058649
1 0.318332 0.396124 0.025825 0.045973
1 0.287620 0.241565 0.024910 0.044388
1 0.291774 0.389652 0.023313 0.041317
1 0.312088 0.518964 0.027625 0.041183
1 0.538223 0.712961 0.030273 0.055520
1 0.315853 0.951581 0.033845 0.057072
1 0.757368 0.202529 0.027601 0.042760
1 0.718598 0.412777 0.023153 0.047567
1 0.732844 0.392945 0.024934 0.039614
1 0.722029 0.917454 0.029383 0.050747
1 0.710328 0.953683 0.033624 0.053188
1 0.773360 0.939853 0.029387 0.058649
1 0.878501 0.819375 0.032950 0.049136
2 0.312542 0.434169 0.028497 0.045973
2 0.765792 0.641833 0.032055 0.052307
3 0.281381 0.564929 0.032064 0.047592
3 0.725721 0.639455 0.030273 0.057064
4 0.723047 0.522148 0.138921 0.304362
5 0.271254 0.501539 0.150490 0.320210
1 0.223803 0.652492 0.024939 0.045990
1 0.500749 0.948314 0.033836 0.058591
1 0.229284 0.953318 0.032950 0.047576
1 0.130085 0.742055 0.036513 0.049144
