0 0.417740 0.660856 0.079298 0.141007
0 0.467809 0.902576 0.091687 0.145940
0 0.644086 0.890604 0.091442 0.161359
0 0.704350 0.350327 0.074797 0.099866
1 0.085165 0.826359 0.040961 0.050721
1 0.243975 0.160063 0.030278 0.039622
1 0.247601 0.195986 0.029387 0.034874
1 0.189986 0.491862 0.033836 0.058658
1 0.318332 0.396124 0.025825 0.045973
1 0.287620 0.241565 0.024910 0.044388
1 0.295064 0.389656 0.023313 0.041326
1 0.311371 0.511732 0.027625 0.041183
1 0.513914 0.500835 0.030278 0.053901
1 0.521053 0.638423 0.028497 0.057064
1 0.760636 0.209169 0.027606 0.036460
1 0.765342 0.232190 0.024934 0.033289
1 0.682509 0.406477 0.028497 0.044564
1 0.730243 0.387387 0.024934 0.039622
1 0.727665 0.893352 0.032945 0.060243
1 0.719614 0.947643 0.032055 0.057064
1 0.773360 0.939853 0.029387 0.058649
1 0.873287 0.820961 0.032945 0.049136
2 0.312542 0.434169 0.028497 0.045973
2 0.765792 0.641833 0.032055 0.052307
3 0.282964 0.565063 0.032064 0.047592
3 0.725721 0.639455 0.030273 0.057064
4 0.723593 0.522148 0.139609 0.304362
5 0.271899 0.501539 0.150490 0.320210
1 0.490646 0.911590 0.032931 0.061820
1 0.516310 0.883326 0.032950 0.066552
1 0.516461 0.942483 0.032950 0.055503
1 0.229284 0.953318 0.032950 0.047576
1 0.123678 0.748389 0.036508 0.049144
