1 0.874461 0.144785 0.027609 0.058569
0 0.494250 0.388215 0.080172 0.112431
0 0.410758 0.487479 0.097094 0.189958
0 0.670969 0.354639 0.069437 0.133000
0 0.690871 0.471632 0.081055 0.180514
1 0.528816 0.432174 0.034727 0.071236
1 0.574309 0.428174 0.033836 0.066486
1 0.527473 0.294451 0.032945 0.060153
1 0.543660 0.150118 0.029383 0.050653
1 0.736445 0.127951 0.023156 0.041153
1 0.816156 0.044806 0.023156 0.045917
1 0.936355 0.799174 0.034727 0.066486
1 0.282750 0.183368 0.027609 0.047486
1 0.584621 0.596549 0.032945 0.066486
1 0.669949 0.410299 0.035617 0.066486
2 0.899785 0.622667 0.032055 0.068083
3 0.255594 0.313965 0.028500 0.049069
3 0.785617 0.307882 0.028516 0.045875
4 0.835734 0.435069 0.175422 0.351444
5 0.257375 0.449319 0.174531 0.357778
1 0.426137 0.453521 0.037398 0.064903
1 0.219699 0.953521 0.040070 0.052236
1 0.569473 0.933292 0.046305 0.071250
2 0.398566 0.895563 0.048977 0.088653
