0 0.621890 0.895642 0.089114 0.152156
0 0.263127 0.685029 0.091748 0.144589
0 0.327069 0.859740 0.097889 0.173356
0 0.666320 0.809480 0.098907 0.171074
1 0.096244 0.818238 0.040961 0.050721
1 0.243975 0.175554 0.030278 0.039631
1 0.244943 0.207362 0.029387 0.034874
1 0.184293 0.498196 0.033836 0.058658
1 0.318332 0.396124 0.025825 0.045973
1 0.287620 0.241565 0.024910 0.044388
1 0.291774 0.389652 0.023313 0.041317
1 0.312088 0.518964 0.027625 0.041183
1 0.537889 0.714509 0.030273 0.055512
1 0.402227 0.944941 0.033850 0.057064
1 0.756072 0.202198 0.027601 0.042768
1 0.718598 0.412777 0.023153 0.047567
1 0.732844 0.392945 0.024934 0.039614
1 0.721039 0.919706 0.029383 0.050755
1 0.710328 0.953683 0.033624 0.053188
1 0.773360 0.939853 0.029387 0.058649
1 0.877754 0.819375 0.032945 0.049136
2 0.312542 0.434169 0.028497 0.045973
2 0.765792 0.641833 0.032055 0.052307
3 0.281381 0.564929 0.032064 0.047592
3 0.725721 0.639455 0.030273 0.057064
4 0.723047 0.522148 0.138921 0.304362
5 0.271310 0.501539 0.150490 0.320210
1 0.218638 0.666309 0.029887 0.059094
1 0.502003 0.950591 0.033836 0.058599
1 0.211960 0.711816 0.024929 0.053935
1 0.229284 0.953318 0.032950 0.047576
1 0.129545 0.742588 0.036508 0.049136
