0 0.715445 0.802731 0.086442 0.148951
0 0.244432 0.673540 0.092512 0.116258
0 0.274274 0.780440 0.087304 0.129773
0 0.642024 0.555378 0.087319 0.129950
1 0.094072 0.819832 0.040961 0.050721
1 0.243975 0.172517 0.030278 0.039631
1 0.245808 0.203905 0.029383 0.034874
1 0.185410 0.496951 0.033836 0.058649
1 0.318332 0.396124 0.025825 0.045973
1 0.287620 0.241565 0.024910 0.044388
1 0.291774 0.389652 0.023313 0.041317
1 0.312088 0.518964 0.027625 0.041183
1 0.544955 0.689404 0.030278 0.055520
1 0.680306 0.913695 0.028492 0.057072
1 0.753311 0.201497 0.027601 0.042760
1 0.718598 0.412777 0.023153 0.047567
1 0.732844 0.392945 0.024934 0.039614
1 0.712809 0.902588 0.029387 0.050747
1 0.710328 0.953683 0.033624 0.053188
1 0.773360 0.939853 0.029387 0.058649
1 0.876162 0.819375 0.032945 0.049136
2 0.312542 0.434169 0.028497 0.045973
2 0.765792 0.641833 0.032055 0.052307
3 0.281381 0.564929 0.032064 0.047592
3 0.725721 0.639455 0.030273 0.057064
4 0.722373 0.522148 0.138921 0.304362
5 0.271426 0.501539 0.150485 0.320210
1 0.226018 0.670415 0.032488 0.061418
1 0.652712 0.833674 0.032041 0.058591
1 0.201079 0.705281 0.024929 0.053935
1 0.229284 0.953318 0.032950 0.047576
1 0.128395 0.743725 0.036508 0.049144
