0 0.609274 0.740105 0.072205 0.164807
0 0.267276 0.697211 0.096107 0.141166
0 0.294729 0.865340 0.091730 0.180545
0 0.541190 0.542336 0.072163 0.137911
1 0.090975 0.822102 0.040961 0.050730
1 0.243975 0.168188 0.030278 0.039631
1 0.247038 0.198972 0.029383 0.034874
1 0.187000 0.495180 0.033841 0.058649
1 0.318332 0.396124 0.025825 0.045973
1 0.287620 0.241565 0.024910 0.044388
1 0.291774 0.389652 0.023313 0.041317
1 0.312088 0.518964 0.027625 0.041183
1 0.520469 0.641833 0.030278 0.053901
1 0.695071 0.906170 0.028492 0.057072
1 0.758056 0.187890 0.027601 0.050361
1 0.779149 0.225201 0.024934 0.039664
1 0.719533 0.411888 0.023148 0.047567
1 0.732844 0.392945 0.024934 0.039614
1 0.728942 0.889564 0.030693 0.054228
1 0.716934 0.945755 0.033624 0.053188
1 0.773360 0.939853 0.029387 0.058649
1 0.880285 0.820180 0.032945 0.049136
2 0.312542 0.434169 0.028497 0.045973
2 0.765792 0.641833 0.032055 0.052307
3 0.281381 0.564929 0.032064 0.047592
3 0.725721 0.639455 0.030273 0.057064
4 0.723831 0.522148 0.139133 0.304362
5 0.271590 0.501539 0.150485 0.320210
1 0.230563 0.718951 0.032926 0.061812
1 0.772924 0.821388 0.032041 0.058599
1 0.206680 0.736825 0.032945 0.053935
1 0.229284 0.953318 0.032950 0.047576
1 0.126755 0.745344 0.036508 0.049144
