0 0.456807 0.682685 0.079298 0.141007
0 0.585983 0.900000 0.091682 0.145940
0 0.678640 0.907232 0.087253 0.131477
0 0.704350 0.351254 0.074797 0.099874
1 0.085820 0.825881 0.040961 0.050721
1 0.243975 0.160977 0.030278 0.039622
1 0.248725 0.196531 0.029383 0.034874
1 0.189649 0.492236 0.033841 0.058649
1 0.318332 0.396124 0.025825 0.045973
1 0.287620 0.241565 0.024910 0.044388
1 0.294677 0.389656 0.023313 0.041326
1 0.312088 0.518964 0.027625 0.041183
1 0.513949 0.500642 0.030273 0.053901
1 0.522816 0.638138 0.028497 0.057064
1 0.760811 0.210076 0.027606 0.036460
1 0.765954 0.232005 0.024934 0.033289
1 0.682377 0.410877 0.028497 0.045495
1 0.730754 0.388477 0.024929 0.039622
1 0.727835 0.890357 0.032945 0.060243
1 0.721001 0.945755 0.033624 0.053188
1 0.773360 0.939853 0.029387 0.058649
1 0.875525 0.820961 0.032945 0.049136
2 0.312542 0.434169 0.028497 0.045973
2 0.765792 0.641833 0.032055 0.052307
3 0.281819 0.566514 0.032064 0.047592
3 0.725721 0.639455 0.030273 0.057064
4 0.723619 0.522148 0.139557 0.304362
5 0.271866 0.501539 0.150490 0.320210
1 0.609022 0.903649 0.032926 0.061812
1 0.629515 0.851883 0.032950 0.066552
1 0.634734 0.924056 0.032945 0.055378
1 0.229284 0.953318 0.032950 0.047576
1 0.124027 0.748045 0.036508 0.049144
