1 0.871730 0.145993 0.027602 0.058569
0 0.502266 0.311326 0.090313 0.113653
0 0.502660 0.916215 0.127367 0.167569
0 0.689359 0.150375 0.065078 0.126750
0 0.804141 0.703701 0.112187 0.184542
1 0.351719 0.431910 0.034719 0.060181
1 0.610867 0.533222 0.032078 0.066500
1 0.538316 0.283097 0.032945 0.060167
1 0.543660 0.150118 0.029383 0.050653
1 0.736445 0.127924 0.023156 0.041097
1 0.814973 0.049014 0.023148 0.045917
1 0.936355 0.799174 0.034727 0.066486
1 0.282750 0.183368 0.027609 0.047486
1 0.584621 0.596549 0.032945 0.066486
1 0.493637 0.390278 0.035617 0.066500
2 0.896730 0.622667 0.032055 0.068083
3 0.255594 0.313965 0.028500 0.049069
3 0.790270 0.313799 0.028508 0.045875
4 0.835734 0.435069 0.175422 0.351444
5 0.257375 0.449319 0.174531 0.357778
1 0.602879 0.936104 0.037398 0.064903
1 0.611793 0.980306 0.042758 0.039389
1 0.655410 0.929778 0.046305 0.071250
2 0.587754 0.863340 0.033852 0.068042
