0 0.306477 0.700482 0.081051 0.137827
0 0.246654 0.848263 0.096136 0.155369
0 0.462703 0.889341 0.086395 0.147424
0 0.704350 0.348289 0.074797 0.099866
1 0.083723 0.827420 0.040961 0.050730
1 0.243975 0.158045 0.030278 0.039631
1 0.245118 0.194778 0.029387 0.034874
1 0.189090 0.485185 0.033836 0.058658
1 0.318332 0.396124 0.025825 0.045973
1 0.287620 0.241565 0.024910 0.044388
1 0.291942 0.390684 0.023139 0.042794
1 0.276343 0.477294 0.027625 0.041183
1 0.513838 0.501267 0.030278 0.053893
1 0.517168 0.639052 0.028492 0.057064
1 0.760250 0.207173 0.027606 0.036460
1 0.763989 0.232588 0.024934 0.033297
1 0.682795 0.396783 0.028492 0.042525
1 0.729116 0.384979 0.024934 0.039622
1 0.727295 0.899958 0.032950 0.060235
1 0.715738 0.949174 0.032059 0.057072
1 0.773360 0.939853 0.029387 0.058649
1 0.873037 0.824799 0.032945 0.049144
2 0.311473 0.429413 0.028497 0.045973
2 0.765792 0.641833 0.032055 0.052307
3 0.282356 0.553377 0.034731 0.055478
3 0.725721 0.639455 0.030273 0.057064
4 0.723534 0.522148 0.139727 0.304362
5 0.271975 0.501539 0.150490 0.320210
1 0.269366 0.893431 0.032926 0.061812
1 0.313433 0.900512 0.030278 0.054899
1 0.293574 0.945357 0.032945 0.049069
1 0.229284 0.953318 0.032950 0.047576
1 0.122915 0.749144 0.036508 0.049144
