1 0.871836 0.145951 0.027609 0.058569
0 0.497461 0.318771 0.092016 0.124736
0 0.502660 0.916215 0.127367 0.167569
0 0.686457 0.152778 0.065070 0.126750
0 0.799227 0.672847 0.091734 0.185111
1 0.351770 0.431910 0.034727 0.060181
1 0.620664 0.549049 0.032078 0.066486
1 0.529402 0.291035 0.032945 0.060153
1 0.543660 0.150118 0.029383 0.050653
1 0.736445 0.127931 0.023156 0.041111
1 0.815020 0.048847 0.023148 0.045917
1 0.936355 0.799174 0.034727 0.066486
1 0.282750 0.183368 0.027609 0.047486
1 0.584621 0.596549 0.032945 0.066486
1 0.484941 0.407722 0.035617 0.066500
2 0.896730 0.622667 0.032055 0.068083
3 0.255594 0.313965 0.028500 0.049069
3 0.790086 0.313562 0.028516 0.045875
4 0.835734 0.435069 0.175422 0.351444
5 0.257375 0.449319 0.174531 0.357778
1 0.557332 0.931354 0.037398 0.064903
1 0.589277 0.977479 0.042758 0.040514
1 0.619793 0.913424 0.046305 0.071236
2 0.583004 0.891833 0.033852 0.068056
