0 0.432656 0.648234 0.092644 0.152106
0 0.376239 0.900990 0.091687 0.145940
0 0.603197 0.885583 0.090844 0.163213
0 0.704350 0.349866 0.074797 0.099866
1 0.084840 0.826598 0.040961 0.050730
1 0.243975 0.159606 0.030278 0.039631
1 0.247038 0.195709 0.029383 0.034874
1 0.190153 0.491674 0.033841 0.058649
1 0.318332 0.396124 0.025825 0.045973
1 0.287620 0.241565 0.024910 0.044388
1 0.295257 0.389656 0.023313 0.041326
1 0.310264 0.500558 0.027625 0.041183
1 0.513897 0.500935 0.030273 0.053901
1 0.520172 0.638565 0.028497 0.057064
1 0.760551 0.208716 0.027606 0.036460
1 0.765035 0.232278 0.024934 0.033297
1 0.682573 0.404279 0.028492 0.044111
1 0.729988 0.386841 0.024934 0.039622
1 0.727580 0.894849 0.032945 0.060235
1 0.718735 0.947987 0.032059 0.057064
1 0.773360 0.939853 0.029387 0.058649
1 0.872168 0.820961 0.032950 0.049136
2 0.312542 0.434169 0.028497 0.045973
2 0.765792 0.641833 0.032055 0.052307
3 0.281282 0.562815 0.032064 0.047592
3 0.725721 0.639455 0.030273 0.057064
4 0.723579 0.522148 0.139637 0.304362
5 0.271918 0.501539 0.150490 0.320210
1 0.397592 0.912911 0.032931 0.061812
1 0.427856 0.885176 0.032950 0.066560
1 0.426967 0.938255 0.032945 0.055503
1 0.229284 0.953318 0.032950 0.047576
1 0.123506 0.748557 0.036513 0.049144
