0 0.356164 0.180639 0.072125 0.099722
0 0.336211 0.831090 0.113984 0.215292
0 0.680148 0.162083 0.064109 0.123472
0 0.793199 0.807833 0.087273 0.193139
1 0.530184 0.428826 0.034727 0.071236
1 0.575887 0.426674 0.033836 0.066486
1 0.527051 0.295208 0.032945 0.060167
1 0.543660 0.150118 0.029383 0.050653
1 0.736445 0.127951 0.023156 0.041153
1 0.816406 0.043917 0.023156 0.045917
1 0.936355 0.799174 0.034727 0.066486
1 0.282750 0.183368 0.027609 0.047486
1 0.584621 0.596549 0.032945 0.066486
1 0.674668 0.429750 0.035617 0.066500
2 0.856184 0.765299 0.032055 0.068069
3 0.310258 0.213285 0.027891 0.049069
3 0.705539 0.130236 0.027609 0.045917
4 0.835734 0.435069 0.175422 0.351444
5 0.256168 0.450035 0.174539 0.357764
1 0.428336 0.439396 0.037406 0.064903
1 0.216473 0.953521 0.040070 0.052236
1 0.568699 0.934014 0.046305 0.071250
2 0.399059 0.895674 0.048977 0.088653
