1 0.874687 0.144681 0.027609 0.058583
0 0.438582 0.304465 0.072133 0.099736
0 0.398062 0.560132 0.113984 0.215292
0 0.675895 0.305264 0.064117 0.123472
0 0.719531 0.533222 0.087266 0.193139
1 0.529355 0.430854 0.034727 0.071236
1 0.574934 0.427576 0.033836 0.066486
1 0.527309 0.294757 0.032945 0.060153
1 0.543660 0.150118 0.029383 0.050653
1 0.736445 0.127951 0.023156 0.041153
1 0.816254 0.044458 0.023148 0.045917
1 0.936355 0.799174 0.034727 0.066486
1 0.282750 0.183368 0.027609 0.047486
1 0.584621 0.596549 0.032945 0.066486
1 0.673496 0.426194 0.035617 0.066500
2 0.896375 0.613382 0.032063 0.068069
3 0.257371 0.301306 0.028492 0.049083
3 0.762281 0.263306 0.028516 0.045917
4 0.835734 0.435069 0.175422 0.351444
5 0.257375 0.449319 0.174531 0.357778
1 0.427871 0.442562 0.037398 0.064903
1 0.218426 0.953521 0.040070 0.052236
1 0.569168 0.933576 0.046305 0.071236
2 0.398762 0.895604 0.048977 0.088653
