0 0.613947 0.756753 0.072201 0.164799
0 0.257811 0.701242 0.096103 0.141158
0 0.280035 0.845524 0.091730 0.180545
0 0.540078 0.557794 0.072163 0.137919
1 0.091070 0.822030 0.040961 0.050721
1 0.243975 0.168322 0.030278 0.039631
1 0.247000 0.199132 0.029383 0.034874
1 0.186951 0.495239 0.033836 0.058649
1 0.318332 0.396124 0.025825 0.045973
1 0.287620 0.241565 0.024910 0.044388
1 0.291774 0.389652 0.023313 0.041317
1 0.312088 0.518964 0.027625 0.041183
1 0.523584 0.656099 0.030278 0.053893
1 0.694927 0.906326 0.028497 0.057064
1 0.762776 0.189677 0.027606 0.049455
1 0.779149 0.226518 0.024934 0.039664
1 0.719331 0.412081 0.023148 0.047567
1 0.732844 0.392945 0.024934 0.039614
1 0.728961 0.889589 0.030646 0.054111
1 0.716859 0.945755 0.033624 0.053188
1 0.773360 0.939853 0.029387 0.058649
1 0.880115 0.820151 0.032945 0.049144
2 0.312542 0.434169 0.028497 0.045973
2 0.765792 0.641833 0.032055 0.052307
3 0.281381 0.564929 0.032064 0.047592
3 0.725721 0.639455 0.030273 0.057064
4 0.723836 0.522148 0.139123 0.304362
5 0.271583 0.501539 0.150490 0.320210
1 0.227382 0.718154 0.032926 0.061812
1 0.772924 0.822148 0.032041 0.058591
1 0.206892 0.733431 0.032945 0.053926
1 0.229284 0.953318 0.032950 0.047576
1 0.126805 0.745294 0.036513 0.049144
