0 0.590815 0.893989 0.089114 0.152156
0 0.265726 0.687567 0.091583 0.150856
0 0.335429 0.853838 0.099793 0.144119
0 0.653332 0.828469 0.098907 0.171065
1 0.096725 0.817886 0.040961 0.050721
1 0.243975 0.176229 0.030278 0.039622
1 0.244753 0.208133 0.029383 0.034874
1 0.184046 0.498469 0.033841 0.058649
1 0.318332 0.396124 0.025825 0.045973
1 0.287620 0.241565 0.024910 0.044388
1 0.291774 0.389652 0.023313 0.041317
1 0.312088 0.518964 0.027625 0.041183
1 0.538047 0.713779 0.030278 0.055512
1 0.357385 0.945214 0.033845 0.057072
1 0.756682 0.202353 0.027606 0.042760
1 0.718598 0.412777 0.023153 0.047567
1 0.732844 0.392945 0.024934 0.039614
1 0.721506 0.918645 0.029383 0.050747
1 0.710328 0.953683 0.033624 0.053188
1 0.773360 0.939853 0.029387 0.058649
1 0.878108 0.819375 0.032945 0.049136
2 0.312542 0.434169 0.028497 0.045973
2 0.765792 0.641833 0.032055 0.052307
3 0.281381 0.564929 0.032064 0.047592
3 0.725721 0.639455 0.030273 0.057064
4 0.723047 0.522148 0.138921 0.304362
5 0.271282 0.501539 0.150490 0.320210
1 0.213582 0.670105 0.028803 0.056988
1 0.501409 0.949522 0.033836 0.058591
1 0.218153 0.728221 0.024929 0.053926
1 0.229284 0.953318 0.032950 0.047576
1 0.129800 0.742336 0.036508 0.049136
