0 0.489762 0.681174 0.079298 0.141007
0 0.557853 0.905747 0.091682 0.145940
0 0.652467 0.912722 0.087253 0.131485
0 0.704350 0.352181 0.074797 0.099866
1 0.086475 0.825403 0.040961 0.050721
1 0.243975 0.161896 0.030278 0.039631
1 0.249852 0.197076 0.029383 0.034874
1 0.189312 0.492609 0.033836 0.058658
1 0.318332 0.396124 0.025825 0.045973
1 0.287620 0.241565 0.024910 0.044388
1 0.294291 0.389656 0.023313 0.041326
1 0.312088 0.518964 0.027625 0.041183
1 0.513984 0.500449 0.030278 0.053901
1 0.524272 0.638805 0.028497 0.057072
1 0.760987 0.210982 0.027601 0.036460
1 0.766567 0.231820 0.024934 0.033289
1 0.682248 0.415268 0.028492 0.046426
1 0.731265 0.389572 0.024934 0.039614
1 0.727992 0.888389 0.032846 0.059966
1 0.720483 0.945755 0.033624 0.053188
1 0.773360 0.939853 0.029387 0.058649
1 0.877762 0.820961 0.032950 0.049136
2 0.312542 0.434169 0.028497 0.045973
2 0.765792 0.641833 0.032055 0.052307
3 0.278732 0.566502 0.032064 0.047601
3 0.725721 0.639455 0.030273 0.057064
4 0.723648 0.522148 0.139500 0.304362
5 0.271828 0.501539 0.150490 0.320210
1 0.596261 0.899631 0.032926 0.061812
1 0.626697 0.771514 0.032950 0.066552
1 0.609595 0.926661 0.032950 0.053926
1 0.229284 0.953318 0.032950 0.047576
1 0.124371 0.747701 0.036508 0.049144
