0 0.741536 0.759132 0.093582 0.163230
0 0.261918 0.678276 0.092564 0.114253
0 0.238648 0.797890 0.104204 0.156686
0 0.663848 0.514962 0.080627 0.129958
1 0.093435 0.820298 0.040961 0.050730
1 0.243975 0.171628 0.030278 0.039631
1 0.246060 0.202898 0.029387 0.034874
1 0.185735 0.496590 0.033836 0.058649
1 0.318332 0.396124 0.025825 0.045973
1 0.287620 0.241565 0.024910 0.044388
1 0.291774 0.389652 0.023313 0.041317
1 0.312088 0.518964 0.027625 0.041183
1 0.545179 0.689606 0.030273 0.055520
1 0.691395 0.910096 0.028492 0.057072
1 0.752502 0.201288 0.027606 0.042760
1 0.765799 0.226812 0.021381 0.027567
1 0.718598 0.412777 0.023153 0.047567
1 0.732844 0.392945 0.024934 0.039614
1 0.723648 0.900558 0.029510 0.051099
1 0.714993 0.945755 0.033624 0.053188
1 0.773360 0.939853 0.029387 0.058649
1 0.875935 0.819404 0.032945 0.049144
2 0.312542 0.434169 0.028497 0.045973
2 0.765792 0.641833 0.032055 0.052307
3 0.281381 0.564929 0.032064 0.047592
3 0.725721 0.639455 0.030273 0.057064
4 0.723933 0.522148 0.138930 0.304362
5 0.271461 0.501539 0.150490 0.320210
1 0.236746 0.682559 0.032926 0.061812
1 0.751845 0.854350 0.032041 0.058599
1 0.215702 0.732978 0.032950 0.053926
1 0.229284 0.953318 0.032950 0.047576
1 0.128058 0.744060 0.036513 0.049144
