0 0.478334 0.685235 0.079298 0.141007
0 0.572863 0.901971 0.091682 0.145940
0 0.670019 0.914207 0.087257 0.131485
0 0.704350 0.351854 0.074797 0.099866
1 0.086244 0.825570 0.040961 0.050721
1 0.243975 0.161569 0.030278 0.039631
1 0.249453 0.196883 0.029387 0.034874
1 0.189432 0.492479 0.033841 0.058649
1 0.318332 0.396124 0.025825 0.045973
1 0.287620 0.241565 0.024910 0.044388
1 0.294427 0.389656 0.023313 0.041326
1 0.312088 0.518964 0.027625 0.041183
1 0.513970 0.500516 0.030278 0.053901
1 0.523956 0.637953 0.028497 0.057064
1 0.760926 0.210663 0.027601 0.036460
1 0.766352 0.231888 0.024929 0.033289
1 0.682295 0.413716 0.028492 0.046091
1 0.731086 0.389186 0.024934 0.039614
1 0.727943 0.888423 0.032945 0.060235
1 0.720667 0.945755 0.033624 0.053188
1 0.773360 0.939853 0.029387 0.058649
1 0.876972 0.820961 0.032945 0.049136
2 0.312542 0.434169 0.028497 0.045973
2 0.765792 0.641833 0.032055 0.052307
3 0.279680 0.566514 0.032064 0.047592
3 0.725721 0.639455 0.030273 0.057064
4 0.723638 0.522148 0.139519 0.304362
5 0.271843 0.501539 0.150490 0.320210
1 0.607797 0.900378 0.032926 0.061812
1 0.629326 0.799576 0.032950 0.066552
1 0.618278 0.924757 0.032945 0.053993
1 0.229284 0.953318 0.032950 0.047576
1 0.124248 0.747823 0.036508 0.049136
