1 0.872051 0.145854 0.027602 0.058569
0 0.480543 0.344611 0.098758 0.154250
0 0.435578 0.915389 0.127359 0.169222
0 0.680652 0.157611 0.065070 0.126750
0 0.792008 0.646417 0.103078 0.185111
1 0.351875 0.431910 0.034719 0.060181
1 0.642391 0.544299 0.032078 0.066486
1 0.529246 0.291313 0.032945 0.060153
1 0.543660 0.150118 0.029383 0.050653
1 0.736445 0.127931 0.023156 0.041111
1 0.815109 0.048521 0.023156 0.045903
1 0.936355 0.799174 0.034727 0.066486
1 0.282750 0.183368 0.027609 0.047486
1 0.584621 0.596549 0.032945 0.066486
1 0.493250 0.433924 0.035625 0.066486
2 0.896730 0.622667 0.032055 0.068083
3 0.255594 0.313965 0.028500 0.049069
3 0.789727 0.313104 0.028516 0.045875
4 0.835734 0.435069 0.175422 0.351444
5 0.257375 0.449319 0.174531 0.357778
1 0.479480 0.938479 0.037398 0.064903
1 0.526918 0.982924 0.041930 0.034153
1 0.571043 0.923868 0.046305 0.071236
2 0.519629 0.930625 0.033852 0.068056
