0 0.599515 0.894455 0.089114 0.152148
0 0.266103 0.686858 0.091631 0.149102
0 0.331979 0.855143 0.099444 0.149430
0 0.656970 0.823154 0.098907 0.171074
1 0.096593 0.817982 0.040961 0.050730
1 0.243975 0.176040 0.030278 0.039631
1 0.244807 0.207915 0.029387 0.034874
1 0.184116 0.498393 0.033841 0.058649
1 0.318332 0.396124 0.025825 0.045973
1 0.287620 0.241565 0.024910 0.044388
1 0.291774 0.389652 0.023313 0.041317
1 0.312088 0.518964 0.027625 0.041183
1 0.538002 0.713985 0.030273 0.055520
1 0.369654 0.944023 0.033850 0.057072
1 0.756513 0.202311 0.027606 0.042760
1 0.718598 0.412777 0.023153 0.047567
1 0.732844 0.392945 0.024934 0.039614
1 0.721376 0.918943 0.029387 0.050755
1 0.710328 0.953683 0.033624 0.053188
1 0.773360 0.939853 0.029387 0.058649
1 0.878009 0.819375 0.032945 0.049136
2 0.312542 0.434169 0.028497 0.045973
2 0.765792 0.641833 0.032055 0.052307
3 0.281381 0.564929 0.032064 0.047592
3 0.725721 0.639455 0.030273 0.057064
4 0.723047 0.522148 0.138921 0.304362
5 0.271291 0.501539 0.150490 0.320210
1 0.213504 0.670935 0.029477 0.058716
1 0.501574 0.949820 0.033836 0.058599
1 0.217026 0.725239 0.024929 0.053935
1 0.229284 0.953318 0.032950 0.047576
1 0.129729 0.742408 0.036508 0.049144
