0 0.647090 0.683100 0.077743 0.140747
0 0.267818 0.699421 0.100141 0.158121
0 0.297198 0.893637 0.087253 0.131485
0 0.632509 0.336439 0.074133 0.106233
1 0.089746 0.823003 0.040961 0.050721
1 0.243975 0.166468 0.030278 0.039631
1 0.262820 0.197487 0.029383 0.034874
1 0.187634 0.494480 0.033836 0.058658
1 0.318332 0.396124 0.025825 0.045973
1 0.287620 0.241565 0.024910 0.044388
1 0.292354 0.389652 0.023313 0.041317
1 0.312088 0.518964 0.027625 0.041183
1 0.515186 0.498037 0.030278 0.053893
1 0.697069 0.804782 0.028492 0.057064
1 0.758582 0.209992 0.027606 0.036460
1 0.769762 0.236829 0.024934 0.043205
1 0.722139 0.409413 0.023148 0.047567
1 0.732844 0.392945 0.024934 0.039614
1 0.728680 0.889241 0.031282 0.055797
1 0.717905 0.945755 0.033624 0.053188
1 0.773360 0.939853 0.029387 0.058649
1 0.882462 0.820570 0.032945 0.049144
2 0.312542 0.434169 0.028497 0.045973
2 0.765792 0.641833 0.032055 0.052307
3 0.280768 0.565294 0.032064 0.047601
3 0.725721 0.639455 0.030273 0.057064
4 0.723782 0.522148 0.139232 0.304362
5 0.271654 0.501539 0.150490 0.320210
1 0.244168 0.719706 0.032926 0.061812
1 0.745994 0.706942 0.029746 0.062710
1 0.233421 0.826879 0.032950 0.053926
1 0.229284 0.953318 0.032950 0.047576
1 0.126103 0.745990 0.036513 0.049144
