1 0.871898 0.145924 0.027609 0.058569
0 0.494258 0.324806 0.092734 0.134278
0 0.495984 0.916215 0.127359 0.167569
0 0.684797 0.154167 0.065078 0.126750
0 0.798570 0.656417 0.092766 0.185111
1 0.351801 0.431910 0.034727 0.060181
1 0.627785 0.554326 0.032070 0.066486
1 0.529355 0.291111 0.032945 0.060167
1 0.543660 0.150118 0.029383 0.050653
1 0.736445 0.127931 0.023156 0.041111
1 0.815043 0.048757 0.023148 0.045903
1 0.936355 0.799174 0.034727 0.066486
1 0.282750 0.183368 0.027609 0.047486
1 0.584621 0.596549 0.032945 0.066486
1 0.485426 0.412993 0.035617 0.066486
2 0.896730 0.622667 0.032055 0.068083
3 0.255594 0.313965 0.028500 0.049069
3 0.789984 0.313438 0.028516 0.045875
4 0.835734 0.435069 0.175422 0.351444
5 0.257375 0.449319 0.174531 0.357778
1 0.536535 0.931354 0.037398 0.064903
1 0.567715 0.977931 0.042758 0.040972
1 0.606441 0.913951 0.046305 0.071236
2 0.569941 0.902917 0.033852 0.068056
