0 0.477458 0.678440 0.079298 0.141007
0 0.532092 0.905747 0.091687 0.145940
0 0.624781 0.910667 0.087253 0.131485
0 0.704350 0.352697 0.074797 0.099874
1 0.086838 0.825134 0.040961 0.050721
1 0.243975 0.162399 0.030278 0.039631
1 0.250481 0.197378 0.029387 0.034874
1 0.189126 0.492819 0.033841 0.058658
1 0.318332 0.396124 0.025825 0.045973
1 0.287620 0.241565 0.024910 0.044388
1 0.294074 0.389656 0.023313 0.041326
1 0.312088 0.518964 0.027625 0.041183
1 0.514003 0.500340 0.030278 0.053901
1 0.522349 0.647706 0.028497 0.057072
1 0.761084 0.211485 0.027606 0.036460
1 0.766911 0.231720 0.024934 0.033289
1 0.682175 0.417722 0.028497 0.046938
1 0.731553 0.390180 0.024934 0.039622
1 0.728070 0.888486 0.032672 0.059505
1 0.720196 0.945755 0.033624 0.053188
1 0.773360 0.939853 0.029387 0.058649
1 0.879013 0.820961 0.032945 0.049136
2 0.312542 0.434169 0.028497 0.045973
2 0.765792 0.641833 0.032055 0.052307
3 0.278961 0.566367 0.032069 0.047601
3 0.725721 0.639455 0.030273 0.057064
4 0.723662 0.522148 0.139472 0.304362
5 0.271810 0.501539 0.150490 0.320210
1 0.575761 0.897718 0.032926 0.061812
1 0.629585 0.745877 0.032950 0.066552
1 0.576527 0.929400 0.032950 0.053935
1 0.229284 0.953318 0.032950 0.047576
1 0.124564 0.747513 0.036508 0.049136
