0 0.619404 0.895508 0.089119 0.152156
0 0.263457 0.685231 0.091739 0.145092
0 0.327615 0.859228 0.098058 0.170705
0 0.665280 0.810998 0.098902 0.171074
1 0.096282 0.818209 0.040961 0.050730
1 0.243975 0.175612 0.030278 0.039631
1 0.244929 0.207429 0.029387 0.034874
1 0.184274 0.498217 0.033836 0.058649
1 0.318332 0.396124 0.025825 0.045973
1 0.287620 0.241565 0.024910 0.044388
1 0.291774 0.389652 0.023313 0.041317
1 0.312088 0.518964 0.027625 0.041183
1 0.537901 0.714451 0.030278 0.055512
1 0.398607 0.944841 0.033850 0.057064
1 0.756122 0.202211 0.027606 0.042760
1 0.718598 0.412777 0.023153 0.047567
1 0.732844 0.392945 0.024934 0.039614
1 0.721077 0.919622 0.029383 0.050755
1 0.710328 0.953683 0.033624 0.053188
1 0.773360 0.939853 0.029387 0.058649
1 0.877783 0.819375 0.032945 0.049136
2 0.312542 0.434169 0.028497 0.045973
2 0.765792 0.641833 0.032055 0.052307
3 0.281381 0.564929 0.032064 0.047592
3 0.725721 0.639455 0.030273 0.057064
4 0.723047 0.522148 0.138921 0.304362
5 0.271308 0.501539 0.150485 0.320210
1 0.218066 0.666825 0.029844 0.059052
1 0.501956 0.950508 0.033836 0.058599
1 0.212521 0.713310 0.024929 0.053935
1 0.229284 0.953318 0.032950 0.047576
1 0.129564 0.742567 0.036508 0.049144
