0 0.570650 0.895524 0.089114 0.152156
0 0.254262 0.690923 0.091362 0.159128
0 0.354797 0.876980 0.082149 0.157198
0 0.646451 0.840143 0.098907 0.171074
1 0.097361 0.817420 0.040961 0.050730
1 0.243975 0.177114 0.030278 0.039631
1 0.244500 0.209140 0.029387 0.034874
1 0.183721 0.498834 0.033841 0.058658
1 0.318332 0.396124 0.025825 0.045973
1 0.287620 0.241565 0.024910 0.044388
1 0.291774 0.389652 0.023313 0.041317
1 0.312088 0.518964 0.027625 0.041183
1 0.538254 0.712819 0.030278 0.055520
1 0.309399 0.951527 0.033850 0.057064
1 0.757491 0.202559 0.027601 0.042768
1 0.718598 0.412777 0.023153 0.047567
1 0.732844 0.392945 0.024934 0.039614
1 0.722123 0.917244 0.029383 0.050747
1 0.710328 0.953683 0.033624 0.053188
1 0.773360 0.939853 0.029387 0.058649
1 0.878572 0.819375 0.032950 0.049136
2 0.312542 0.434169 0.028497 0.045973
2 0.765792 0.641833 0.032055 0.052307
3 0.281381 0.564929 0.032064 0.047592
3 0.725721 0.639455 0.030273 0.057064
4 0.723047 0.522148 0.138921 0.304362
5 0.271249 0.501539 0.150490 0.320210
1 0.225113 0.649228 0.024939 0.045990
1 0.500631 0.948104 0.033836 0.058591
1 0.229284 0.953318 0.032950 0.047576
1 0.130134 0.742005 0.036508 0.049144
