0 0.624844 0.715554 0.087785 0.134715
0 0.256857 0.676489 0.092564 0.114253
0 0.251777 0.792227 0.077512 0.166183
0 0.635403 0.599954 0.086404 0.130025
1 0.092092 0.821284 0.040961 0.050721
1 0.243975 0.169748 0.030278 0.039631
1 0.246595 0.200751 0.029383 0.034874
1 0.186428 0.495818 0.033836 0.058649
1 0.318332 0.396124 0.025825 0.045973
1 0.287620 0.241565 0.024910 0.044388
1 0.291774 0.389652 0.023313 0.041317
1 0.312088 0.518964 0.027625 0.041183
1 0.549790 0.767273 0.030278 0.053893
1 0.693405 0.907949 0.028497 0.057072
1 0.745278 0.196380 0.027606 0.042760
1 0.768787 0.232613 0.027356 0.039169
1 0.718598 0.412777 0.023153 0.047567
1 0.732844 0.392945 0.024934 0.039614
1 0.728862 0.890415 0.030156 0.052810
1 0.716058 0.945755 0.033624 0.053188
1 0.773360 0.939853 0.029387 0.058649
1 0.878315 0.819832 0.032945 0.049144
2 0.312542 0.434169 0.028497 0.045973
2 0.765792 0.641833 0.032055 0.052307
3 0.281381 0.564929 0.032064 0.047592
3 0.725721 0.639455 0.030273 0.057064
4 0.723878 0.522148 0.139039 0.304362
5 0.271532 0.501539 0.150490 0.320210
1 0.234512 0.675134 0.032926 0.061812
1 0.768424 0.833100 0.032041 0.058599
1 0.214237 0.699685 0.032950 0.053935
1 0.229284 0.953318 0.032950 0.047576
1 0.127344 0.744765 0.036508 0.049144
