1 0.872246 0.145771 0.027602 0.058569
0 0.453727 0.406500 0.100703 0.166250
0 0.420145 0.914896 0.127367 0.170208
0 0.688688 0.208472 0.073062 0.134611
0 0.805309 0.638417 0.111320 0.185111
1 0.351973 0.431910 0.034727 0.060181
1 0.660141 0.532694 0.032078 0.066500
1 0.529098 0.291563 0.032945 0.060153
1 0.543660 0.150118 0.029383 0.050653
1 0.736445 0.127931 0.023156 0.041111
1 0.815195 0.048215 0.023156 0.045903
1 0.936355 0.799174 0.034727 0.066486
1 0.282750 0.183368 0.027609 0.047486
1 0.584621 0.596549 0.032945 0.066486
1 0.522660 0.429437 0.035617 0.066486
2 0.896730 0.622667 0.032055 0.068083
3 0.255594 0.313965 0.028500 0.049069
3 0.789391 0.312674 0.028516 0.045875
4 0.835734 0.435069 0.175422 0.351444
5 0.257375 0.449319 0.174531 0.357778
1 0.461293 0.948771 0.037398 0.064903
1 0.516949 0.988229 0.040070 0.023542
1 0.572441 0.930521 0.046305 0.071236
2 0.509391 0.942493 0.033844 0.068042
