0 0.468325 0.673582 0.079298 0.141007
0 0.454234 0.905235 0.091682 0.145940
0 0.546034 0.907672 0.087253 0.131485
0 0.699310 0.335885 0.075094 0.103968
1 0.087493 0.824652 0.040961 0.050730
1 0.243975 0.163314 0.030278 0.039631
1 0.251605 0.197924 0.029383 0.034874
1 0.188789 0.493192 0.033836 0.058649
1 0.318332 0.396124 0.025825 0.045973
1 0.287620 0.241565 0.024910 0.044388
1 0.293688 0.389656 0.023313 0.041326
1 0.312088 0.518964 0.027625 0.041183
1 0.514039 0.500147 0.030273 0.053901
1 0.518582 0.662068 0.028492 0.057072
1 0.760954 0.211879 0.027601 0.036460
1 0.767524 0.231535 0.024934 0.033289
1 0.693358 0.445780 0.027564 0.047567
1 0.732062 0.391275 0.024934 0.039614
1 0.728207 0.888654 0.032361 0.058666
1 0.719682 0.945755 0.033624 0.053188
1 0.773360 0.939853 0.029387 0.058649
1 0.881249 0.820961 0.032950 0.049136
2 0.312542 0.434169 0.028497 0.045973
2 0.765792 0.641833 0.032055 0.052307
3 0.279369 0.566128 0.032064 0.047592
3 0.725721 0.639455 0.030273 0.057064
4 0.723688 0.522148 0.139420 0.304362
5 0.271777 0.501539 0.150490 0.320210
1 0.491275 0.877987 0.032926 0.061812
1 0.644713 0.702689 0.032950 0.066552
1 0.490978 0.934765 0.032945 0.053926
1 0.229284 0.953318 0.032950 0.047576
1 0.124913 0.747169 0.036508 0.049136
