0 0.643600 0.894790 0.089114 0.140621
0 0.259984 0.683100 0.091880 0.139824
0 0.304576 0.867810 0.099142 0.178104
0 0.671805 0.773821 0.098907 0.171065
1 0.095881 0.818507 0.040961 0.050721
1 0.243975 0.175042 0.030278 0.039631
1 0.245090 0.206783 0.029387 0.034874
1 0.184482 0.497987 0.033836 0.058658
1 0.318332 0.396124 0.025825 0.045973
1 0.287620 0.241565 0.024910 0.044388
1 0.291774 0.389652 0.023313 0.041317
1 0.312088 0.518964 0.027625 0.041183
1 0.537022 0.721976 0.030273 0.055512
1 0.446037 0.938196 0.033845 0.057064
1 0.755608 0.202081 0.027606 0.042768
1 0.718598 0.412777 0.023153 0.047567
1 0.732844 0.392945 0.024934 0.039614
1 0.720686 0.920516 0.029383 0.050747
1 0.710328 0.953683 0.033624 0.053188
1 0.773360 0.939853 0.029387 0.058649
1 0.877486 0.819375 0.032945 0.049136
2 0.312542 0.434169 0.028497 0.045973
2 0.765792 0.641833 0.032055 0.052307
3 0.281381 0.564929 0.032064 0.047592
3 0.725721 0.639455 0.030273 0.057064
4 0.723047 0.522148 0.138921 0.304362
5 0.271329 0.501539 0.150490 0.320210
1 0.223042 0.662777 0.030325 0.059480
1 0.499783 0.935126 0.033836 0.058591
1 0.207564 0.700801 0.024929 0.053935
1 0.229284 0.953318 0.032950 0.047576
1 0.129352 0.742777 0.036508 0.049144
