0 0.354336 0.179306 0.072125 0.099722
0 0.329531 0.862701 0.113984 0.215292
0 0.679629 0.153653 0.064117 0.123472
0 0.790703 0.815583 0.087266 0.193139
1 0.530941 0.426979 0.034727 0.071236
1 0.576762 0.425854 0.033836 0.066486
1 0.526816 0.295625 0.032945 0.060167
1 0.543660 0.150118 0.029383 0.050653
1 0.736445 0.127958 0.023156 0.041167
1 0.816543 0.043431 0.023148 0.045917
1 0.936355 0.799174 0.034727 0.066486
1 0.282750 0.183368 0.027609 0.047486
1 0.584621 0.596549 0.032945 0.066486
1 0.674918 0.428993 0.035617 0.066486
2 0.838254 0.797188 0.032055 0.068069
3 0.319035 0.205188 0.028492 0.049069
3 0.701008 0.123187 0.027609 0.045903
4 0.835734 0.435069 0.175422 0.351444
5 0.255070 0.450688 0.174531 0.357764
1 0.428340 0.439118 0.037398 0.064903
1 0.214691 0.953521 0.040070 0.052236
1 0.568270 0.934410 0.046305 0.071236
2 0.399324 0.895729 0.048977 0.088653
