1 0.872793 0.145521 0.027602 0.058569
0 0.387656 0.434222 0.092625 0.121944
0 0.298910 0.848965 0.143695 0.220125
0 0.715867 0.343542 0.089375 0.157361
0 0.642473 0.660611 0.119383 0.178833
1 0.353316 0.427951 0.034727 0.060181
1 0.681535 0.520035 0.033836 0.066486
1 0.528699 0.292278 0.032945 0.060167
1 0.543660 0.150118 0.029383 0.050653
1 0.736445 0.127938 0.023156 0.041125
1 0.815434 0.047375 0.023148 0.045917
1 0.936355 0.799174 0.034727 0.066486
1 0.282750 0.183368 0.027609 0.047486
1 0.584621 0.596549 0.032945 0.066486
1 0.478012 0.380896 0.035617 0.066486
2 0.896730 0.622667 0.032055 0.068083
3 0.255594 0.313965 0.028500 0.049069
3 0.788461 0.311493 0.028516 0.045875
4 0.835734 0.435069 0.175422 0.351444
5 0.257375 0.449319 0.174531 0.357778
1 0.337113 0.861125 0.037398 0.064917
1 0.496465 0.943222 0.040070 0.066500
1 0.571715 0.931201 0.046305 0.071236
2 0.416773 0.911597 0.040953 0.079194
