0 0.471468 0.672743 0.079298 0.141007
0 0.428777 0.904958 0.091682 0.145940
0 0.521364 0.907387 0.087253 0.131485
0 0.696562 0.326376 0.075254 0.106208
1 0.087611 0.824568 0.040961 0.050730
1 0.243975 0.163482 0.030278 0.039631
1 0.251805 0.198024 0.029387 0.034874
1 0.188730 0.493259 0.033841 0.058649
1 0.318332 0.396124 0.025825 0.045973
1 0.287620 0.241565 0.024910 0.044388
1 0.293617 0.389656 0.023313 0.041326
1 0.312088 0.518964 0.027625 0.041183
1 0.514043 0.500109 0.030273 0.053893
1 0.517797 0.664027 0.028497 0.057064
1 0.760834 0.211779 0.027606 0.036460
1 0.767632 0.231506 0.024934 0.033297
1 0.702177 0.450000 0.027050 0.047567
1 0.732154 0.391468 0.024929 0.039614
1 0.728230 0.888683 0.032304 0.058523
1 0.719588 0.945755 0.033624 0.053188
1 0.773360 0.939853 0.029387 0.058649
1 0.881645 0.820961 0.032950 0.049136
2 0.312542 0.434169 0.028497 0.045973
2 0.765792 0.641833 0.032055 0.052307
3 0.279439 0.566082 0.032064 0.047601
3 0.725721 0.639455 0.030273 0.057064
4 0.723692 0.522148 0.139411 0.304362
5 0.271770 0.501539 0.150485 0.320210
1 0.466605 0.878826 0.032926 0.061812
1 0.646913 0.696531 0.032950 0.066552
1 0.466148 0.935885 0.032945 0.053935
1 0.229284 0.953318 0.032950 0.047576
1 0.124974 0.747110 0.036508 0.049136
