0 0.605935 0.716854 0.072201 0.154765
0 0.268322 0.696590 0.096107 0.141166
0 0.318504 0.885323 0.091730 0.164388
0 0.553433 0.513410 0.072163 0.137911
1 0.090801 0.822227 0.040961 0.050730
1 0.243975 0.167945 0.030278 0.039631
1 0.247644 0.198721 0.029387 0.034874
1 0.187090 0.495084 0.033841 0.058658
1 0.318332 0.396124 0.025825 0.045973
1 0.287620 0.241565 0.024910 0.044388
1 0.291774 0.389652 0.023313 0.041317
1 0.312088 0.518964 0.027625 0.041183
1 0.515867 0.587672 0.030273 0.053901
1 0.695330 0.905893 0.028492 0.057072
1 0.749736 0.189446 0.027606 0.036460
1 0.778725 0.224031 0.024934 0.039924
1 0.719901 0.411535 0.023148 0.047567
1 0.732844 0.392945 0.024934 0.039614
1 0.728907 0.889518 0.030773 0.054455
1 0.717071 0.945755 0.033624 0.053188
1 0.773360 0.939853 0.029387 0.058649
1 0.880591 0.820235 0.032945 0.049144
2 0.312542 0.434169 0.028497 0.045973
2 0.765792 0.641833 0.032055 0.052307
3 0.281381 0.564929 0.032064 0.047592
3 0.725721 0.639455 0.030273 0.057064
4 0.723824 0.522148 0.139147 0.304362
5 0.271598 0.501539 0.150490 0.320210
1 0.233999 0.713855 0.032926 0.061820
1 0.772924 0.820017 0.032041 0.058591
1 0.206298 0.742940 0.032945 0.053935
1 0.229284 0.953318 0.032950 0.047576
1 0.126664 0.745436 0.036513 0.049144
