0 0.291148 0.702861 0.081051 0.137836
0 0.259788 0.868926 0.096136 0.155369
0 0.426077 0.899815 0.089053 0.132383
0 0.704350 0.348016 0.074797 0.099874
1 0.083530 0.827559 0.040961 0.050721
1 0.243975 0.157777 0.030278 0.039631
1 0.244788 0.194618 0.029387 0.034874
1 0.188280 0.481820 0.033836 0.058658
1 0.318332 0.396124 0.025825 0.045973
1 0.287620 0.241565 0.024910 0.044388
1 0.285997 0.390642 0.023134 0.042794
1 0.268942 0.489132 0.027620 0.041183
1 0.513829 0.501321 0.030278 0.053901
1 0.516649 0.639136 0.028492 0.057064
1 0.760200 0.206904 0.027601 0.036460
1 0.763805 0.232643 0.024934 0.033289
1 0.682835 0.395487 0.028497 0.042248
1 0.728966 0.384656 0.024934 0.039614
1 0.727246 0.900839 0.032945 0.060235
1 0.715219 0.949379 0.032059 0.057064
1 0.773360 0.939853 0.029387 0.058649
1 0.873419 0.825646 0.032945 0.049144
2 0.311489 0.427970 0.028492 0.045973
2 0.765792 0.641833 0.032055 0.052307
3 0.280931 0.555365 0.034727 0.055478
3 0.725721 0.639455 0.030273 0.057064
4 0.723525 0.522148 0.139746 0.304362
5 0.271989 0.501539 0.150490 0.320210
1 0.275891 0.899698 0.033525 0.061812
1 0.316105 0.900621 0.030278 0.052315
1 0.292686 0.947538 0.032950 0.045495
1 0.229284 0.953318 0.032950 0.047576
1 0.122813 0.749245 0.036513 0.049144
