0 0.573270 0.893196 0.089114 0.152148
0 0.260514 0.689094 0.091480 0.154614
0 0.346869 0.853817 0.098864 0.144799
0 0.646082 0.839157 0.098902 0.171065
1 0.097017 0.817672 0.040961 0.050730
1 0.243975 0.176636 0.030278 0.039631
1 0.244639 0.208586 0.029383 0.034874
1 0.183897 0.498633 0.033836 0.058658
1 0.318332 0.396124 0.025825 0.045973
1 0.287620 0.241565 0.024910 0.044388
1 0.291774 0.389652 0.023313 0.041317
1 0.312088 0.518964 0.027625 0.041183
1 0.538141 0.713339 0.030278 0.055520
1 0.332630 0.951732 0.033845 0.057072
1 0.757050 0.202445 0.027606 0.042760
1 0.718598 0.412777 0.023153 0.047567
1 0.732844 0.392945 0.024934 0.039614
1 0.721788 0.918008 0.029383 0.050747
1 0.710328 0.953683 0.033624 0.053188
1 0.773360 0.939853 0.029387 0.058649
1 0.878318 0.819375 0.032950 0.049136
2 0.312542 0.434169 0.028497 0.045973
2 0.765792 0.641833 0.032055 0.052307
3 0.281381 0.564929 0.032064 0.047592
3 0.725721 0.639455 0.030273 0.057064
4 0.723047 0.522148 0.138921 0.304362
5 0.271268 0.501539 0.150490 0.320210
1 0.219677 0.660810 0.025905 0.048733
1 0.501056 0.948876 0.033836 0.058591
1 0.229284 0.953318 0.032950 0.047576
1 0.129953 0.742185 0.036513 0.049136
