0 0.611440 0.713129 0.083209 0.147315
0 0.260985 0.689962 0.096107 0.133985
0 0.328120 0.892131 0.099604 0.156443
0 0.578669 0.405013 0.065877 0.109891
1 0.090283 0.822609 0.040961 0.050721
1 0.243975 0.167215 0.030278 0.039631
1 0.255094 0.198117 0.029387 0.034874
1 0.187356 0.494786 0.033836 0.058649
1 0.318332 0.396124 0.025825 0.045973
1 0.287620 0.241565 0.024910 0.044388
1 0.292038 0.389652 0.023313 0.041317
1 0.312088 0.518964 0.027625 0.041183
1 0.515573 0.497378 0.030278 0.053901
1 0.701496 0.906032 0.032107 0.057064
1 0.755375 0.202827 0.027601 0.036460
1 0.773004 0.233247 0.024934 0.043490
1 0.720999 0.410495 0.023148 0.047567
1 0.732844 0.392945 0.024934 0.039614
1 0.728796 0.889383 0.031023 0.055109
1 0.717481 0.945755 0.033624 0.053188
1 0.773360 0.939853 0.029387 0.058649
1 0.881510 0.820398 0.032945 0.049136
2 0.312542 0.434169 0.028497 0.045973
2 0.765792 0.641833 0.032055 0.052307
3 0.281105 0.565096 0.032069 0.047592
3 0.725721 0.639455 0.030273 0.057064
4 0.723803 0.522148 0.139189 0.304362
5 0.271626 0.501539 0.150490 0.320210
1 0.229894 0.699740 0.032926 0.061812
1 0.780799 0.791359 0.032041 0.058591
1 0.210068 0.749866 0.032945 0.053926
1 0.229284 0.953318 0.032950 0.047576
1 0.126388 0.745709 0.036508 0.049136
