0 0.651697 0.679371 0.075231 0.137752
0 0.274208 0.705394 0.101612 0.170067
0 0.292590 0.890650 0.087253 0.131485
0 0.642868 0.330973 0.076527 0.105369
1 0.089665 0.823062 0.040961 0.050721
1 0.243975 0.166359 0.030278 0.039631
1 0.263923 0.197404 0.029383 0.034874
1 0.187672 0.494434 0.033836 0.058649
1 0.318332 0.396124 0.025825 0.045973
1 0.287620 0.241565 0.024910 0.044388
1 0.292401 0.389652 0.023313 0.041317
1 0.312088 0.518964 0.027625 0.041183
1 0.515132 0.498129 0.030273 0.053893
1 0.695393 0.773826 0.028497 0.057064
1 0.758662 0.210059 0.027606 0.036460
1 0.769682 0.236481 0.024934 0.042592
1 0.722300 0.409253 0.023148 0.047567
1 0.732844 0.392945 0.024934 0.039614
1 0.728666 0.889224 0.031320 0.055898
1 0.717967 0.945755 0.033624 0.053188
1 0.773360 0.939853 0.029387 0.058649
1 0.882597 0.820591 0.032950 0.049136
2 0.312542 0.434169 0.028497 0.045973
2 0.765792 0.641833 0.032055 0.052307
3 0.280721 0.565323 0.032064 0.047592
3 0.725721 0.639455 0.030273 0.057064
4 0.723777 0.522148 0.139241 0.304362
5 0.271659 0.501539 0.150490 0.320210
1 0.250874 0.730147 0.032926 0.061820
1 0.737820 0.693138 0.028911 0.064211
1 0.237191 0.841426 0.032950 0.053926
1 0.229284 0.953318 0.032950 0.047576
1 0.126063 0.746032 0.036508 0.049144
