1 0.873641 0.145146 0.027609 0.058569
0 0.363848 0.431132 0.080180 0.112431
0 0.281457 0.825271 0.138133 0.205764
0 0.591199 0.336417 0.090820 0.178972
0 0.735105 0.714778 0.102242 0.202389
1 0.388320 0.426368 0.034734 0.071236
1 0.567895 0.451062 0.033836 0.066486
1 0.528074 0.293389 0.032945 0.060167
1 0.543660 0.150118 0.029383 0.050653
1 0.736445 0.127944 0.023156 0.041139
1 0.815801 0.046069 0.023148 0.045917
1 0.936355 0.799174 0.034727 0.066486
1 0.282750 0.183368 0.027609 0.047486
1 0.584621 0.596549 0.032945 0.066486
1 0.548262 0.341146 0.035617 0.066486
2 0.896730 0.622667 0.032055 0.068083
3 0.255594 0.313965 0.028500 0.049069
3 0.787008 0.309660 0.028516 0.045875
4 0.835734 0.435069 0.175422 0.351444
5 0.257375 0.449319 0.174531 0.357778
1 0.306574 0.791653 0.037398 0.064917
1 0.224277 0.953521 0.040070 0.052236
1 0.570574 0.932264 0.046305 0.071250
2 0.397871 0.895424 0.048977 0.088653
