0 0.617957 0.859417 0.089119 0.164069
0 0.254357 0.679643 0.092107 0.131300
0 0.260938 0.825415 0.087248 0.166015
0 0.614840 0.697739 0.085957 0.142055
1 0.095226 0.818985 0.040961 0.050721
1 0.243975 0.174128 0.030278 0.039631
1 0.245349 0.205742 0.029387 0.034874
1 0.184816 0.497613 0.033836 0.058649
1 0.318332 0.396124 0.025825 0.045973
1 0.287620 0.241565 0.024910 0.044388
1 0.291774 0.389652 0.023313 0.041317
1 0.312088 0.518964 0.027625 0.041183
1 0.542778 0.698037 0.030278 0.055520
1 0.526456 0.948574 0.032658 0.057064
1 0.754776 0.201867 0.027601 0.042760
1 0.718598 0.412777 0.023153 0.047567
1 0.732844 0.392945 0.024934 0.039614
1 0.720049 0.921959 0.029383 0.050747
1 0.710328 0.953683 0.033624 0.053188
1 0.773360 0.939853 0.029387 0.058649
1 0.877008 0.819375 0.032950 0.049136
2 0.312542 0.434169 0.028497 0.045973
2 0.765792 0.641833 0.032055 0.052307
3 0.281381 0.564929 0.032064 0.047592
3 0.725721 0.639455 0.030273 0.057064
4 0.723047 0.522148 0.138921 0.304362
5 0.271362 0.501539 0.150490 0.320210
1 0.224116 0.665537 0.031107 0.060185
1 0.536150 0.847412 0.033836 0.058599
1 0.206100 0.702261 0.024934 0.053935
1 0.229284 0.953318 0.032950 0.047576
1 0.129006 0.743121 0.036513 0.049144
