0 0.597806 0.712781 0.075971 0.134723
0 0.251930 0.673356 0.092568 0.114262
0 0.247992 0.788016 0.077512 0.166183
0 0.626748 0.608767 0.086409 0.130017
1 0.091762 0.821523 0.040961 0.050730
1 0.243975 0.169287 0.030278 0.039631
1 0.246725 0.200231 0.029387 0.034874
1 0.186595 0.495633 0.033841 0.058649
1 0.318332 0.396124 0.025825 0.045973
1 0.287620 0.241565 0.024910 0.044388
1 0.291774 0.389652 0.023313 0.041317
1 0.312088 0.518964 0.027625 0.041183
1 0.542580 0.744606 0.030278 0.053893
1 0.693893 0.907429 0.028492 0.057072
1 0.743308 0.195021 0.027606 0.042945
1 0.776202 0.231275 0.027474 0.039664
1 0.718598 0.412777 0.023153 0.047567
1 0.732844 0.392945 0.024934 0.039614
1 0.729109 0.889769 0.030311 0.053230
1 0.716312 0.945755 0.033624 0.053188
1 0.773360 0.939853 0.029387 0.058649
1 0.878893 0.819933 0.032950 0.049144
2 0.312542 0.434169 0.028497 0.045973
2 0.765792 0.641833 0.032055 0.052307
3 0.281381 0.564929 0.032064 0.047592
3 0.725721 0.639455 0.030273 0.057064
4 0.723864 0.522148 0.139067 0.304362
5 0.271548 0.501539 0.150485 0.320210
1 0.229885 0.675134 0.032926 0.061812
1 0.772448 0.827940 0.032041 0.058599
1 0.210964 0.702177 0.032945 0.053935
1 0.229284 0.953318 0.032950 0.047576
1 0.127172 0.744933 0.036513 0.049144
