1 0.209072 0.722122 0.027606 0.049144
0 0.568223 0.899086 0.095664 0.150017
0 0.259731 0.754169 0.091216 0.190134
0 0.302309 0.870398 0.079661 0.161535
0 0.648124 0.844992 0.098907 0.171074
1 0.097938 0.816997 0.040966 0.050721
1 0.243975 0.180076 0.030278 0.039631
1 0.243662 0.212504 0.029387 0.034874
1 0.185097 0.494400 0.033841 0.058649
1 0.318332 0.396124 0.025825 0.045973
1 0.287620 0.241565 0.024910 0.044388
1 0.291774 0.389652 0.023313 0.041317
1 0.312088 0.518964 0.027625 0.041183
1 0.538353 0.716191 0.030278 0.055520
1 0.277766 0.945331 0.033845 0.057072
1 0.755287 0.198821 0.027606 0.042760
1 0.718598 0.412777 0.023153 0.047567
1 0.732844 0.392945 0.024934 0.039614
1 0.724178 0.912567 0.029383 0.050755
1 0.710328 0.953683 0.033624 0.053188
1 0.773360 0.939853 0.029387 0.058649
1 0.880123 0.819375 0.032950 0.049136
2 0.312542 0.434169 0.028497 0.045973
2 0.765792 0.641833 0.032055 0.052307
3 0.281381 0.564929 0.032064 0.047592
3 0.725721 0.639455 0.030273 0.057064
4 0.723047 0.522148 0.138921 0.304362
5 0.271136 0.501539 0.150490 0.320210
1 0.241183 0.644979 0.024939 0.045982
1 0.500589 0.944304 0.033836 0.058591
1 0.229284 0.953318 0.032950 0.047576
1 0.130441 0.741703 0.036508 0.049144
