0 0.475789 0.685990 0.079298 0.141007
0 0.575323 0.901216 0.091682 0.145940
0 0.670803 0.913570 0.087253 0.131485
0 0.704350 0.351795 0.074797 0.099866
1 0.086206 0.825600 0.040961 0.050730
1 0.243975 0.161518 0.030278 0.039631
1 0.249387 0.196850 0.029387 0.034874
1 0.189451 0.492454 0.033841 0.058649
1 0.318332 0.396124 0.025825 0.045973
1 0.287620 0.241565 0.024910 0.044388
1 0.294451 0.389656 0.023313 0.041326
1 0.312088 0.518964 0.027625 0.041183
1 0.513970 0.500529 0.030278 0.053893
1 0.523852 0.637970 0.028497 0.057064
1 0.760914 0.210604 0.027606 0.036460
1 0.766317 0.231896 0.024934 0.033289
1 0.682302 0.413456 0.028497 0.046040
1 0.731056 0.389123 0.024929 0.039622
1 0.727934 0.888599 0.032945 0.060235
1 0.720695 0.945755 0.033624 0.053188
1 0.773360 0.939853 0.029387 0.058649
1 0.876840 0.820961 0.032945 0.049136
2 0.312542 0.434169 0.028497 0.045973
2 0.765792 0.641833 0.032055 0.052307
3 0.279875 0.566514 0.032069 0.047592
3 0.725721 0.639455 0.030273 0.057064
4 0.723636 0.522148 0.139524 0.304362
5 0.271843 0.501539 0.150490 0.320210
1 0.607910 0.900675 0.032926 0.061820
1 0.629769 0.802743 0.032950 0.066560
1 0.619771 0.924694 0.032945 0.054119
1 0.229284 0.953318 0.032950 0.047576
1 0.124230 0.747844 0.036508 0.049144
