1 0.873340 0.145285 0.027602 0.058569
0 0.400328 0.430326 0.089938 0.139319
0 0.265559 0.818403 0.138570 0.221083
0 0.586719 0.327569 0.081016 0.167833
0 0.721461 0.682514 0.122906 0.191556
1 0.423887 0.452493 0.034727 0.071236
1 0.605102 0.562910 0.033844 0.066486
1 0.528301 0.292993 0.032945 0.060153
1 0.543660 0.150118 0.029383 0.050653
1 0.736445 0.127938 0.023156 0.041125
1 0.815668 0.046535 0.023148 0.045903
1 0.936355 0.799174 0.034727 0.066486
1 0.282750 0.183368 0.027609 0.047486
1 0.584621 0.596549 0.032945 0.066486
1 0.468191 0.393910 0.035617 0.066486
2 0.896730 0.622667 0.032055 0.068083
3 0.255594 0.313965 0.028500 0.049069
3 0.787531 0.310312 0.028516 0.045875
4 0.835734 0.435069 0.175422 0.351444
5 0.257375 0.449319 0.174531 0.357778
1 0.307430 0.893361 0.037406 0.064917
1 0.225973 0.953521 0.040070 0.052236
1 0.570980 0.931882 0.046305 0.071236
2 0.398473 0.893410 0.048977 0.088653
