0 0.415365 0.660856 0.079298 0.141007
0 0.479979 0.902576 0.091682 0.145940
0 0.648238 0.893511 0.092630 0.157659
0 0.704350 0.350382 0.074797 0.099874
1 0.085205 0.826330 0.040966 0.050730
1 0.243975 0.160117 0.030278 0.039631
1 0.247667 0.196015 0.029387 0.034883
1 0.189965 0.491883 0.033841 0.058649
1 0.318332 0.396124 0.025825 0.045973
1 0.287620 0.241565 0.024910 0.044388
1 0.295040 0.389656 0.023313 0.041326
1 0.311501 0.513045 0.027620 0.041191
1 0.513916 0.500826 0.030273 0.053901
1 0.521157 0.638406 0.028497 0.057064
1 0.760648 0.209220 0.027601 0.036460
1 0.765379 0.232173 0.024934 0.033289
1 0.682500 0.406732 0.028497 0.044622
1 0.730273 0.387454 0.024929 0.039622
1 0.727674 0.893175 0.032945 0.060243
1 0.719717 0.947601 0.032055 0.057064
1 0.773360 0.939853 0.029387 0.058649
1 0.873419 0.820961 0.032945 0.049136
2 0.312542 0.434169 0.028497 0.045973
2 0.765792 0.641833 0.032055 0.052307
3 0.283162 0.565327 0.032064 0.047601
3 0.725721 0.639455 0.030273 0.057064
4 0.723593 0.522148 0.139609 0.304362
5 0.271899 0.501539 0.150490 0.320210
1 0.502222 0.912118 0.032926 0.061820
1 0.527587 0.885969 0.032950 0.066552
1 0.528037 0.944597 0.032945 0.055503
1 0.229284 0.953318 0.032950 0.047576
1 0.123699 0.748368 0.036513 0.049136
