0 0.746305 0.770231 0.093582 0.163230
0 0.257533 0.674157 0.092568 0.114253
0 0.236296 0.792341 0.103949 0.153507
0 0.670012 0.503515 0.087319 0.129950
1 0.093572 0.820197 0.040961 0.050730
1 0.243975 0.171820 0.030278 0.039631
1 0.246006 0.203108 0.029383 0.034874
1 0.185667 0.496665 0.033841 0.058649
1 0.318332 0.396124 0.025825 0.045973
1 0.287620 0.241565 0.024910 0.044388
1 0.291774 0.389652 0.023313 0.041317
1 0.312088 0.518964 0.027625 0.041183
1 0.548914 0.680772 0.030278 0.055520
1 0.691195 0.910310 0.028497 0.057064
1 0.752674 0.201334 0.027601 0.042768
1 0.765500 0.226233 0.020782 0.026409
1 0.718598 0.412777 0.023153 0.047567
1 0.732844 0.392945 0.024934 0.039614
1 0.723127 0.901573 0.029449 0.050914
1 0.714889 0.945755 0.033624 0.053188
1 0.773360 0.939853 0.029387 0.058649
1 0.875794 0.819375 0.032945 0.049136
2 0.312542 0.434169 0.028497 0.045973
2 0.765792 0.641833 0.032055 0.052307
3 0.281381 0.564929 0.032064 0.047592
3 0.725721 0.639455 0.030273 0.057064
4 0.723683 0.522148 0.138921 0.304362
5 0.271451 0.501539 0.150490 0.320210
1 0.233546 0.679358 0.032926 0.061820
1 0.747891 0.857978 0.032041 0.058591
1 0.205540 0.726988 0.031758 0.053926
1 0.229284 0.953318 0.032950 0.047576
1 0.128129 0.743985 0.036513 0.049144
