0 0.333223 0.707219 0.081046 0.137827
0 0.229590 0.820453 0.096136 0.155369
0 0.490177 0.885940 0.072154 0.156946
0 0.704350 0.348507 0.074797 0.099866
1 0.083878 0.827303 0.040961 0.050730
1 0.243975 0.158263 0.030278 0.039631
1 0.245384 0.194904 0.029383 0.034874
1 0.189738 0.487873 0.033841 0.058649
1 0.318332 0.396124 0.025825 0.045973
1 0.287620 0.241565 0.024910 0.044388
1 0.293131 0.390340 0.023134 0.042794
1 0.283890 0.479333 0.027620 0.041183
1 0.513845 0.501221 0.030273 0.053901
1 0.517580 0.638985 0.028497 0.057064
1 0.760292 0.207383 0.027606 0.036460
1 0.764131 0.232542 0.024934 0.033289
1 0.682764 0.397815 0.028497 0.042743
1 0.729234 0.385235 0.024934 0.039614
1 0.727335 0.899253 0.032945 0.060235
1 0.716150 0.949010 0.032055 0.057064
1 0.773360 0.939853 0.029387 0.058649
1 0.872731 0.824115 0.032945 0.049136
2 0.312542 0.434169 0.028497 0.045973
2 0.765792 0.641833 0.032055 0.052307
3 0.284121 0.558473 0.034284 0.054161
3 0.725721 0.639455 0.030273 0.057064
4 0.723539 0.522148 0.139717 0.304362
5 0.271970 0.501539 0.150490 0.320210
1 0.262684 0.880017 0.032926 0.061812
1 0.313433 0.897924 0.030278 0.060076
1 0.294288 0.943607 0.032950 0.051930
1 0.229284 0.953318 0.032950 0.047576
1 0.122997 0.749060 0.036513 0.049144
