0 0.473247 0.686745 0.079293 0.141007
0 0.577783 0.900461 0.091682 0.145940
0 0.671586 0.912940 0.087253 0.131485
0 0.704350 0.351745 0.074797 0.099866
1 0.086169 0.825625 0.040961 0.050730
1 0.243975 0.161460 0.030278 0.039631
1 0.249321 0.196816 0.029387 0.034874
1 0.189472 0.492433 0.033836 0.058658
1 0.318332 0.396124 0.025825 0.045973
1 0.287620 0.241565 0.024910 0.044388
1 0.294472 0.389656 0.023318 0.041326
1 0.312088 0.518964 0.027625 0.041183
1 0.513968 0.500541 0.030273 0.053901
1 0.523749 0.637987 0.028497 0.057064
1 0.760905 0.210554 0.027606 0.036460
1 0.766279 0.231904 0.024934 0.033289
1 0.682309 0.413201 0.028492 0.045982
1 0.731025 0.389056 0.024934 0.039622
1 0.727922 0.888775 0.032950 0.060235
1 0.720728 0.945755 0.033624 0.053188
1 0.773360 0.939853 0.029387 0.058649
1 0.876708 0.820961 0.032945 0.049136
2 0.312542 0.434169 0.028497 0.045973
2 0.765792 0.641833 0.032055 0.052307
3 0.280071 0.566514 0.032064 0.047592
3 0.725721 0.639455 0.030273 0.057064
4 0.723633 0.522148 0.139529 0.304362
5 0.271847 0.501539 0.150490 0.320210
1 0.608021 0.900973 0.032931 0.061812
1 0.630217 0.805914 0.032950 0.066560
1 0.621268 0.924631 0.032950 0.054245
1 0.229284 0.953318 0.032950 0.047576
1 0.124208 0.747865 0.036513 0.049136
