1 0.873672 0.145132 0.027609 0.058569
0 0.362266 0.431132 0.080172 0.112431
0 0.281570 0.823688 0.129453 0.205764
0 0.594465 0.340111 0.090820 0.178972
0 0.735375 0.716743 0.103453 0.205792
1 0.386738 0.426368 0.034727 0.071236
1 0.569168 0.445049 0.033836 0.066486
1 0.528055 0.293424 0.032953 0.060153
1 0.543660 0.150118 0.029383 0.050653
1 0.736445 0.127944 0.023156 0.041139
1 0.815813 0.046021 0.023156 0.045903
1 0.936355 0.799174 0.034727 0.066486
1 0.282750 0.183368 0.027609 0.047486
1 0.584621 0.596549 0.032945 0.066486
1 0.556570 0.343257 0.035625 0.066486
2 0.896730 0.622667 0.032055 0.068083
3 0.255594 0.313965 0.028500 0.049069
3 0.786961 0.309590 0.028516 0.045875
4 0.835734 0.435069 0.175422 0.351444
5 0.257375 0.449319 0.174531 0.357778
1 0.305238 0.787694 0.037398 0.064917
1 0.224105 0.953521 0.040070 0.052236
1 0.570527 0.932299 0.046305 0.071236
2 0.397898 0.895424 0.048969 0.088653
