1 0.873867 0.145049 0.027609 0.058569
0 0.435926 0.434299 0.081070 0.112431
0 0.316578 0.739000 0.107750 0.205750
0 0.658570 0.340111 0.100609 0.158389
0 0.737008 0.728479 0.111109 0.225931
1 0.462629 0.432701 0.034727 0.071236
1 0.572691 0.429701 0.033836 0.066486
1 0.527910 0.293687 0.032945 0.060153
1 0.543660 0.150118 0.029383 0.050653
1 0.736445 0.127944 0.023156 0.041139
1 0.815898 0.045715 0.023156 0.045903
1 0.936355 0.799174 0.034727 0.066486
1 0.282750 0.183368 0.027609 0.047486
1 0.584621 0.596549 0.032945 0.066486
1 0.638496 0.355924 0.035617 0.066486
2 0.896730 0.622667 0.032055 0.068083
3 0.255594 0.313965 0.028500 0.049069
3 0.786625 0.309160 0.028516 0.045875
4 0.835734 0.435069 0.175422 0.351444
5 0.257375 0.449319 0.174531 0.357778
1 0.335734 0.689146 0.037406 0.064903
1 0.223004 0.953521 0.040070 0.052236
1 0.570266 0.932549 0.046297 0.071236
2 0.398066 0.895458 0.048977 0.088639
