0 0.622104 0.865067 0.097413 0.175369
0 0.256011 0.680654 0.092041 0.133809
0 0.269842 0.847831 0.093765 0.167576
0 0.631755 0.700042 0.095660 0.152232
1 0.095419 0.818846 0.040961 0.050730
1 0.243975 0.174396 0.030278 0.039631
1 0.245273 0.206044 0.029387 0.034874
1 0.184717 0.497722 0.033836 0.058649
1 0.318332 0.396124 0.025825 0.045973
1 0.287620 0.241565 0.024910 0.044388
1 0.291774 0.389652 0.023313 0.041317
1 0.312088 0.518964 0.027625 0.041183
1 0.542107 0.702408 0.030273 0.055520
1 0.509046 0.948574 0.033850 0.057064
1 0.755021 0.201930 0.027601 0.042768
1 0.718598 0.412777 0.023153 0.047567
1 0.732844 0.392945 0.024934 0.039614
1 0.720236 0.921535 0.029387 0.050755
1 0.710328 0.953683 0.033624 0.053188
1 0.773360 0.939853 0.029387 0.058649
1 0.877149 0.819375 0.032950 0.049136
2 0.312542 0.434169 0.028497 0.045973
2 0.765792 0.641833 0.032055 0.052307
3 0.281381 0.564929 0.032064 0.047592
3 0.725721 0.639455 0.030273 0.057064
4 0.723047 0.522148 0.138921 0.304362
5 0.271352 0.501539 0.150490 0.320210
1 0.223801 0.664727 0.030881 0.059975
1 0.521904 0.871015 0.033836 0.058591
1 0.206532 0.701829 0.024929 0.053926
1 0.229284 0.953318 0.032950 0.047576
1 0.129107 0.743020 0.036508 0.049144
