0 0.707231 0.803259 0.086442 0.148951
0 0.246086 0.674560 0.092446 0.118767
0 0.279618 0.791326 0.088850 0.134430
0 0.628527 0.577051 0.084067 0.137676
1 0.094265 0.819690 0.040961 0.050721
1 0.243975 0.172785 0.030278 0.039631
1 0.245730 0.204211 0.029387 0.034883
1 0.185311 0.497064 0.033836 0.058658
1 0.318332 0.396124 0.025825 0.045973
1 0.287620 0.241565 0.024910 0.044388
1 0.291774 0.389652 0.023313 0.041317
1 0.312088 0.518964 0.027625 0.041183
1 0.541204 0.695294 0.030278 0.055520
1 0.681791 0.925147 0.028492 0.057072
1 0.753553 0.201556 0.027606 0.042760
1 0.764006 0.223335 0.017795 0.020612
1 0.718598 0.412777 0.023153 0.047567
1 0.732844 0.392945 0.024934 0.039614
1 0.719239 0.907873 0.029383 0.050747
1 0.710328 0.953683 0.033624 0.053188
1 0.773360 0.939853 0.029387 0.058649
1 0.876303 0.819375 0.032945 0.049136
2 0.312542 0.434169 0.028497 0.045973
2 0.765792 0.641833 0.032055 0.052307
3 0.281381 0.564929 0.032064 0.047592
3 0.725721 0.639455 0.030273 0.057064
4 0.722524 0.522148 0.138921 0.304362
5 0.271414 0.501539 0.150490 0.320210
1 0.225702 0.669602 0.032262 0.061216
1 0.624908 0.828742 0.032041 0.058591
1 0.203949 0.704400 0.024929 0.053935
1 0.229284 0.953318 0.032950 0.047576
1 0.128494 0.743624 0.036508 0.049144
