1 0.874703 0.144674 0.027609 0.058569
0 0.432793 0.296556 0.072133 0.099722
0 0.394945 0.574382 0.113984 0.215292
0 0.676340 0.295764 0.064117 0.123472
0 0.723980 0.550632 0.087273 0.193125
1 0.529395 0.430764 0.034727 0.071250
1 0.574973 0.427542 0.033836 0.066500
1 0.527297 0.294771 0.032953 0.060153
1 0.543660 0.150118 0.029383 0.050653
1 0.736445 0.127951 0.023156 0.041153
1 0.816262 0.044431 0.023148 0.045917
1 0.936355 0.799174 0.034727 0.066486
1 0.282750 0.183368 0.027609 0.047486
1 0.584621 0.596549 0.032945 0.066486
1 0.673730 0.427257 0.035617 0.066486
2 0.896020 0.612535 0.032055 0.068069
3 0.258559 0.293389 0.028492 0.049083
3 0.758719 0.261201 0.028516 0.045903
4 0.835734 0.435069 0.175422 0.351444
5 0.257320 0.449347 0.174531 0.357778
1 0.427984 0.441826 0.037406 0.064903
1 0.218340 0.953521 0.040070 0.052236
1 0.569145 0.933590 0.046305 0.071236
2 0.398770 0.895604 0.048977 0.088653
