0 0.247967 0.732706 0.098855 0.143146
0 0.252057 0.855277 0.074670 0.146309
0 0.341037 0.915621 0.085485 0.106208
0 0.704350 0.347307 0.074797 0.099866
1 0.083030 0.827924 0.040961 0.050730
1 0.243975 0.157081 0.030278 0.039631
1 0.243928 0.194199 0.029383 0.034874
1 0.186176 0.473079 0.033841 0.058658
1 0.318332 0.396124 0.025825 0.045973
1 0.287008 0.243003 0.026136 0.047265
1 0.267820 0.421053 0.025980 0.048565
1 0.249720 0.520411 0.031258 0.048406
1 0.513801 0.501472 0.030278 0.053901
1 0.515302 0.639354 0.028492 0.057064
1 0.760066 0.206216 0.027606 0.036460
1 0.763339 0.232781 0.024934 0.033297
1 0.682934 0.392122 0.028497 0.041544
1 0.728574 0.383821 0.024934 0.039622
1 0.727116 0.903129 0.032950 0.060235
1 0.713876 0.949912 0.032059 0.057072
1 0.773360 0.939853 0.029387 0.058649
1 0.874416 0.827865 0.032950 0.049136
2 0.310601 0.430419 0.028497 0.045973
2 0.765792 0.641833 0.032055 0.052307
3 0.282549 0.571506 0.034731 0.055478
3 0.725721 0.639455 0.030273 0.057064
4 0.723504 0.522148 0.139788 0.304362
5 0.272012 0.501539 0.150490 0.320210
1 0.258160 0.913813 0.034727 0.061820
1 0.303377 0.917752 0.030278 0.052315
1 0.279050 0.949451 0.032945 0.041216
1 0.224533 0.952269 0.029387 0.051787
1 0.122547 0.749505 0.036508 0.049144
