0 0.567743 0.898117 0.089114 0.152156
0 0.257983 0.731317 0.094939 0.176460
0 0.330832 0.899941 0.089449 0.132198
0 0.646859 0.841237 0.098902 0.171065
1 0.097747 0.817139 0.040961 0.050721
1 0.243975 0.177651 0.030278 0.039631
1 0.244350 0.209753 0.029387 0.034874
1 0.183523 0.499052 0.033841 0.058658
1 0.318332 0.396124 0.025825 0.045973
1 0.287620 0.241565 0.024910 0.044388
1 0.291774 0.389652 0.023313 0.041317
1 0.312088 0.518964 0.027625 0.041183
1 0.538381 0.712232 0.030278 0.055520
1 0.271023 0.945667 0.033845 0.057072
1 0.757978 0.202680 0.027606 0.042760
1 0.718598 0.412777 0.023153 0.047567
1 0.732844 0.392945 0.024934 0.039614
1 0.722498 0.916393 0.029387 0.050755
1 0.710328 0.953683 0.033624 0.053188
1 0.773360 0.939853 0.029387 0.058649
1 0.878855 0.819375 0.032950 0.049136
2 0.312542 0.434169 0.028497 0.045973
2 0.765792 0.641833 0.032055 0.052307
3 0.281381 0.564929 0.032064 0.047592
3 0.725721 0.639455 0.030273 0.057064
4 0.723047 0.522148 0.138921 0.304362
5 0.271230 0.501539 0.150490 0.320210
1 0.230351 0.636170 0.024943 0.045982
1 0.500160 0.947240 0.033836 0.058591
1 0.229284 0.953318 0.032950 0.047576
1 0.130339 0.741804 0.036513 0.049144
