0 0.605730 0.894786 0.089114 0.152156
0 0.265276 0.686346 0.091664 0.147844
0 0.330617 0.856418 0.099010 0.156074
0 0.659566 0.819354 0.098907 0.171074
1 0.096494 0.818058 0.040961 0.050730
1 0.243975 0.175906 0.030278 0.039631
1 0.244844 0.207764 0.029387 0.034874
1 0.184166 0.498339 0.033836 0.058658
1 0.318332 0.396124 0.025825 0.045973
1 0.287620 0.241565 0.024910 0.044388
1 0.291774 0.389652 0.023313 0.041317
1 0.312088 0.518964 0.027625 0.041183
1 0.537971 0.714128 0.030278 0.055520
1 0.378702 0.944279 0.033850 0.057064
1 0.756390 0.202278 0.027606 0.042760
1 0.718598 0.412777 0.023153 0.047567
1 0.732844 0.392945 0.024934 0.039614
1 0.721282 0.919157 0.029387 0.050747
1 0.710328 0.953683 0.033624 0.053188
1 0.773360 0.939853 0.029387 0.058649
1 0.877938 0.819375 0.032945 0.049136
2 0.312542 0.434169 0.028497 0.045973
2 0.765792 0.641833 0.032055 0.052307
3 0.281381 0.564929 0.032064 0.047592
3 0.725721 0.639455 0.030273 0.057064
4 0.723047 0.522148 0.138921 0.304362
5 0.271296 0.501539 0.150490 0.320210
1 0.214932 0.669648 0.029590 0.058826
1 0.501694 0.950034 0.033831 0.058591
1 0.215617 0.721510 0.024929 0.053926
1 0.229284 0.953318 0.032950 0.047576
1 0.129677 0.742458 0.036508 0.049144
