0 0.654001 0.677508 0.073977 0.136258
0 0.277403 0.708381 0.102347 0.176040
0 0.290285 0.889157 0.087253 0.131485
0 0.648129 0.327517 0.076362 0.103641
1 0.089628 0.823091 0.040961 0.050730
1 0.243975 0.166300 0.030278 0.039631
1 0.264475 0.197353 0.029383 0.034874
1 0.187693 0.494413 0.033841 0.058658
1 0.318332 0.396124 0.025825 0.045973
1 0.287620 0.241565 0.024910 0.044388
1 0.292425 0.389652 0.023313 0.041317
1 0.312088 0.518964 0.027625 0.041183
1 0.515104 0.498175 0.030273 0.053901
1 0.694555 0.758347 0.028497 0.057064
1 0.758704 0.210092 0.027606 0.036460
1 0.769639 0.236313 0.024934 0.042290
1 0.722382 0.409178 0.023153 0.047567
1 0.732844 0.392945 0.024934 0.039614
1 0.728657 0.889216 0.031338 0.055948
1 0.717997 0.945755 0.033629 0.053188
1 0.773360 0.939853 0.029387 0.058649
1 0.882665 0.820604 0.032945 0.049144
2 0.312542 0.434169 0.028497 0.045973
2 0.765792 0.641833 0.032055 0.052307
3 0.280697 0.565340 0.032064 0.047592
3 0.725721 0.639455 0.030273 0.057064
4 0.723777 0.522148 0.139241 0.304362
5 0.271664 0.501539 0.150490 0.320210
1 0.254225 0.735369 0.032926 0.061812
1 0.733735 0.686237 0.028497 0.064958
1 0.239079 0.848695 0.032945 0.053935
1 0.229284 0.953318 0.032950 0.047576
1 0.126041 0.746049 0.036513 0.049144
