1 0.874219 0.144889 0.027609 0.058583
0 0.496922 0.420049 0.080172 0.112431
0 0.402570 0.518729 0.103188 0.198986
0 0.669672 0.332181 0.069437 0.152028
0 0.704824 0.666174 0.081055 0.180514
1 0.533117 0.427146 0.034734 0.071236
1 0.573645 0.428799 0.033836 0.066486
1 0.527652 0.294139 0.032945 0.060167
1 0.543660 0.150118 0.029383 0.050653
1 0.736445 0.127944 0.023156 0.041139
1 0.816051 0.045181 0.023148 0.045917
1 0.936355 0.799174 0.034727 0.066486
1 0.282750 0.183368 0.027609 0.047486
1 0.584621 0.596549 0.032945 0.066486
1 0.666098 0.368590 0.035617 0.066486
2 0.897746 0.622667 0.032055 0.068083
3 0.255594 0.313965 0.028500 0.049069
3 0.786031 0.308410 0.028516 0.045875
4 0.835734 0.435069 0.175422 0.351444
5 0.257375 0.449319 0.174531 0.357778
1 0.425473 0.468757 0.037398 0.064903
1 0.221051 0.953521 0.040070 0.052236
1 0.569801 0.932993 0.046305 0.071236
2 0.398363 0.895521 0.048977 0.088653
