1 0.874641 0.144701 0.027609 0.058569
0 0.463086 0.339313 0.080172 0.112431
0 0.408590 0.515799 0.108352 0.206847
0 0.673828 0.327972 0.069438 0.133000
0 0.707953 0.492062 0.087266 0.193125
1 0.529250 0.431118 0.034734 0.071236
1 0.574809 0.427701 0.033836 0.066486
1 0.527340 0.294694 0.032945 0.060167
1 0.543660 0.150118 0.029383 0.050653
1 0.736445 0.127951 0.023156 0.041153
1 0.816234 0.044528 0.023156 0.045917
1 0.936355 0.799174 0.034727 0.066486
1 0.282750 0.183368 0.027609 0.047486
1 0.584621 0.596549 0.032945 0.066486
1 0.672785 0.423014 0.035617 0.066500
2 0.897441 0.615910 0.032055 0.068069
3 0.256305 0.308903 0.028500 0.049083
3 0.771484 0.285486 0.028516 0.045889
4 0.835734 0.435069 0.175422 0.351444
5 0.257375 0.449319 0.174531 0.357778
1 0.427520 0.444757 0.037398 0.064903
1 0.218680 0.953521 0.040078 0.052236
1 0.569230 0.933521 0.046305 0.071236
2 0.398723 0.895604 0.048977 0.088653
