0 0.487835 0.670856 0.079298 0.141007
0 0.338070 0.904161 0.091682 0.145940
0 0.432542 0.906103 0.087253 0.131485
0 0.690431 0.306799 0.075707 0.107643
1 0.088110 0.824203 0.040961 0.050721
1 0.243975 0.164178 0.030278 0.039631
1 0.252663 0.198444 0.029387 0.034874
1 0.188473 0.493544 0.033836 0.058649
1 0.318332 0.396124 0.025825 0.045973
1 0.287620 0.241565 0.024910 0.044388
1 0.293325 0.389656 0.023313 0.041326
1 0.312088 0.518964 0.027625 0.041183
1 0.514069 0.499962 0.030278 0.053901
1 0.531046 0.670067 0.028492 0.057064
1 0.760306 0.211359 0.027606 0.036460
1 0.768103 0.231367 0.024934 0.033289
1 0.727281 0.431602 0.024844 0.047567
1 0.732545 0.392303 0.024929 0.039622
1 0.728336 0.888817 0.032064 0.057886
1 0.719197 0.945755 0.033624 0.053188
1 0.773360 0.939853 0.029387 0.058649
1 0.883355 0.820961 0.032950 0.049136
2 0.312542 0.434169 0.028497 0.045973
2 0.765792 0.641833 0.032055 0.052307
3 0.279750 0.565898 0.032064 0.047601
3 0.725721 0.639455 0.030273 0.057064
4 0.723713 0.522148 0.139369 0.304362
5 0.271744 0.501539 0.150490 0.320210
1 0.379352 0.886808 0.032926 0.061820
1 0.645622 0.670923 0.032950 0.066560
1 0.378796 0.940264 0.032945 0.053935
1 0.229284 0.953318 0.032950 0.047576
1 0.125238 0.746846 0.036508 0.049144
