1 0.873262 0.145313 0.027602 0.058569
0 0.398797 0.429083 0.088906 0.135472
0 0.272492 0.830056 0.144297 0.223111
0 0.604715 0.338556 0.092633 0.167833
0 0.717816 0.681083 0.122914 0.191556
1 0.380699 0.467528 0.034727 0.071250
1 0.619793 0.571215 0.033836 0.066486
1 0.528355 0.292896 0.032945 0.060153
1 0.543660 0.150118 0.029383 0.050653
1 0.736445 0.127938 0.023156 0.041125
1 0.815637 0.046653 0.023148 0.045917
1 0.936355 0.799174 0.034727 0.066486
1 0.282750 0.183368 0.027609 0.047486
1 0.584621 0.596549 0.032945 0.066486
1 0.471520 0.390257 0.035617 0.066486
2 0.896730 0.622667 0.032055 0.068083
3 0.255594 0.313965 0.028500 0.049069
3 0.787656 0.310479 0.028516 0.045875
4 0.835734 0.435069 0.175422 0.351444
5 0.257375 0.449319 0.174531 0.357778
1 0.315848 0.890201 0.037398 0.064903
1 0.226395 0.953521 0.040070 0.052236
1 0.571082 0.931785 0.046305 0.071236
2 0.399836 0.890132 0.048969 0.088653
