0 0.477062 0.685612 0.079298 0.141007
0 0.574093 0.901594 0.091682 0.145940
0 0.670412 0.913888 0.087253 0.131485
0 0.704350 0.351825 0.074797 0.099874
1 0.086225 0.825583 0.040961 0.050730
1 0.243975 0.161544 0.030278 0.039631
1 0.249420 0.196867 0.029387 0.034874
1 0.189442 0.492466 0.033841 0.058658
1 0.318332 0.396124 0.025825 0.045973
1 0.287620 0.241565 0.024910 0.044388
1 0.294437 0.389656 0.023313 0.041326
1 0.312088 0.518964 0.027625 0.041183
1 0.513970 0.500524 0.030278 0.053901
1 0.523904 0.637961 0.028497 0.057064
1 0.760919 0.210629 0.027606 0.036460
1 0.766336 0.231892 0.024934 0.033297
1 0.682297 0.413586 0.028497 0.046065
1 0.731072 0.389157 0.024934 0.039622
1 0.727938 0.888507 0.032945 0.060235
1 0.720681 0.945755 0.033624 0.053188
1 0.773360 0.939853 0.029387 0.058649
1 0.876906 0.820961 0.032945 0.049136
2 0.312542 0.434169 0.028497 0.045973
2 0.765792 0.641833 0.032055 0.052307
3 0.279779 0.566514 0.032064 0.047592
3 0.725721 0.639455 0.030273 0.057064
4 0.723636 0.522148 0.139524 0.304362
5 0.271843 0.501539 0.150490 0.320210
1 0.607853 0.900529 0.032926 0.061812
1 0.629548 0.801162 0.032950 0.066552
1 0.619025 0.924723 0.032950 0.054060
1 0.229284 0.953318 0.032950 0.047576
1 0.124239 0.747836 0.036508 0.049144
