1 0.874914 0.144576 0.027609 0.058569
0 0.362895 0.193653 0.072133 0.099722
0 0.343742 0.794424 0.113984 0.215292
0 0.680348 0.184951 0.064117 0.123486
0 0.784531 0.759597 0.087266 0.193139
1 0.529898 0.429535 0.034734 0.071236
1 0.575559 0.426993 0.033836 0.066486
1 0.527141 0.295049 0.032953 0.060153
1 0.543660 0.150118 0.029383 0.050653
1 0.736445 0.127951 0.023156 0.041153
1 0.816352 0.044104 0.023156 0.045903
1 0.936355 0.799174 0.034727 0.066486
1 0.282750 0.183368 0.027609 0.047486
1 0.584621 0.596549 0.032945 0.066486
1 0.674574 0.430035 0.035617 0.066486
2 0.901184 0.625826 0.032055 0.068069
3 0.271621 0.241146 0.028492 0.049069
3 0.706180 0.166743 0.028516 0.045903
4 0.835734 0.435069 0.175422 0.351444
5 0.256586 0.449785 0.174531 0.357764
1 0.428332 0.439493 0.037398 0.064903
1 0.217152 0.953521 0.040070 0.052236
1 0.568863 0.933868 0.046305 0.071236
2 0.398949 0.895646 0.048977 0.088653
