0 0.649119 0.886741 0.085551 0.145797
0 0.251216 0.677710 0.092234 0.126544
0 0.244017 0.782815 0.074868 0.163062
0 0.598845 0.679790 0.097125 0.137836
1 0.094859 0.819253 0.040961 0.050721
1 0.243975 0.173620 0.030278 0.039622
1 0.245495 0.205164 0.029387 0.034874
1 0.185005 0.497404 0.033836 0.058649
1 0.318332 0.396124 0.025825 0.045973
1 0.287620 0.241565 0.024910 0.044388
1 0.291774 0.389652 0.023313 0.041317
1 0.312088 0.518964 0.027625 0.041183
1 0.537832 0.719530 0.030273 0.055520
1 0.591261 0.950159 0.028497 0.057064
1 0.754312 0.201749 0.027606 0.042760
1 0.718598 0.412777 0.023153 0.047567
1 0.732844 0.392945 0.024934 0.039614
1 0.719694 0.922768 0.029387 0.050755
1 0.710328 0.953683 0.033624 0.053188
1 0.773360 0.939853 0.029387 0.058649
1 0.876739 0.819375 0.032950 0.049136
2 0.312542 0.434169 0.028497 0.045973
2 0.765792 0.641833 0.032055 0.052307
3 0.281381 0.564929 0.032064 0.047592
3 0.725721 0.639455 0.030273 0.057064
4 0.723000 0.522148 0.138921 0.304362
5 0.271383 0.501539 0.150485 0.320210
1 0.224717 0.667085 0.031546 0.060579
1 0.590375 0.871720 0.032041 0.058591
1 0.205283 0.703075 0.024929 0.053935
1 0.229284 0.953318 0.032950 0.047576
1 0.128810 0.743314 0.036508 0.049144
