0 0.748346 0.774983 0.093582 0.163221
0 0.255130 0.673922 0.092568 0.114253
0 0.236107 0.789966 0.103572 0.148758
0 0.669248 0.504195 0.087319 0.129950
1 0.093629 0.820155 0.040961 0.050730
1 0.243975 0.171896 0.030278 0.039631
1 0.245985 0.203201 0.029387 0.034874
1 0.185636 0.496699 0.033836 0.058649
1 0.318332 0.396124 0.025825 0.045973
1 0.287620 0.241565 0.024910 0.044388
1 0.291774 0.389652 0.023313 0.041317
1 0.312088 0.518964 0.027625 0.041183
1 0.549508 0.674962 0.030278 0.055512
1 0.691107 0.910403 0.028492 0.057064
1 0.752747 0.201355 0.027606 0.042760
1 0.765372 0.225986 0.020528 0.025914
1 0.718598 0.412777 0.023153 0.047567
1 0.732844 0.392945 0.024934 0.039614
1 0.722901 0.902009 0.029420 0.050847
1 0.714842 0.945755 0.033624 0.053188
1 0.773360 0.939853 0.029387 0.058649
1 0.875836 0.819375 0.032945 0.049136
2 0.312542 0.434169 0.028497 0.045973
2 0.765792 0.641833 0.032055 0.052307
3 0.281381 0.564929 0.032064 0.047592
3 0.725721 0.639455 0.030273 0.057064
4 0.723301 0.522148 0.138921 0.304362
5 0.271449 0.501539 0.150485 0.320210
1 0.230577 0.676191 0.032926 0.061812
1 0.743735 0.861149 0.032041 0.058591
1 0.201982 0.718008 0.029967 0.053935
1 0.229284 0.953318 0.032950 0.047576
1 0.128160 0.743960 0.036508 0.049144
