1 0.872398 0.145701 0.027609 0.058569
0 0.448508 0.419167 0.100703 0.166250
0 0.384227 0.902757 0.127359 0.194486
0 0.701750 0.293431 0.074844 0.153611
0 0.809020 0.624167 0.111320 0.185111
1 0.352047 0.431910 0.034719 0.060181
1 0.685367 0.543250 0.032078 0.066500
1 0.528988 0.291764 0.032945 0.060167
1 0.543660 0.150118 0.029383 0.050653
1 0.736445 0.127931 0.023156 0.041111
1 0.815262 0.047986 0.023148 0.045917
1 0.936355 0.799174 0.034727 0.066486
1 0.282750 0.183368 0.027609 0.047486
1 0.584621 0.596549 0.032945 0.066486
1 0.526293 0.402354 0.035617 0.066486
2 0.896730 0.622667 0.032055 0.068083
3 0.255594 0.313965 0.028500 0.049069
3 0.789133 0.312347 0.028516 0.045861
4 0.835734 0.435069 0.175422 0.351444
5 0.257375 0.449319 0.174531 0.357778
1 0.428344 0.936104 0.037406 0.064903
1 0.541629 0.985743 0.040070 0.028514
1 0.572238 0.930701 0.046305 0.071236
2 0.473770 0.921917 0.033852 0.068056
