1 0.872020 0.145868 0.027602 0.058569
0 0.482688 0.342389 0.098062 0.147278
0 0.443297 0.915424 0.127359 0.169153
0 0.681484 0.156917 0.065078 0.126750
0 0.793320 0.648417 0.101016 0.185111
1 0.351859 0.431910 0.034719 0.060181
1 0.641320 0.549049 0.032078 0.066486
1 0.529270 0.291271 0.032945 0.060153
1 0.543660 0.150118 0.029383 0.050653
1 0.736445 0.127931 0.023156 0.041111
1 0.815098 0.048569 0.023148 0.045917
1 0.936355 0.799174 0.034727 0.066486
1 0.282750 0.183368 0.027609 0.047486
1 0.584621 0.596549 0.032945 0.066486
1 0.490801 0.428708 0.035617 0.066500
2 0.896730 0.622667 0.032055 0.068083
3 0.255594 0.313965 0.028500 0.049069
3 0.789781 0.313174 0.028516 0.045875
4 0.835734 0.435069 0.175422 0.351444
5 0.257375 0.449319 0.174531 0.357778
1 0.486520 0.937688 0.037398 0.064903
1 0.531508 0.981222 0.042344 0.037556
1 0.577613 0.923660 0.046305 0.071236
2 0.529277 0.929833 0.033852 0.068056
