0 0.376517 0.702076 0.091074 0.152122
0 0.241320 0.830881 0.098794 0.162517
0 0.525577 0.893985 0.090844 0.137483
0 0.704350 0.348859 0.074797 0.099866
1 0.084128 0.827122 0.040961 0.050721
1 0.243975 0.158607 0.030278 0.039631
1 0.245815 0.195113 0.029387 0.034874
1 0.190518 0.491271 0.033836 0.058649
1 0.318332 0.396124 0.025825 0.045973
1 0.287620 0.241565 0.024910 0.044388
1 0.291265 0.387680 0.023134 0.042794
1 0.296282 0.479333 0.027625 0.041183
1 0.513860 0.501145 0.030273 0.053901
1 0.518254 0.638876 0.028497 0.057064
1 0.760358 0.207735 0.027606 0.036460
1 0.764366 0.232475 0.024934 0.033289
1 0.682714 0.399492 0.028492 0.043096
1 0.729432 0.385650 0.024934 0.039622
1 0.727399 0.898108 0.032950 0.060243
1 0.716821 0.948746 0.032059 0.057072
1 0.773360 0.939853 0.029387 0.058649
1 0.872231 0.823008 0.032945 0.049136
2 0.312542 0.434169 0.028497 0.045973
2 0.765792 0.641833 0.032055 0.052307
3 0.280768 0.569685 0.032064 0.047592
3 0.725721 0.639455 0.030273 0.057064
4 0.723551 0.522148 0.139694 0.304362
5 0.271956 0.501539 0.150490 0.320210
1 0.263353 0.874664 0.032926 0.061812
1 0.314870 0.895784 0.030278 0.066552
1 0.296411 0.941795 0.032945 0.055503
1 0.229284 0.953318 0.032950 0.047576
1 0.123129 0.748935 0.036513 0.049144
