0 0.609460 0.894979 0.089119 0.152156
0 0.264781 0.686044 0.091682 0.147089
0 0.329797 0.857181 0.098756 0.160067
0 0.661126 0.817076 0.098907 0.171065
1 0.096437 0.818100 0.040961 0.050730
1 0.243975 0.175822 0.030278 0.039631
1 0.244868 0.207672 0.029387 0.034874
1 0.184194 0.498305 0.033836 0.058658
1 0.318332 0.396124 0.025825 0.045973
1 0.287620 0.241565 0.024910 0.044388
1 0.291774 0.389652 0.023313 0.041317
1 0.312088 0.518964 0.027625 0.041183
1 0.537952 0.714220 0.030278 0.055520
1 0.384131 0.944430 0.033850 0.057064
1 0.756317 0.202261 0.027601 0.042760
1 0.718598 0.412777 0.023153 0.047567
1 0.732844 0.392945 0.024934 0.039614
1 0.721228 0.919283 0.029383 0.050747
1 0.710328 0.953683 0.033624 0.053188
1 0.773360 0.939853 0.029387 0.058649
1 0.877896 0.819375 0.032945 0.049136
2 0.312542 0.434169 0.028497 0.045973
2 0.765792 0.641833 0.032055 0.052307
3 0.281381 0.564929 0.032064 0.047592
3 0.725721 0.639455 0.030273 0.057064
4 0.723047 0.522148 0.138921 0.304362
5 0.271301 0.501539 0.150490 0.320210
1 0.215785 0.668880 0.029656 0.058884
1 0.501767 0.950164 0.033836 0.058599
1 0.214774 0.719274 0.024929 0.053935
1 0.229284 0.953318 0.032950 0.047576
1 0.129647 0.742487 0.036513 0.049136
