1 0.874488 0.144771 0.027602 0.058569
0 0.492469 0.384694 0.080172 0.112417
0 0.412141 0.484667 0.097094 0.189944
0 0.671773 0.352056 0.069437 0.133000
0 0.691465 0.465653 0.081055 0.180528
1 0.528891 0.431993 0.034734 0.071236
1 0.574395 0.428090 0.033836 0.066486
1 0.527453 0.294493 0.032953 0.060153
1 0.543660 0.150118 0.029383 0.050653
1 0.736445 0.127951 0.023156 0.041153
1 0.816168 0.044757 0.023148 0.045903
1 0.936355 0.799174 0.034727 0.066486
1 0.282750 0.183368 0.027609 0.047486
1 0.584621 0.596549 0.032945 0.066486
1 0.670426 0.412410 0.035617 0.066486
2 0.900035 0.622667 0.032055 0.068083
3 0.255594 0.313965 0.028500 0.049069
3 0.785562 0.307812 0.028516 0.045875
4 0.835734 0.435069 0.175422 0.351444
5 0.257375 0.449319 0.174531 0.357778
1 0.426363 0.452063 0.037398 0.064903
1 0.219527 0.953521 0.040070 0.052236
1 0.569434 0.933326 0.046305 0.071236
2 0.398590 0.895576 0.048977 0.088653
