1 0.873051 0.145410 0.027602 0.058569
0 0.398387 0.432819 0.101305 0.121944
0 0.300984 0.844306 0.144297 0.223111
0 0.703555 0.346472 0.092625 0.167833
0 0.647816 0.674861 0.119383 0.178833
1 0.371004 0.421181 0.034727 0.060167
1 0.658531 0.564090 0.033844 0.066486
1 0.528512 0.292618 0.032945 0.060153
1 0.543660 0.150118 0.029383 0.050653
1 0.736445 0.127938 0.023156 0.041125
1 0.815543 0.046979 0.023148 0.045903
1 0.936355 0.799174 0.034727 0.066486
1 0.282750 0.183368 0.027609 0.047486
1 0.584621 0.596549 0.032945 0.066486
1 0.477676 0.380299 0.035617 0.066486
2 0.896730 0.622667 0.032055 0.068083
3 0.255594 0.313965 0.028500 0.049069
3 0.788020 0.310937 0.028508 0.045875
4 0.835734 0.435069 0.175422 0.351444
5 0.257375 0.449319 0.174531 0.357778
1 0.338402 0.855368 0.037398 0.064903
1 0.388715 0.936896 0.040070 0.066514
1 0.571363 0.931521 0.046305 0.071236
2 0.403652 0.880951 0.048977 0.088653
