0 0.476704 0.671351 0.079298 0.141007
0 0.386348 0.904488 0.091687 0.145940
0 0.480245 0.906925 0.087257 0.131485
0 0.691982 0.310524 0.075518 0.109941
1 0.087802 0.824430 0.040966 0.050721
1 0.243975 0.163750 0.030278 0.039631
1 0.252135 0.198184 0.029387 0.034874
1 0.188631 0.493368 0.033841 0.058649
1 0.318332 0.396124 0.025825 0.045973
1 0.287620 0.241565 0.024910 0.044388
1 0.293504 0.389656 0.023313 0.041326
1 0.312088 0.518964 0.027625 0.041183
1 0.514055 0.500055 0.030278 0.053901
1 0.516487 0.667290 0.028497 0.057064
1 0.760631 0.211619 0.027606 0.036460
1 0.767816 0.231451 0.024934 0.033289
1 0.715419 0.452953 0.026202 0.047567
1 0.732302 0.391791 0.024934 0.039622
1 0.728273 0.888733 0.032210 0.058272
1 0.719437 0.945755 0.033624 0.053188
1 0.773360 0.939853 0.029387 0.058649
1 0.882302 0.820961 0.032945 0.049136
2 0.312542 0.434169 0.028497 0.045973
2 0.765792 0.641833 0.032055 0.052307
3 0.279559 0.566011 0.032069 0.047592
3 0.725721 0.639455 0.030273 0.057064
4 0.723702 0.522148 0.139392 0.304362
5 0.271758 0.501539 0.150490 0.320210
1 0.425483 0.880227 0.032926 0.061812
1 0.650580 0.686279 0.032950 0.066552
1 0.424767 0.937747 0.032945 0.053935
1 0.229284 0.953318 0.032950 0.047576
1 0.125073 0.747009 0.036508 0.049136
