0 0.570563 0.674446 0.079298 0.141007
0 0.290497 0.875398 0.084557 0.163146
0 0.376152 0.907731 0.087253 0.131485
0 0.690405 0.315646 0.075702 0.096728
1 0.088973 0.823570 0.040961 0.050730
1 0.243975 0.165386 0.030278 0.039631
1 0.259873 0.197982 0.029387 0.034874
1 0.188028 0.494039 0.033841 0.058649
1 0.318332 0.396124 0.025825 0.045973
1 0.287620 0.241565 0.024910 0.044388
1 0.292811 0.389652 0.023313 0.041317
1 0.312088 0.518964 0.027625 0.041183
1 0.514637 0.498977 0.030273 0.053893
1 0.601819 0.677953 0.028492 0.057064
1 0.759392 0.210638 0.027606 0.036460
1 0.768963 0.233402 0.024929 0.037106
1 0.719199 0.407869 0.023148 0.047567
1 0.732844 0.392945 0.024934 0.039614
1 0.728520 0.889044 0.031649 0.056779
1 0.718513 0.945755 0.033624 0.053188
1 0.773360 0.939853 0.029387 0.058649
1 0.883820 0.820810 0.032945 0.049136
2 0.312542 0.434169 0.028497 0.045973
2 0.765792 0.641833 0.032055 0.052307
3 0.280290 0.565579 0.032069 0.047601
3 0.725721 0.639455 0.030273 0.057064
4 0.723749 0.522148 0.139298 0.304362
5 0.271697 0.501539 0.150490 0.320210
1 0.318339 0.895021 0.032926 0.061820
1 0.629866 0.663473 0.030410 0.065638
1 0.321383 0.949245 0.032945 0.053926
1 0.229284 0.953318 0.032950 0.047576
1 0.125695 0.746393 0.036508 0.049144
