1 0.217394 0.693201 0.027606 0.049153
0 0.566942 0.900247 0.097634 0.149371
0 0.253421 0.755260 0.111489 0.155755
0 0.276838 0.884694 0.099793 0.160663
0 0.648025 0.844501 0.098907 0.171065
1 0.097938 0.816997 0.040966 0.050721
1 0.243975 0.179480 0.030278 0.039631
1 0.243829 0.211833 0.029383 0.034874
1 0.184637 0.495709 0.033836 0.058649
1 0.318332 0.396124 0.025825 0.045973
1 0.287620 0.241565 0.024910 0.044388
1 0.291774 0.389652 0.023313 0.041317
1 0.312088 0.518964 0.027625 0.041183
1 0.538066 0.719530 0.030278 0.055520
1 0.236331 0.896174 0.033850 0.057064
1 0.756093 0.199904 0.027606 0.042760
1 0.718598 0.412777 0.023153 0.047567
1 0.732844 0.392945 0.024934 0.039614
1 0.723768 0.913503 0.029383 0.050747
1 0.710328 0.953683 0.033624 0.053188
1 0.773360 0.939853 0.029387 0.058649
1 0.879814 0.819375 0.032945 0.049136
2 0.312542 0.434169 0.028497 0.045973
2 0.765792 0.641833 0.032055 0.052307
3 0.281381 0.564929 0.032064 0.047592
3 0.725721 0.639455 0.030273 0.057064
4 0.723047 0.522148 0.138921 0.304362
5 0.271159 0.501539 0.150490 0.320210
1 0.239918 0.644417 0.024943 0.045982
1 0.499548 0.944681 0.033836 0.058591
1 0.229284 0.953318 0.032950 0.047576
1 0.130441 0.741703 0.036508 0.049144
