0 0.605935 0.709325 0.072201 0.139706
0 0.268671 0.696384 0.096107 0.141158
0 0.325719 0.889371 0.091730 0.156326
0 0.558777 0.501518 0.072163 0.137919
1 0.090745 0.822269 0.040961 0.050730
1 0.243975 0.167861 0.030278 0.039631
1 0.248473 0.198654 0.029387 0.034874
1 0.187118 0.495050 0.033841 0.058658
1 0.318332 0.396124 0.025825 0.045973
1 0.287620 0.241565 0.024910 0.044388
1 0.291774 0.389652 0.023313 0.041317
1 0.312088 0.518964 0.027625 0.041183
1 0.513640 0.552794 0.030278 0.053893
1 0.695417 0.905801 0.028497 0.057072
1 0.750363 0.190940 0.027606 0.036460
1 0.778089 0.225055 0.024934 0.040327
1 0.720024 0.411418 0.023148 0.047567
1 0.732844 0.392945 0.024934 0.039614
1 0.728893 0.889505 0.030801 0.054530
1 0.717118 0.945755 0.033624 0.053188
1 0.773360 0.939853 0.029387 0.058649
1 0.880695 0.820252 0.032945 0.049144
2 0.312542 0.434169 0.028497 0.045973
2 0.765792 0.641833 0.032055 0.052307
3 0.281381 0.564929 0.032064 0.047592
3 0.725721 0.639455 0.030273 0.057064
4 0.723822 0.522148 0.139152 0.304362
5 0.271602 0.501539 0.150490 0.320210
1 0.235144 0.712156 0.032926 0.061812
1 0.772924 0.819560 0.032041 0.058599
1 0.206171 0.744979 0.032945 0.053935
1 0.229284 0.953318 0.032950 0.047576
1 0.126633 0.745470 0.036508 0.049144
