1 0.872582 0.145618 0.027602 0.058569
0 0.426574 0.425486 0.092633 0.136250
0 0.309297 0.859410 0.139500 0.199236
0 0.715379 0.334903 0.088211 0.153611
0 0.759570 0.636861 0.119375 0.178833
1 0.352137 0.431910 0.034727 0.060181
1 0.699199 0.531007 0.032070 0.066486
1 0.528855 0.292007 0.032945 0.060153
1 0.543660 0.150118 0.029383 0.050653
1 0.736445 0.127931 0.023156 0.041111
1 0.815340 0.047701 0.023148 0.045903
1 0.936355 0.799174 0.034727 0.066486
1 0.282750 0.183368 0.027609 0.047486
1 0.584621 0.596549 0.032945 0.066486
1 0.491031 0.377451 0.035625 0.066486
2 0.896730 0.622667 0.032055 0.068083
3 0.255594 0.313965 0.028500 0.049069
3 0.788820 0.311951 0.028516 0.045875
4 0.835734 0.435069 0.175422 0.351444
5 0.257375 0.449319 0.174531 0.357778
1 0.344191 0.879910 0.037398 0.064903
1 0.543660 0.962174 0.040070 0.062625
1 0.571996 0.930937 0.046305 0.071236
2 0.440992 0.914292 0.039531 0.076972
