1 0.874520 0.144757 0.027602 0.058569
0 0.490687 0.381174 0.080172 0.112431
0 0.413527 0.481847 0.097102 0.189944
0 0.672586 0.349458 0.069437 0.133000
0 0.692059 0.459667 0.081055 0.180528
1 0.528965 0.431819 0.034727 0.071250
1 0.574477 0.428014 0.033844 0.066500
1 0.527430 0.294535 0.032953 0.060153
1 0.543660 0.150118 0.029383 0.050653
1 0.736445 0.127951 0.023156 0.041153
1 0.816180 0.044715 0.023156 0.045903
1 0.936355 0.799174 0.034727 0.066486
1 0.282750 0.183368 0.027609 0.047486
1 0.584621 0.596549 0.032945 0.066486
1 0.670895 0.414535 0.035617 0.066486
2 0.900293 0.622667 0.032055 0.068083
3 0.255594 0.313965 0.028500 0.049069
3 0.785508 0.307750 0.028516 0.045861
4 0.835734 0.435069 0.175422 0.351444
5 0.257375 0.449319 0.174531 0.357778
1 0.426598 0.450597 0.037398 0.064917
1 0.219355 0.953521 0.040070 0.052236
1 0.569387 0.933368 0.046305 0.071236
2 0.398621 0.895576 0.048977 0.088653
