0 0.749291 0.780692 0.093586 0.163230
0 0.250320 0.673444 0.092564 0.114253
0 0.235728 0.785214 0.102813 0.139253
0 0.667721 0.505554 0.087319 0.129950
1 0.093746 0.820071 0.040961 0.050730
1 0.243975 0.172060 0.030278 0.039622
1 0.245938 0.203385 0.029387 0.034874
1 0.185577 0.496766 0.033841 0.058649
1 0.318332 0.396124 0.025825 0.045973
1 0.287620 0.241565 0.024910 0.044388
1 0.291774 0.389652 0.023313 0.041317
1 0.312088 0.518964 0.027625 0.041183
1 0.550299 0.669807 0.030278 0.055520
1 0.688855 0.911795 0.028492 0.057064
1 0.752893 0.201388 0.027606 0.042760
1 0.765115 0.225487 0.020014 0.024916
1 0.718598 0.412777 0.023153 0.047567
1 0.732844 0.392945 0.024934 0.039614
1 0.720111 0.905122 0.029383 0.050747
1 0.713000 0.948926 0.033624 0.053188
1 0.773360 0.939853 0.029387 0.058649
1 0.875921 0.819375 0.032945 0.049136
2 0.312542 0.434169 0.028497 0.045973
2 0.765792 0.641833 0.032055 0.052307
3 0.281381 0.564929 0.032064 0.047592
3 0.725721 0.639455 0.030273 0.057064
4 0.722538 0.522148 0.138921 0.304362
5 0.271442 0.501539 0.150490 0.320210
1 0.226557 0.671799 0.032879 0.061770
1 0.732142 0.863473 0.032041 0.058591
1 0.197479 0.706028 0.027097 0.053935
1 0.229284 0.953318 0.032950 0.047576
1 0.128221 0.743897 0.036508 0.049136
