0 0.628028 0.676560 0.079298 0.141007
0 0.265994 0.820612 0.079218 0.176040
0 0.325905 0.907232 0.087257 0.131477
0 0.688033 0.310814 0.075707 0.096728
1 0.089284 0.823343 0.040961 0.050730
1 0.243975 0.165822 0.030278 0.039631
1 0.264065 0.197487 0.029383 0.034874
1 0.187870 0.494216 0.033836 0.058649
1 0.318332 0.396124 0.025825 0.045973
1 0.287620 0.241565 0.024910 0.044388
1 0.292627 0.389652 0.023313 0.041317
1 0.312088 0.518964 0.027625 0.041183
1 0.514856 0.498599 0.030278 0.053893
1 0.657559 0.674471 0.028492 0.057064
1 0.759069 0.210378 0.027601 0.036460
1 0.769281 0.234769 0.024934 0.039539
1 0.723115 0.408482 0.023148 0.047567
1 0.732844 0.392945 0.024934 0.039614
1 0.728584 0.889119 0.031503 0.056393
1 0.718268 0.945755 0.033624 0.053188
1 0.773360 0.939853 0.029387 0.058649
1 0.883278 0.820713 0.032945 0.049144
2 0.312542 0.434169 0.028497 0.045973
2 0.765792 0.641833 0.032055 0.052307
3 0.280481 0.565466 0.032064 0.047592
3 0.725721 0.639455 0.030273 0.057064
4 0.723763 0.522148 0.139270 0.304362
5 0.271682 0.501539 0.150490 0.320210
1 0.266869 0.866309 0.032926 0.061812
1 0.672693 0.645742 0.028497 0.064958
1 0.271312 0.940642 0.032945 0.053935
1 0.229284 0.953318 0.032950 0.047576
1 0.125860 0.746233 0.036508 0.049144
