0 0.433205 0.647747 0.092639 0.152106
0 0.380693 0.901309 0.091687 0.145940
0 0.605389 0.885780 0.090844 0.163205
0 0.704350 0.349891 0.074797 0.099866
1 0.084859 0.826586 0.040961 0.050721
1 0.243975 0.159631 0.030278 0.039631
1 0.247071 0.195726 0.029383 0.034874
1 0.190141 0.491686 0.033836 0.058658
1 0.318332 0.396124 0.025825 0.045973
1 0.287620 0.241565 0.024910 0.044388
1 0.295247 0.389656 0.023313 0.041326
1 0.310330 0.501212 0.027625 0.041183
1 0.513897 0.500927 0.030273 0.053901
1 0.520224 0.638557 0.028497 0.057064
1 0.760556 0.208742 0.027606 0.036460
1 0.765054 0.232273 0.024934 0.033289
1 0.682571 0.404409 0.028497 0.044136
1 0.730002 0.386875 0.024934 0.039622
1 0.727587 0.894761 0.032950 0.060243
1 0.718787 0.947970 0.032059 0.057064
1 0.773360 0.939853 0.029387 0.058649
1 0.872234 0.820961 0.032950 0.049136
2 0.312542 0.434169 0.028497 0.045973
2 0.765792 0.641833 0.032055 0.052307
3 0.281381 0.562949 0.032064 0.047592
3 0.725721 0.639455 0.030273 0.057064
4 0.723579 0.522148 0.139637 0.304362
5 0.271918 0.501539 0.150490 0.320210
1 0.401866 0.912273 0.032931 0.061812
1 0.431598 0.884857 0.032950 0.066560
1 0.430530 0.937936 0.032945 0.055503
1 0.229284 0.953318 0.032950 0.047576
1 0.123516 0.748549 0.036513 0.049144
