0 0.276451 0.708100 0.086041 0.136586
0 0.258233 0.865252 0.096136 0.155369
0 0.388329 0.911951 0.089920 0.111284
0 0.704350 0.347743 0.074797 0.099866
1 0.083341 0.827701 0.040961 0.050721
1 0.243975 0.157508 0.030278 0.039631
1 0.244458 0.194459 0.029387 0.034874
1 0.187472 0.478456 0.033841 0.058658
1 0.318332 0.396124 0.025825 0.045973
1 0.287620 0.241565 0.024910 0.044388
1 0.280330 0.392085 0.023139 0.042794
1 0.260846 0.502823 0.027620 0.041183
1 0.513817 0.501380 0.030273 0.053901
1 0.516131 0.639220 0.028492 0.057064
1 0.760148 0.206644 0.027601 0.036460
1 0.763626 0.232693 0.024934 0.033289
1 0.682872 0.394195 0.028497 0.041980
1 0.728815 0.384333 0.024934 0.039622
1 0.727196 0.901720 0.032950 0.060235
1 0.714703 0.949585 0.032055 0.057072
1 0.773360 0.939853 0.029387 0.058649
1 0.873803 0.826502 0.032950 0.049144
2 0.312705 0.430856 0.028492 0.045973
2 0.765792 0.641833 0.032055 0.052307
3 0.280931 0.561850 0.034727 0.055478
3 0.725721 0.639455 0.030273 0.057064
4 0.723518 0.522148 0.139760 0.304362
5 0.271998 0.501539 0.150490 0.320210
1 0.280832 0.904098 0.034529 0.061820
1 0.312721 0.906565 0.030278 0.052307
1 0.291795 0.949723 0.032950 0.041930
1 0.227700 0.952970 0.031762 0.048977
1 0.122712 0.749346 0.036508 0.049144
