0 0.469687 0.676711 0.079298 0.141007
0 0.515820 0.905747 0.091687 0.145940
0 0.607293 0.909371 0.087253 0.131477
0 0.704350 0.353020 0.074797 0.099866
1 0.087069 0.824962 0.040961 0.050730
1 0.243975 0.162727 0.030278 0.039631
1 0.250877 0.197571 0.029387 0.034874
1 0.189006 0.492949 0.033836 0.058649
1 0.318332 0.396124 0.025825 0.045973
1 0.287620 0.241565 0.024910 0.044388
1 0.293937 0.389656 0.023313 0.041326
1 0.312088 0.518964 0.027625 0.041183
1 0.514015 0.500273 0.030273 0.053901
1 0.521136 0.653326 0.028492 0.057072
1 0.761145 0.211804 0.027606 0.036460
1 0.767128 0.231653 0.024934 0.033289
1 0.682130 0.419279 0.028492 0.047265
1 0.731732 0.390566 0.024934 0.039622
1 0.728117 0.888544 0.032559 0.059203
1 0.720014 0.945755 0.033629 0.053188
1 0.773360 0.939853 0.029387 0.058649
1 0.879802 0.820961 0.032950 0.049136
2 0.312542 0.434169 0.028497 0.045973
2 0.765792 0.641833 0.032055 0.052307
3 0.279105 0.566279 0.032064 0.047592
3 0.725721 0.639455 0.030273 0.057064
4 0.723671 0.522148 0.139453 0.304362
5 0.271800 0.501539 0.150490 0.320210
1 0.555280 0.886619 0.032926 0.061812
1 0.635372 0.729232 0.032950 0.066552
1 0.555641 0.931128 0.032950 0.053935
1 0.229284 0.953318 0.032950 0.047576
1 0.124687 0.747391 0.036508 0.049144
