0 0.649164 0.679530 0.079298 0.141007
0 0.265728 0.760868 0.099779 0.176049
0 0.303445 0.902370 0.087257 0.131485
0 0.671261 0.313331 0.075707 0.096728
1 0.089456 0.823217 0.040966 0.050730
1 0.243975 0.166061 0.030278 0.039622
1 0.266421 0.197211 0.029383 0.034874
1 0.187780 0.494312 0.033836 0.058658
1 0.318332 0.396124 0.025825 0.045973
1 0.287620 0.241565 0.024910 0.044388
1 0.292526 0.389652 0.023318 0.041317
1 0.312088 0.518964 0.027625 0.041183
1 0.514981 0.498389 0.030273 0.053893
1 0.682978 0.702513 0.028492 0.057072
1 0.758888 0.210235 0.027606 0.036460
1 0.769460 0.235541 0.024934 0.040914
1 0.722747 0.408834 0.023148 0.047567
1 0.732844 0.392945 0.024934 0.039614
1 0.728622 0.889165 0.031418 0.056166
1 0.718131 0.945755 0.033624 0.053188
1 0.773360 0.939853 0.029387 0.058649
1 0.882971 0.820659 0.032945 0.049136
2 0.312542 0.434169 0.028497 0.045973
2 0.765792 0.641833 0.032055 0.052307
3 0.280589 0.565398 0.032064 0.047592
3 0.725721 0.639455 0.030273 0.057064
4 0.723770 0.522148 0.139255 0.304362
5 0.271673 0.501539 0.150490 0.320210
1 0.260756 0.808289 0.032926 0.061812
1 0.706722 0.661930 0.028497 0.064950
1 0.252533 0.883926 0.032945 0.053926
1 0.229284 0.953318 0.032950 0.047576
1 0.125950 0.746141 0.036508 0.049144
