0 0.642484 0.686825 0.080254 0.143733
0 0.261426 0.693452 0.098676 0.146183
0 0.301810 0.896619 0.087257 0.131477
0 0.622210 0.341422 0.070829 0.106233
1 0.089821 0.822949 0.040961 0.050730
1 0.243975 0.166569 0.030278 0.039631
1 0.261715 0.197580 0.029387 0.034874
1 0.187594 0.494522 0.033841 0.058658
1 0.318332 0.396124 0.025825 0.045973
1 0.287620 0.241565 0.024910 0.044388
1 0.292311 0.389652 0.023313 0.041317
1 0.312088 0.518964 0.027625 0.041183
1 0.515243 0.497940 0.030278 0.053901
1 0.698744 0.835742 0.028497 0.057072
1 0.758501 0.209933 0.027606 0.036460
1 0.769842 0.237169 0.024934 0.043817
1 0.721975 0.409564 0.023148 0.047567
1 0.732844 0.392945 0.024934 0.039614
1 0.728699 0.889262 0.031244 0.055705
1 0.717844 0.945755 0.033624 0.053188
1 0.773360 0.939853 0.029387 0.058649
1 0.882326 0.820545 0.032945 0.049144
2 0.312542 0.434169 0.028497 0.045973
2 0.765792 0.641833 0.032055 0.052307
3 0.280818 0.565264 0.032069 0.047592
3 0.725721 0.639455 0.030273 0.057064
4 0.723784 0.522148 0.139227 0.304362
5 0.271652 0.501539 0.150485 0.320210
1 0.237462 0.709262 0.032926 0.061812
1 0.754168 0.720747 0.030580 0.061208
1 0.229649 0.812332 0.032945 0.053926
1 0.229284 0.953318 0.032950 0.047576
1 0.126143 0.745948 0.036508 0.049144
