0 0.739496 0.754379 0.093582 0.163221
0 0.263589 0.680659 0.092568 0.114253
0 0.239984 0.800264 0.104199 0.156686
0 0.659842 0.522097 0.076612 0.129966
1 0.093379 0.820340 0.040961 0.050730
1 0.243975 0.171552 0.030278 0.039631
1 0.246084 0.202806 0.029387 0.034874
1 0.185766 0.496556 0.033841 0.058649
1 0.318332 0.396124 0.025825 0.045973
1 0.287620 0.241565 0.024910 0.044388
1 0.291774 0.389652 0.023313 0.041317
1 0.312088 0.518964 0.027625 0.041183
1 0.543174 0.692576 0.030278 0.055520
1 0.691480 0.910004 0.028492 0.057072
1 0.752432 0.201271 0.027606 0.042760
1 0.765926 0.227064 0.021635 0.028070
1 0.718598 0.412777 0.023153 0.047567
1 0.732844 0.392945 0.024934 0.039614
1 0.723871 0.900122 0.029543 0.051166
1 0.715040 0.945755 0.033624 0.053188
1 0.773360 0.939853 0.029387 0.058649
1 0.876037 0.819421 0.032950 0.049144
2 0.312542 0.434169 0.028497 0.045973
2 0.765792 0.641833 0.032055 0.052307
3 0.281381 0.564929 0.032064 0.047592
3 0.725721 0.639455 0.030273 0.057064
4 0.723930 0.522148 0.138935 0.304362
5 0.271461 0.501539 0.150490 0.320210
1 0.237481 0.683213 0.032926 0.061812
1 0.752557 0.853440 0.032041 0.058591
1 0.220377 0.732978 0.032950 0.053926
1 0.229284 0.953318 0.032950 0.047576
1 0.128028 0.744086 0.036508 0.049144
