1 0.873309 0.145299 0.027602 0.058569
0 0.399941 0.429417 0.089680 0.144278
0 0.263648 0.817729 0.142391 0.222431
0 0.590238 0.327472 0.086820 0.167833
0 0.720000 0.681944 0.122906 0.191556
1 0.412758 0.467528 0.034734 0.071250
1 0.610441 0.568049 0.033836 0.066486
1 0.528320 0.292951 0.032953 0.060153
1 0.543660 0.150118 0.029383 0.050653
1 0.736445 0.127938 0.023156 0.041125
1 0.815656 0.046583 0.023156 0.045917
1 0.936355 0.799174 0.034727 0.066486
1 0.282750 0.183368 0.027609 0.047486
1 0.584621 0.596549 0.032945 0.066486
1 0.469855 0.393000 0.035617 0.066500
2 0.896730 0.622667 0.032055 0.068083
3 0.255594 0.313965 0.028500 0.049069
3 0.787578 0.310382 0.028516 0.045875
4 0.835734 0.435069 0.175422 0.351444
5 0.257375 0.449319 0.174531 0.357778
1 0.309082 0.893361 0.037398 0.064917
1 0.226145 0.953521 0.040070 0.052236
1 0.571020 0.931840 0.046305 0.071236
2 0.399020 0.892090 0.048977 0.088653
