0 0.473560 0.672190 0.079298 0.141007
0 0.411805 0.904765 0.091687 0.145940
0 0.504918 0.907202 0.087253 0.131485
0 0.694729 0.320034 0.075358 0.107701
1 0.087686 0.824513 0.040961 0.050721
1 0.243975 0.163591 0.030278 0.039631
1 0.251937 0.198087 0.029387 0.034883
1 0.188690 0.493301 0.033836 0.058649
1 0.318332 0.396124 0.025825 0.045973
1 0.287620 0.241565 0.024910 0.044388
1 0.293574 0.389656 0.023313 0.041326
1 0.312088 0.518964 0.027625 0.041183
1 0.514048 0.500088 0.030273 0.053901
1 0.517271 0.665331 0.028492 0.057072
1 0.760752 0.211716 0.027601 0.036468
1 0.767707 0.231485 0.024934 0.033289
1 0.708056 0.452810 0.026715 0.047567
1 0.732213 0.391598 0.024934 0.039622
1 0.728249 0.888704 0.032267 0.058431
1 0.719531 0.945755 0.033624 0.053188
1 0.773360 0.939853 0.029387 0.058649
1 0.881906 0.820961 0.032945 0.049136
2 0.312542 0.434169 0.028497 0.045973
2 0.765792 0.641833 0.032055 0.052307
3 0.279486 0.566053 0.032064 0.047592
3 0.725721 0.639455 0.030273 0.057064
4 0.723697 0.522148 0.139402 0.304362
5 0.271767 0.501539 0.150490 0.320210
1 0.450153 0.879388 0.032926 0.061812
1 0.648379 0.692429 0.032950 0.066552
1 0.449597 0.936632 0.032945 0.053935
1 0.229284 0.953318 0.032950 0.047576
1 0.125012 0.747068 0.036508 0.049136
