0 0.653117 0.703662 0.093577 0.134723
0 0.269965 0.683129 0.092568 0.114262
0 0.281595 0.887831 0.100646 0.167810
0 0.651195 0.560021 0.078402 0.144270
1 0.092705 0.820835 0.040961 0.050730
1 0.243975 0.170604 0.030278 0.039631
1 0.246350 0.201732 0.029383 0.034874
1 0.186112 0.496170 0.033836 0.058649
1 0.318332 0.396124 0.025825 0.045973
1 0.287620 0.241565 0.024910 0.044388
1 0.291774 0.389652 0.023313 0.041317
1 0.312088 0.518964 0.027625 0.041183
1 0.539762 0.735625 0.030278 0.053901
1 0.692486 0.908930 0.028497 0.057072
1 0.749661 0.199501 0.027606 0.042760
1 0.767420 0.229962 0.024623 0.033867
1 0.718598 0.412777 0.023153 0.047567
1 0.732844 0.392945 0.024934 0.039614
1 0.726477 0.895050 0.029863 0.052030
1 0.715573 0.945755 0.033624 0.053188
1 0.773360 0.939853 0.029387 0.058649
1 0.877227 0.819635 0.032945 0.049136
2 0.312542 0.434169 0.028497 0.045973
2 0.765792 0.641833 0.032055 0.052307
3 0.281381 0.564929 0.032064 0.047592
3 0.725721 0.639455 0.030273 0.057064
4 0.723904 0.522148 0.138987 0.304362
5 0.271499 0.501539 0.150490 0.320210
1 0.246034 0.690831 0.032926 0.061812
1 0.760846 0.842815 0.032041 0.058599
1 0.229607 0.736003 0.032945 0.053935
1 0.229284 0.953318 0.032950 0.047576
1 0.127670 0.744438 0.036508 0.049144
