0 0.487820 0.680747 0.079298 0.141007
0 0.553787 0.905747 0.091682 0.145940
0 0.648094 0.912395 0.087253 0.131485
0 0.704350 0.352261 0.074797 0.099874
1 0.086532 0.825357 0.040961 0.050730
1 0.243975 0.161971 0.030278 0.039631
1 0.249951 0.197127 0.029383 0.034874
1 0.189284 0.492643 0.033836 0.058658
1 0.318332 0.396124 0.025825 0.045973
1 0.287620 0.241565 0.024910 0.044388
1 0.294258 0.389656 0.023313 0.041326
1 0.312088 0.518964 0.027625 0.041183
1 0.513987 0.500432 0.030273 0.053901
1 0.523968 0.640210 0.028492 0.057064
1 0.761004 0.211057 0.027606 0.036460
1 0.766623 0.231804 0.024934 0.033289
1 0.682236 0.415659 0.028497 0.046502
1 0.731312 0.389669 0.024934 0.039622
1 0.728004 0.888402 0.032823 0.059891
1 0.720441 0.945755 0.033624 0.053188
1 0.773360 0.939853 0.029387 0.058649
1 0.877959 0.820961 0.032950 0.049136
2 0.312542 0.434169 0.028497 0.045973
2 0.765792 0.641833 0.032055 0.052307
3 0.278770 0.566481 0.032064 0.047592
3 0.725721 0.639455 0.030273 0.057064
4 0.723650 0.522148 0.139496 0.304362
5 0.271828 0.501539 0.150490 0.320210
1 0.593127 0.899463 0.032926 0.061812
1 0.627097 0.767471 0.032950 0.066552
1 0.604373 0.927093 0.032950 0.053935
1 0.229284 0.953318 0.032950 0.047576
1 0.124402 0.747672 0.036513 0.049136
