0 0.666473 0.703662 0.093577 0.134723
0 0.271673 0.684270 0.092564 0.114262
0 0.282729 0.887202 0.100650 0.167810
0 0.651508 0.558905 0.078407 0.144270
1 0.092823 0.820751 0.040961 0.050730
1 0.243975 0.170772 0.030278 0.039631
1 0.246305 0.201917 0.029387 0.034874
1 0.186051 0.496237 0.033836 0.058649
1 0.318332 0.396124 0.025825 0.045973
1 0.287620 0.241565 0.024910 0.044388
1 0.291774 0.389652 0.023313 0.041317
1 0.312088 0.518964 0.027625 0.041183
1 0.538871 0.729283 0.030278 0.053901
1 0.692314 0.909115 0.028492 0.057072
1 0.750483 0.200088 0.027601 0.042760
1 0.767165 0.229463 0.024114 0.032869
1 0.718598 0.412777 0.023153 0.047567
1 0.732844 0.392945 0.024934 0.039614
1 0.726030 0.895923 0.029807 0.051879
1 0.715478 0.945755 0.033624 0.053188
1 0.773360 0.939853 0.029387 0.058649
1 0.877024 0.819597 0.032945 0.049144
2 0.312542 0.434169 0.028497 0.045973
2 0.765792 0.641833 0.032055 0.052307
3 0.281381 0.564929 0.032064 0.047592
3 0.725721 0.639455 0.030273 0.057064
4 0.723909 0.522148 0.138977 0.304362
5 0.271494 0.501539 0.150490 0.320210
1 0.244569 0.689522 0.032926 0.061812
1 0.759423 0.844635 0.032041 0.058599
1 0.230370 0.737555 0.032945 0.053935
1 0.229284 0.953318 0.032950 0.047576
1 0.127731 0.744379 0.036508 0.049144
