0 0.597031 0.894325 0.089114 0.152156
0 0.266435 0.687060 0.091616 0.149606
0 0.332526 0.854627 0.099614 0.146770
0 0.655928 0.824673 0.098907 0.171074
1 0.096631 0.817957 0.040961 0.050730
1 0.243975 0.176091 0.030278 0.039631
1 0.244793 0.207974 0.029387 0.034874
1 0.184095 0.498414 0.033836 0.058658
1 0.318332 0.396124 0.025825 0.045973
1 0.287620 0.241565 0.024910 0.044388
1 0.291774 0.389652 0.023313 0.041317
1 0.312088 0.518964 0.027625 0.041183
1 0.538014 0.713926 0.030278 0.055520
1 0.366034 0.943918 0.033850 0.057064
1 0.756560 0.202320 0.027606 0.042760
1 0.718598 0.412777 0.023153 0.047567
1 0.732844 0.392945 0.024934 0.039614
1 0.721414 0.918859 0.029387 0.050755
1 0.710328 0.953683 0.033624 0.053188
1 0.773360 0.939853 0.029387 0.058649
1 0.878037 0.819375 0.032945 0.049136
2 0.312542 0.434169 0.028497 0.045973
2 0.765792 0.641833 0.032055 0.052307
3 0.281381 0.564929 0.032064 0.047592
3 0.725721 0.639455 0.030273 0.057064
4 0.723047 0.522148 0.138921 0.304362
5 0.271289 0.501539 0.150485 0.320210
1 0.212934 0.671447 0.029430 0.058683
1 0.501527 0.949732 0.033836 0.058591
1 0.217590 0.726732 0.024934 0.053935
1 0.229284 0.953318 0.032950 0.047576
1 0.129748 0.742387 0.036508 0.049136
