1 0.871957 0.145896 0.027602 0.058569
0 0.490699 0.332097 0.095398 0.144111
0 0.474164 0.916215 0.127359 0.167569
0 0.683141 0.155542 0.065078 0.126750
0 0.795945 0.652417 0.096891 0.185111
1 0.351832 0.431910 0.034727 0.060181
1 0.635801 0.555382 0.032070 0.066486
1 0.529312 0.291187 0.032953 0.060153
1 0.543660 0.150118 0.029383 0.050653
1 0.736445 0.127931 0.023156 0.041111
1 0.815070 0.048660 0.023156 0.045903
1 0.936355 0.799174 0.034727 0.066486
1 0.282750 0.183368 0.027609 0.047486
1 0.584621 0.596549 0.032945 0.066486
1 0.485910 0.418271 0.035617 0.066486
2 0.896730 0.622667 0.032055 0.068083
3 0.255594 0.313965 0.028500 0.049069
3 0.789883 0.313299 0.028516 0.045875
4 0.835734 0.435069 0.175422 0.351444
5 0.257375 0.449319 0.174531 0.357778
1 0.513828 0.936104 0.037406 0.064903
1 0.543668 0.979514 0.042758 0.040972
1 0.591301 0.919493 0.046305 0.071236
2 0.549461 0.917167 0.033844 0.068056
