0 0.621517 0.865046 0.096239 0.175327
0 0.253697 0.679232 0.092135 0.130294
0 0.257375 0.816447 0.084647 0.165394
0 0.610283 0.698805 0.090320 0.144186
1 0.095151 0.819044 0.040961 0.050721
1 0.243975 0.174027 0.030278 0.039631
1 0.245379 0.205617 0.029383 0.034874
1 0.184856 0.497567 0.033841 0.058658
1 0.318332 0.396124 0.025825 0.045973
1 0.287620 0.241565 0.024910 0.044388
1 0.291774 0.389652 0.023313 0.041317
1 0.312088 0.518964 0.027625 0.041183
1 0.541986 0.705789 0.030278 0.055520
1 0.537538 0.948574 0.030278 0.057064
1 0.754680 0.201841 0.027606 0.042760
1 0.718598 0.412777 0.023153 0.047567
1 0.732844 0.392945 0.024934 0.039614
1 0.719974 0.922131 0.029383 0.050755
1 0.710328 0.953683 0.033624 0.053188
1 0.773360 0.939853 0.029387 0.058649
1 0.876951 0.819375 0.032950 0.049136
2 0.312542 0.434169 0.028497 0.045973
2 0.765792 0.641833 0.032055 0.052307
3 0.281381 0.564929 0.032064 0.047592
3 0.725721 0.639455 0.030273 0.057064
4 0.723047 0.522148 0.138921 0.304362
5 0.271367 0.501539 0.150490 0.320210
1 0.224244 0.665864 0.031202 0.060268
1 0.548812 0.836846 0.033836 0.058591
1 0.205928 0.702429 0.024929 0.053935
1 0.229284 0.953318 0.032950 0.047576
1 0.128966 0.743163 0.036508 0.049144
