0 0.381155 0.697592 0.094420 0.156896
0 0.247300 0.835436 0.099604 0.163977
0 0.530478 0.892999 0.090844 0.141435
0 0.704350 0.348914 0.074797 0.099874
1 0.084166 0.827093 0.040961 0.050730
1 0.243975 0.158666 0.030278 0.039631
1 0.245881 0.195147 0.029387 0.034874
1 0.190500 0.491292 0.033836 0.058658
1 0.318332 0.396124 0.025825 0.045973
1 0.287620 0.241565 0.024910 0.044388
1 0.290978 0.387269 0.023134 0.042794
1 0.297618 0.479333 0.027620 0.041183
1 0.513862 0.501133 0.030278 0.053893
1 0.518358 0.638859 0.028497 0.057064
1 0.760370 0.207785 0.027601 0.036460
1 0.764404 0.232466 0.024934 0.033289
1 0.682707 0.399753 0.028497 0.043146
1 0.729460 0.385717 0.024934 0.039622
1 0.727408 0.897932 0.032950 0.060243
1 0.716925 0.948704 0.032059 0.057072
1 0.773360 0.939853 0.029387 0.058649
1 0.872156 0.822836 0.032945 0.049144
2 0.312542 0.434169 0.028497 0.045973
2 0.765792 0.641833 0.032055 0.052307
3 0.279767 0.569685 0.032069 0.047592
3 0.725721 0.639455 0.030273 0.057064
4 0.723551 0.522148 0.139694 0.304362
5 0.271951 0.501539 0.150490 0.320210
1 0.266694 0.878565 0.032926 0.061812
1 0.315832 0.896514 0.030278 0.066552
1 0.297234 0.942039 0.032950 0.055503
1 0.229284 0.953318 0.032950 0.047576
1 0.123150 0.748909 0.036508 0.049144
