0 0.274894 0.708658 0.086668 0.136426
0 0.257785 0.864346 0.096136 0.155369
0 0.384503 0.913217 0.089920 0.108750
0 0.704350 0.347714 0.074797 0.099874
1 0.083320 0.827714 0.040966 0.050730
1 0.243975 0.157483 0.030278 0.039631
1 0.244425 0.194442 0.029387 0.034874
1 0.187389 0.478121 0.033836 0.058658
1 0.318332 0.396124 0.025825 0.045973
1 0.287620 0.241565 0.024910 0.044388
1 0.279764 0.392227 0.023139 0.042794
1 0.260035 0.504190 0.027620 0.041183
1 0.513817 0.501384 0.030273 0.053893
1 0.516079 0.639228 0.028492 0.057064
1 0.760144 0.206611 0.027601 0.036460
1 0.763607 0.232701 0.024934 0.033289
1 0.682875 0.394065 0.028492 0.041955
1 0.728801 0.384299 0.024934 0.039622
1 0.727191 0.901808 0.032950 0.060243
1 0.714651 0.949606 0.032055 0.057064
1 0.773360 0.939853 0.029387 0.058649
1 0.873841 0.826586 0.032950 0.049144
2 0.312825 0.431141 0.028497 0.045973
2 0.765792 0.641833 0.032055 0.052307
3 0.280931 0.562500 0.034727 0.055487
3 0.725721 0.639455 0.030273 0.057064
4 0.723518 0.522148 0.139760 0.304362
5 0.271998 0.501539 0.150490 0.320210
1 0.281327 0.904539 0.034632 0.061829
1 0.312187 0.907357 0.030273 0.052315
1 0.291706 0.949937 0.032950 0.041569
1 0.227502 0.952924 0.031612 0.049153
1 0.122703 0.749354 0.036508 0.049144
