0 0.483287 0.679732 0.079298 0.141007
0 0.544295 0.905747 0.091682 0.145940
0 0.637896 0.911640 0.087253 0.131485
0 0.704350 0.352450 0.074797 0.099866
1 0.086668 0.825260 0.040961 0.050721
1 0.243975 0.162164 0.030278 0.039631
1 0.250181 0.197236 0.029383 0.034874
1 0.189213 0.492718 0.033836 0.058658
1 0.318332 0.396124 0.025825 0.045973
1 0.287620 0.241565 0.024910 0.044388
1 0.294178 0.389656 0.023313 0.041326
1 0.312088 0.518964 0.027625 0.041183
1 0.513994 0.500390 0.030278 0.053901
1 0.523259 0.643490 0.028497 0.057064
1 0.761039 0.211242 0.027601 0.036460
1 0.766751 0.231770 0.024934 0.033289
1 0.682210 0.416560 0.028492 0.046695
1 0.731416 0.389895 0.024934 0.039622
1 0.728033 0.888435 0.032757 0.059723
1 0.720332 0.945755 0.033624 0.053188
1 0.773360 0.939853 0.029387 0.058649
1 0.878419 0.820961 0.032945 0.049136
2 0.312542 0.434169 0.028497 0.045973
2 0.765792 0.641833 0.032055 0.052307
3 0.278852 0.566430 0.032069 0.047592
3 0.725721 0.639455 0.030273 0.057064
4 0.723655 0.522148 0.139486 0.304362
5 0.271819 0.501539 0.150490 0.320210
1 0.585818 0.899081 0.032926 0.061820
1 0.628035 0.758041 0.032950 0.066552
1 0.592191 0.928104 0.032950 0.053926
1 0.229284 0.953318 0.032950 0.047576
1 0.124475 0.747601 0.036508 0.049144
