0 0.698523 0.807487 0.086442 0.148951
0 0.247410 0.675369 0.092389 0.120772
0 0.276060 0.790495 0.095024 0.153054
0 0.613096 0.604513 0.072205 0.136292
1 0.094418 0.819576 0.040966 0.050730
1 0.243975 0.173003 0.030278 0.039631
1 0.245669 0.204459 0.029387 0.034874
1 0.185231 0.497152 0.033836 0.058649
1 0.318332 0.396124 0.025825 0.045973
1 0.287620 0.241565 0.024910 0.044388
1 0.291774 0.389652 0.023313 0.041317
1 0.312088 0.518964 0.027625 0.041183
1 0.539677 0.704354 0.030278 0.055520
1 0.682978 0.934304 0.028492 0.057064
1 0.753751 0.201607 0.027606 0.042760
1 0.718598 0.412777 0.023153 0.047567
1 0.732844 0.392945 0.024934 0.039614
1 0.724385 0.912097 0.029383 0.050755
1 0.710328 0.953683 0.033624 0.053188
1 0.773360 0.939853 0.029387 0.058649
1 0.876414 0.819375 0.032950 0.049136
2 0.312542 0.434169 0.028497 0.045973
2 0.765792 0.641833 0.032055 0.052307
3 0.281381 0.564929 0.032064 0.047592
3 0.725721 0.639455 0.030273 0.057064
4 0.722646 0.522148 0.138921 0.304362
5 0.271407 0.501539 0.150485 0.320210
1 0.225448 0.668956 0.032074 0.061049
1 0.609079 0.827332 0.032041 0.058591
1 0.204293 0.704056 0.024929 0.053935
1 0.229284 0.953318 0.032950 0.047576
1 0.128577 0.743544 0.036513 0.049136
