0 0.471628 0.677139 0.079298 0.141007
0 0.519889 0.905747 0.091682 0.145940
0 0.611666 0.909694 0.087253 0.131485
0 0.704350 0.352940 0.074797 0.099874
1 0.087012 0.825004 0.040961 0.050730
1 0.243975 0.162643 0.030278 0.039631
1 0.250778 0.197525 0.029387 0.034883
1 0.189036 0.492919 0.033841 0.058658
1 0.318332 0.396124 0.025825 0.045973
1 0.287620 0.241565 0.024910 0.044388
1 0.293970 0.389656 0.023313 0.041326
1 0.312088 0.518964 0.027625 0.041183
1 0.514013 0.500289 0.030278 0.053901
1 0.521440 0.651921 0.028497 0.057064
1 0.761131 0.211720 0.027606 0.036460
1 0.767076 0.231669 0.024934 0.033289
1 0.682142 0.418888 0.028497 0.047190
1 0.731687 0.390474 0.024929 0.039622
1 0.728106 0.888528 0.032592 0.059287
1 0.720059 0.945755 0.033624 0.053188
1 0.773360 0.939853 0.029387 0.058649
1 0.879604 0.820961 0.032950 0.049136
2 0.312542 0.434169 0.028497 0.045973
2 0.765792 0.641833 0.032055 0.052307
3 0.279067 0.566305 0.032064 0.047592
3 0.725721 0.639455 0.030273 0.057064
4 0.723669 0.522148 0.139458 0.304362
5 0.271800 0.501539 0.150490 0.320210
1 0.560398 0.889396 0.032926 0.061812
1 0.633926 0.733393 0.032950 0.066552
1 0.560862 0.930696 0.032950 0.053926
1 0.229284 0.953318 0.032950 0.047576
1 0.124658 0.747420 0.036508 0.049136
