0 0.613131 0.675990 0.079298 0.141007
0 0.270269 0.851049 0.079218 0.176040
0 0.336590 0.909769 0.087253 0.131485
0 0.688626 0.312022 0.075707 0.096728
1 0.089204 0.823402 0.040961 0.050730
1 0.243975 0.165713 0.030278 0.039631
1 0.263016 0.197613 0.029387 0.034874
1 0.187910 0.494169 0.033841 0.058658
1 0.318332 0.396124 0.025825 0.045973
1 0.287620 0.241565 0.024910 0.044388
1 0.292674 0.389652 0.023313 0.041317
1 0.312088 0.518964 0.027625 0.041183
1 0.514802 0.498695 0.030273 0.053901
1 0.641369 0.675050 0.028497 0.057064
1 0.759149 0.210445 0.027601 0.036460
1 0.769201 0.234425 0.024934 0.038935
1 0.722625 0.408331 0.023148 0.047567
1 0.732844 0.392945 0.024934 0.039614
1 0.728570 0.889102 0.031541 0.056493
1 0.718329 0.945755 0.033624 0.053188
1 0.773360 0.939853 0.029387 0.058649
1 0.883414 0.820738 0.032945 0.049144
2 0.312542 0.434169 0.028497 0.045973
2 0.765792 0.641833 0.032055 0.052307
3 0.280434 0.565491 0.032064 0.047592
3 0.725721 0.639455 0.030273 0.057064
4 0.723758 0.522148 0.139279 0.304362
5 0.271685 0.501539 0.150485 0.320210
1 0.281831 0.895478 0.032926 0.061812
1 0.660068 0.648624 0.028497 0.064950
1 0.286272 0.953322 0.032950 0.053926
1 0.229284 0.953318 0.032950 0.047576
1 0.125818 0.746275 0.036508 0.049144
