0 0.639390 0.895369 0.089119 0.145235
0 0.260643 0.683503 0.091852 0.140831
0 0.312592 0.865503 0.098332 0.180990
0 0.671480 0.785348 0.098907 0.171065
1 0.095957 0.818452 0.040961 0.050730
1 0.243975 0.175151 0.030278 0.039631
1 0.245059 0.206909 0.029383 0.034874
1 0.184442 0.498029 0.033841 0.058658
1 0.318332 0.396124 0.025825 0.045973
1 0.287620 0.241565 0.024910 0.044388
1 0.291774 0.389652 0.023313 0.041317
1 0.312088 0.518964 0.027625 0.041183
1 0.537347 0.719094 0.030273 0.055520
1 0.435028 0.941078 0.033845 0.057072
1 0.755707 0.202102 0.027606 0.042760
1 0.718598 0.412777 0.023153 0.047567
1 0.732844 0.392945 0.024934 0.039614
1 0.720759 0.920344 0.029387 0.050755
1 0.710328 0.953683 0.033624 0.053188
1 0.773360 0.939853 0.029387 0.058649
1 0.877542 0.819375 0.032945 0.049136
2 0.312542 0.434169 0.028497 0.045973
2 0.765792 0.641833 0.032055 0.052307
3 0.281381 0.564929 0.032064 0.047592
3 0.725721 0.639455 0.030273 0.057064
4 0.723047 0.522148 0.138921 0.304362
5 0.271324 0.501539 0.150490 0.320210
1 0.222912 0.662450 0.030236 0.059396
1 0.500759 0.941468 0.033836 0.058591
1 0.207736 0.700633 0.024934 0.053935
1 0.229284 0.953318 0.032950 0.047576
1 0.129392 0.742739 0.036513 0.049136
