1 0.872852 0.145493 0.027609 0.058569
0 0.382961 0.434222 0.092625 0.121944
0 0.298813 0.846764 0.144297 0.223111
0 0.715402 0.344382 0.090305 0.160347
0 0.616844 0.663778 0.119375 0.178833
1 0.355766 0.425313 0.034719 0.060181
1 0.676074 0.533542 0.033836 0.066500
1 0.528652 0.292354 0.032945 0.060153
1 0.543660 0.150118 0.029383 0.050653
1 0.736445 0.127938 0.023156 0.041125
1 0.815457 0.047285 0.023148 0.045903
1 0.936355 0.799174 0.034727 0.066486
1 0.282750 0.183368 0.027609 0.047486
1 0.584621 0.596549 0.032945 0.066486
1 0.477934 0.380757 0.035617 0.066486
2 0.896730 0.622667 0.032055 0.068083
3 0.255594 0.313965 0.028500 0.049069
3 0.788355 0.311368 0.028508 0.045875
4 0.835734 0.435069 0.175422 0.351444
5 0.257375 0.449319 0.174531 0.357778
1 0.338246 0.857674 0.037398 0.064903
1 0.471527 0.937681 0.040070 0.066500
1 0.571629 0.931271 0.046305 0.071236
2 0.418109 0.901306 0.040953 0.079194
