0 0.434847 0.646279 0.092644 0.152106
0 0.394050 0.902257 0.091682 0.145940
0 0.611953 0.886372 0.090844 0.163213
0 0.704350 0.349975 0.074797 0.099866
1 0.084915 0.826544 0.040961 0.050721
1 0.243975 0.159715 0.030278 0.039631
1 0.247170 0.195776 0.029383 0.034874
1 0.190113 0.491720 0.033836 0.058658
1 0.318332 0.396124 0.025825 0.045973
1 0.287620 0.241565 0.024910 0.044388
1 0.295210 0.389656 0.023313 0.041326
1 0.310525 0.503184 0.027620 0.041183
1 0.513902 0.500910 0.030273 0.053901
1 0.520379 0.638532 0.028497 0.057064
1 0.760570 0.208826 0.027606 0.036460
1 0.765106 0.232257 0.024934 0.033289
1 0.682559 0.404799 0.028492 0.044211
1 0.730047 0.386967 0.024929 0.039622
1 0.727601 0.894497 0.032950 0.060235
1 0.718942 0.947907 0.032059 0.057072
1 0.773360 0.939853 0.029387 0.058649
1 0.872432 0.820961 0.032950 0.049136
2 0.312542 0.434169 0.028497 0.045973
2 0.765792 0.641833 0.032055 0.052307
3 0.281678 0.563343 0.032064 0.047592
3 0.725721 0.639455 0.030273 0.057064
4 0.723582 0.522148 0.139632 0.304362
5 0.271913 0.501539 0.150490 0.320210
1 0.414689 0.910378 0.032931 0.061812
1 0.442818 0.883905 0.032950 0.066552
1 0.441216 0.936988 0.032950 0.055503
1 0.229284 0.953318 0.032950 0.047576
1 0.123546 0.748519 0.036508 0.049136
