0 0.617066 0.858012 0.087337 0.161258
0 0.254524 0.679744 0.092102 0.131552
0 0.261826 0.827655 0.087903 0.166166
0 0.615978 0.697471 0.084868 0.141518
1 0.095245 0.818972 0.040961 0.050730
1 0.243975 0.174161 0.030278 0.039631
1 0.245342 0.205776 0.029383 0.034874
1 0.184807 0.497622 0.033836 0.058649
1 0.318332 0.396124 0.025825 0.045973
1 0.287620 0.241565 0.024910 0.044388
1 0.291774 0.389652 0.023313 0.041317
1 0.312088 0.518964 0.027625 0.041183
1 0.542976 0.696099 0.030278 0.055520
1 0.523688 0.948574 0.033256 0.057064
1 0.754802 0.201875 0.027606 0.042760
1 0.718598 0.412777 0.023153 0.047567
1 0.732844 0.392945 0.024934 0.039614
1 0.720068 0.921917 0.029383 0.050747
1 0.710328 0.953683 0.033624 0.053188
1 0.773360 0.939853 0.029387 0.058649
1 0.877022 0.819375 0.032950 0.049136
2 0.312542 0.434169 0.028497 0.045973
2 0.765792 0.641833 0.032055 0.052307
3 0.281381 0.564929 0.032064 0.047592
3 0.725721 0.639455 0.030273 0.057064
4 0.723047 0.522148 0.138921 0.304362
5 0.271362 0.501539 0.150490 0.320210
1 0.224086 0.665457 0.031084 0.060159
1 0.532983 0.850050 0.033836 0.058591
1 0.206145 0.702215 0.024929 0.053926
1 0.229284 0.953318 0.032950 0.047576
1 0.129015 0.743112 0.036513 0.049144
