0 0.469371 0.673305 0.079298 0.141007
0 0.445747 0.905143 0.091682 0.145940
0 0.537811 0.907576 0.087253 0.131477
0 0.698393 0.332714 0.075146 0.104723
1 0.087531 0.824627 0.040961 0.050730
1 0.243975 0.163372 0.030278 0.039631
1 0.251671 0.197957 0.029383 0.034874
1 0.188770 0.493213 0.033836 0.058658
1 0.318332 0.396124 0.025825 0.045973
1 0.287620 0.241565 0.024910 0.044388
1 0.293664 0.389656 0.023313 0.041326
1 0.312088 0.518964 0.027625 0.041183
1 0.514041 0.500134 0.030278 0.053893
1 0.518320 0.662718 0.028497 0.057064
1 0.760914 0.211846 0.027606 0.036460
1 0.767561 0.231527 0.024934 0.033289
1 0.696298 0.447190 0.027394 0.047567
1 0.732095 0.391338 0.024934 0.039622
1 0.728216 0.888666 0.032342 0.058624
1 0.719649 0.945755 0.033624 0.053188
1 0.773360 0.939853 0.029387 0.058649
1 0.881381 0.820961 0.032950 0.049136
2 0.312542 0.434169 0.028497 0.045973
2 0.765792 0.641833 0.032055 0.052307
3 0.279392 0.566112 0.032064 0.047592
3 0.725721 0.639455 0.030273 0.057064
4 0.723690 0.522148 0.139416 0.304362
5 0.271772 0.501539 0.150490 0.320210
1 0.483051 0.878272 0.032926 0.061812
1 0.645448 0.700638 0.032950 0.066560
1 0.482700 0.935138 0.032950 0.053935
1 0.229284 0.953318 0.032950 0.047576
1 0.124932 0.747148 0.036508 0.049144
