1 0.872598 0.145611 0.027602 0.058583
0 0.426797 0.427271 0.092625 0.132681
0 0.308559 0.858667 0.139805 0.200722
0 0.715500 0.335750 0.088219 0.153611
0 0.756898 0.636069 0.119375 0.178833
1 0.352145 0.431910 0.034727 0.060181
1 0.698488 0.528792 0.032070 0.066500
1 0.528844 0.292021 0.032953 0.060153
1 0.543660 0.150118 0.029383 0.050653
1 0.736445 0.127931 0.023156 0.041111
1 0.815348 0.047681 0.023148 0.045917
1 0.936355 0.799174 0.034727 0.066486
1 0.282750 0.183368 0.027609 0.047486
1 0.584621 0.596549 0.032945 0.066486
1 0.487824 0.378396 0.035617 0.066486
2 0.896730 0.622667 0.032055 0.068083
3 0.255594 0.313965 0.028500 0.049069
3 0.788797 0.311924 0.028516 0.045875
4 0.835734 0.435069 0.175422 0.351444
5 0.257375 0.449319 0.174531 0.357778
1 0.342637 0.877924 0.037398 0.064903
1 0.541879 0.959028 0.040070 0.064556
1 0.571977 0.930951 0.046297 0.071236
2 0.441348 0.913736 0.040242 0.078083
