0 0.354434 0.179271 0.072133 0.099736
0 0.329547 0.862771 0.113984 0.215292
0 0.679680 0.154208 0.064109 0.123472
0 0.790945 0.814847 0.087266 0.193139
1 0.530871 0.427160 0.034727 0.071236
1 0.576676 0.425924 0.033836 0.066486
1 0.526840 0.295583 0.032945 0.060167
1 0.543660 0.150118 0.029383 0.050653
1 0.736445 0.127958 0.023156 0.041167
1 0.816531 0.043472 0.023156 0.045917
1 0.936355 0.799174 0.034727 0.066486
1 0.282750 0.183368 0.027609 0.047486
1 0.584621 0.596549 0.032945 0.066486
1 0.674895 0.429063 0.035617 0.066486
2 0.838590 0.796854 0.032055 0.068069
3 0.318844 0.205319 0.028500 0.049083
3 0.701437 0.123854 0.027609 0.045903
4 0.835734 0.435069 0.175422 0.351444
5 0.255172 0.450625 0.174531 0.357778
1 0.428340 0.439146 0.037398 0.064903
1 0.214863 0.953521 0.040070 0.052236
1 0.568309 0.934375 0.046305 0.071250
2 0.399301 0.895715 0.048977 0.088653
