1 0.872262 0.145757 0.027602 0.058569
0 0.451945 0.412042 0.100703 0.166250
0 0.418957 0.914861 0.127367 0.170278
0 0.690766 0.218493 0.073063 0.134625
0 0.809020 0.638417 0.111320 0.185111
1 0.351980 0.431910 0.034727 0.060181
1 0.663109 0.532167 0.032078 0.066500
1 0.529090 0.291590 0.032945 0.060153
1 0.543660 0.150118 0.029383 0.050653
1 0.736445 0.127931 0.023156 0.041111
1 0.815203 0.048194 0.023156 0.045917
1 0.936355 0.799174 0.034727 0.066486
1 0.282750 0.183368 0.027609 0.047486
1 0.584621 0.596549 0.032945 0.066486
1 0.524926 0.429090 0.035617 0.066486
2 0.896730 0.622667 0.032055 0.068083
3 0.255594 0.313965 0.028500 0.049069
3 0.789367 0.312646 0.028516 0.045875
4 0.835734 0.435069 0.175422 0.351444
5 0.257375 0.449319 0.174531 0.357778
1 0.459512 0.948319 0.037398 0.064917
1 0.518980 0.988000 0.040070 0.024000
1 0.572426 0.930535 0.046305 0.071236
2 0.507480 0.941361 0.033852 0.068056
