0 0.625893 0.870990 0.100240 0.179815
0 0.253035 0.678826 0.092158 0.129295
0 0.253812 0.807479 0.082036 0.164773
0 0.606569 0.698544 0.093591 0.145780
1 0.095071 0.819098 0.040961 0.050730
1 0.243975 0.173918 0.030278 0.039631
1 0.245410 0.205499 0.029387 0.034874
1 0.184896 0.497525 0.033836 0.058658
1 0.318332 0.396124 0.025825 0.045973
1 0.287620 0.241565 0.024910 0.044388
1 0.291774 0.389652 0.023313 0.041317
1 0.312088 0.518964 0.027625 0.041183
1 0.541098 0.712261 0.030273 0.055512
1 0.548815 0.948574 0.028497 0.057064
1 0.754581 0.201816 0.027606 0.042760
1 0.718598 0.412777 0.023153 0.047567
1 0.732844 0.392945 0.024934 0.039614
1 0.719899 0.922303 0.029383 0.050747
1 0.710328 0.953683 0.033624 0.053188
1 0.773360 0.939853 0.029387 0.058649
1 0.876894 0.819375 0.032950 0.049136
2 0.312542 0.434169 0.028497 0.045973
2 0.765792 0.641833 0.032055 0.052307
3 0.281381 0.564929 0.032064 0.047592
3 0.725721 0.639455 0.030273 0.057064
4 0.723047 0.522148 0.138921 0.304362
5 0.271371 0.501539 0.150490 0.320210
1 0.224371 0.666191 0.031296 0.060352
1 0.561876 0.836577 0.033534 0.058591
1 0.205756 0.702601 0.024934 0.053926
1 0.229284 0.953318 0.032950 0.047576
1 0.128923 0.743201 0.036508 0.049136
