0 0.613937 0.713968 0.081993 0.134715
0 0.254828 0.675197 0.092568 0.114253
0 0.250219 0.790491 0.077507 0.166183
0 0.633433 0.604039 0.086404 0.130025
1 0.091956 0.821384 0.040961 0.050721
1 0.243975 0.169555 0.030278 0.039631
1 0.246649 0.200541 0.029387 0.034874
1 0.186496 0.495742 0.033841 0.058649
1 0.318332 0.396124 0.025825 0.045973
1 0.287620 0.241565 0.024910 0.044388
1 0.291774 0.389652 0.023313 0.041317
1 0.312088 0.518964 0.027625 0.041183
1 0.547849 0.764618 0.030278 0.053901
1 0.693607 0.907735 0.028497 0.057064
1 0.744319 0.195696 0.027601 0.042768
1 0.771107 0.232374 0.027615 0.039664
1 0.718598 0.412777 0.023153 0.047567
1 0.732844 0.392945 0.024934 0.039614
1 0.729149 0.889820 0.030221 0.052978
1 0.716162 0.945755 0.033624 0.053188
1 0.773360 0.939853 0.029387 0.058649
1 0.878553 0.819874 0.032950 0.049144
2 0.312542 0.434169 0.028497 0.045973
2 0.765792 0.641833 0.032055 0.052307
3 0.281381 0.564929 0.032064 0.047592
3 0.725721 0.639455 0.030273 0.057064
4 0.723871 0.522148 0.139053 0.304362
5 0.271536 0.501539 0.150490 0.320210
1 0.232608 0.675134 0.032926 0.061812
1 0.770082 0.830973 0.032041 0.058591
1 0.212948 0.699685 0.032945 0.053935
1 0.229284 0.953318 0.032950 0.047576
1 0.127274 0.744832 0.036508 0.049144
