1 0.873004 0.145431 0.027602 0.058583
0 0.395266 0.433347 0.098047 0.121944
0 0.302320 0.844306 0.144297 0.223111
0 0.714242 0.346472 0.092625 0.167833
0 0.614426 0.673278 0.119383 0.178833
1 0.368629 0.422236 0.034727 0.060167
1 0.665207 0.561715 0.033836 0.066486
1 0.528543 0.292556 0.032945 0.060167
1 0.543660 0.150118 0.029383 0.050653
1 0.736445 0.127938 0.023156 0.041125
1 0.815523 0.047049 0.023156 0.045903
1 0.936355 0.799174 0.034727 0.066486
1 0.282750 0.183368 0.027609 0.047486
1 0.584621 0.596549 0.032945 0.066486
1 0.477734 0.380410 0.035625 0.066486
2 0.896730 0.622667 0.032055 0.068083
3 0.255594 0.313965 0.028500 0.049069
3 0.788094 0.311035 0.028516 0.045875
4 0.835734 0.435069 0.175422 0.351444
5 0.257375 0.449319 0.174531 0.357778
1 0.341074 0.849035 0.037398 0.064903
1 0.409199 0.943222 0.040070 0.066500
1 0.571426 0.931465 0.046305 0.071236
2 0.404473 0.878979 0.048977 0.088653
