0 0.432769 0.671091 0.079298 0.141007
0 0.585610 0.901980 0.091682 0.145940
0 0.677924 0.906598 0.087253 0.131485
0 0.704350 0.350982 0.074797 0.099866
1 0.085627 0.826019 0.040961 0.050730
1 0.243975 0.160705 0.030278 0.039631
1 0.248395 0.196372 0.029383 0.034874
1 0.189748 0.492127 0.033841 0.058649
1 0.318332 0.396124 0.025825 0.045973
1 0.287620 0.241565 0.024910 0.044388
1 0.294790 0.389656 0.023313 0.041326
1 0.312088 0.518964 0.027625 0.041183
1 0.513940 0.500701 0.030273 0.053901
1 0.522297 0.638221 0.028497 0.057064
1 0.760761 0.209807 0.027601 0.036460
1 0.765775 0.232055 0.024934 0.033289
1 0.682415 0.409581 0.028497 0.045218
1 0.730606 0.388159 0.024934 0.039622
1 0.727785 0.891237 0.032950 0.060243
1 0.720855 0.947148 0.032059 0.057064
1 0.773360 0.939853 0.029387 0.058649
1 0.874866 0.820961 0.032945 0.049136
2 0.312542 0.434169 0.028497 0.045973
2 0.765792 0.641833 0.032055 0.052307
3 0.282790 0.566514 0.032064 0.047592
3 0.725721 0.639455 0.030273 0.057064
4 0.723612 0.522148 0.139571 0.304362
5 0.271876 0.501539 0.150490 0.320210
1 0.608410 0.907362 0.032926 0.061820
1 0.626513 0.870910 0.032950 0.066552
1 0.631697 0.941284 0.032950 0.055503
1 0.229284 0.953318 0.032950 0.047576
1 0.123923 0.748146 0.036508 0.049144
