0 0.688351 0.824018 0.091018 0.159362
0 0.248070 0.675780 0.092361 0.121779
0 0.274279 0.790076 0.098115 0.162366
0 0.607399 0.610856 0.072205 0.136292
1 0.094496 0.819522 0.040961 0.050721
1 0.243975 0.173112 0.030278 0.039631
1 0.245641 0.204576 0.029387 0.034874
1 0.185193 0.497194 0.033836 0.058649
1 0.318332 0.396124 0.025825 0.045973
1 0.287620 0.241565 0.024910 0.044388
1 0.291774 0.389652 0.023313 0.041317
1 0.312088 0.518964 0.027625 0.041183
1 0.538914 0.708884 0.030278 0.055520
1 0.676567 0.935575 0.028497 0.057072
1 0.753848 0.201632 0.027601 0.042760
1 0.718598 0.412777 0.023153 0.047567
1 0.732844 0.392945 0.024934 0.039614
1 0.727234 0.917169 0.029387 0.050747
1 0.710328 0.953683 0.033624 0.053188
1 0.773360 0.939853 0.029387 0.058649
1 0.876470 0.819375 0.032950 0.049136
2 0.312542 0.434169 0.028497 0.045973
2 0.765792 0.641833 0.032055 0.052307
3 0.281381 0.564929 0.032064 0.047592
3 0.725721 0.639455 0.030273 0.057064
4 0.722707 0.522148 0.138921 0.304362
5 0.271404 0.501539 0.150490 0.320210
1 0.225323 0.668628 0.031984 0.060965
1 0.605516 0.832404 0.032041 0.058599
1 0.204465 0.703888 0.024934 0.053935
1 0.229284 0.953318 0.032950 0.047576
1 0.128617 0.743507 0.036508 0.049144
