0 0.598275 0.894392 0.089114 0.152156
0 0.266270 0.686959 0.091626 0.149354
0 0.332253 0.854883 0.099529 0.148104
0 0.656449 0.823909 0.098902 0.171074
1 0.096612 0.817970 0.040961 0.050721
1 0.243975 0.176065 0.030278 0.039631
1 0.244800 0.207949 0.029383 0.034874
1 0.184105 0.498402 0.033836 0.058649
1 0.318332 0.396124 0.025825 0.045973
1 0.287620 0.241565 0.024910 0.044388
1 0.291774 0.389652 0.023313 0.041317
1 0.312088 0.518964 0.027625 0.041183
1 0.538009 0.713951 0.030278 0.055520
1 0.367844 0.943972 0.033850 0.057072
1 0.756536 0.202315 0.027606 0.042768
1 0.718598 0.412777 0.023153 0.047567
1 0.732844 0.392945 0.024934 0.039614
1 0.721395 0.918901 0.029387 0.050755
1 0.710328 0.953683 0.033624 0.053188
1 0.773360 0.939853 0.029387 0.058649
1 0.878023 0.819375 0.032945 0.049136
2 0.312542 0.434169 0.028497 0.045973
2 0.765792 0.641833 0.032055 0.052307
3 0.281381 0.564929 0.032064 0.047592
3 0.725721 0.639455 0.030273 0.057064
4 0.723047 0.522148 0.138921 0.304362
5 0.271291 0.501539 0.150490 0.320210
1 0.213219 0.671195 0.029453 0.058700
1 0.501550 0.949778 0.033836 0.058599
1 0.217309 0.725986 0.024929 0.053935
1 0.229284 0.953318 0.032950 0.047576
1 0.129738 0.742395 0.036508 0.049136
