0 0.629305 0.874430 0.097564 0.171896
0 0.252703 0.678624 0.092172 0.128792
0 0.252031 0.802995 0.080735 0.164463
0 0.605975 0.696430 0.093591 0.145780
1 0.095033 0.819128 0.040961 0.050721
1 0.243975 0.173859 0.030278 0.039631
1 0.245426 0.205432 0.029383 0.034874
1 0.184915 0.497504 0.033836 0.058649
1 0.318332 0.396124 0.025825 0.045973
1 0.287620 0.241565 0.024910 0.044388
1 0.291774 0.389652 0.023313 0.041317
1 0.312088 0.518964 0.027625 0.041183
1 0.540504 0.713582 0.030273 0.055520
1 0.554750 0.948574 0.028492 0.057064
1 0.754533 0.201808 0.027606 0.042760
1 0.718598 0.412777 0.023153 0.047567
1 0.732844 0.392945 0.024934 0.039614
1 0.719861 0.922387 0.029383 0.050747
1 0.710328 0.953683 0.033624 0.053188
1 0.773360 0.939853 0.029387 0.058649
1 0.876866 0.819375 0.032950 0.049136
2 0.312542 0.434169 0.028497 0.045973
2 0.765792 0.641833 0.032055 0.052307
3 0.281381 0.564929 0.032064 0.047592
3 0.725721 0.639455 0.030273 0.057064
4 0.723047 0.522148 0.138921 0.304362
5 0.271376 0.501539 0.150490 0.320210
1 0.224434 0.666355 0.031338 0.060394
1 0.569001 0.851904 0.032941 0.058591
1 0.205669 0.702689 0.024929 0.053935
1 0.229284 0.953318 0.032950 0.047576
1 0.128904 0.743221 0.036508 0.049144
