0 0.355273 0.179021 0.072125 0.099736
0 0.334328 0.840257 0.113984 0.215292
0 0.680098 0.158944 0.064117 0.123472
0 0.792961 0.808569 0.087266 0.193139
1 0.530258 0.428653 0.034734 0.071250
1 0.575973 0.426597 0.033836 0.066500
1 0.527027 0.295243 0.032945 0.060153
1 0.543660 0.150118 0.029383 0.050653
1 0.736445 0.127951 0.023156 0.041153
1 0.816418 0.043868 0.023148 0.045903
1 0.936355 0.799174 0.034727 0.066486
1 0.282750 0.183368 0.027609 0.047486
1 0.584621 0.596549 0.032945 0.066486
1 0.674691 0.429674 0.035617 0.066486
2 0.841461 0.793951 0.032062 0.068069
3 0.317219 0.206417 0.028500 0.049083
3 0.705109 0.129562 0.027609 0.045903
4 0.835734 0.435069 0.175422 0.351444
5 0.256062 0.450097 0.174531 0.357778
1 0.428336 0.439368 0.037406 0.064903
1 0.216305 0.953521 0.040078 0.052236
1 0.568660 0.934049 0.046305 0.071236
2 0.399082 0.895674 0.048977 0.088653
