0 0.643633 0.685898 0.079623 0.142987
0 0.263023 0.694945 0.099043 0.149169
0 0.300657 0.895872 0.087253 0.131477
0 0.624786 0.340180 0.071654 0.106233
1 0.089802 0.822961 0.040961 0.050721
1 0.243975 0.166544 0.030278 0.039631
1 0.261993 0.197555 0.029387 0.034874
1 0.187604 0.494513 0.033841 0.058658
1 0.318332 0.396124 0.025825 0.045973
1 0.287620 0.241565 0.024910 0.044388
1 0.292321 0.389652 0.023313 0.041317
1 0.312088 0.518964 0.027625 0.041183
1 0.515229 0.497966 0.030278 0.053901
1 0.698325 0.828003 0.028497 0.057064
1 0.758520 0.209950 0.027606 0.036460
1 0.769821 0.237085 0.024929 0.043666
1 0.722017 0.409530 0.023148 0.047567
1 0.732844 0.392945 0.024934 0.039614
1 0.728695 0.889258 0.031254 0.055730
1 0.717861 0.945755 0.033629 0.053188
1 0.773360 0.939853 0.029387 0.058649
1 0.882359 0.820549 0.032945 0.049136
2 0.312542 0.434169 0.028497 0.045973
2 0.765792 0.641833 0.032055 0.052307
3 0.280806 0.565273 0.032064 0.047592
3 0.725721 0.639455 0.030273 0.057064
4 0.723784 0.522148 0.139227 0.304362
5 0.271654 0.501539 0.150490 0.320210
1 0.239140 0.711871 0.032926 0.061812
1 0.752123 0.717294 0.030372 0.061586
1 0.230591 0.815969 0.032945 0.053935
1 0.229284 0.953318 0.032950 0.047576
1 0.126133 0.745961 0.036508 0.049136
