0 0.243796 0.738196 0.074802 0.147399
0 0.256393 0.849052 0.073907 0.139497
0 0.334802 0.914832 0.085485 0.106208
0 0.704350 0.347118 0.074797 0.099874
1 0.082898 0.828024 0.040961 0.050730
1 0.243975 0.156888 0.030278 0.039631
1 0.243697 0.194090 0.029383 0.034874
1 0.185610 0.470726 0.033841 0.058649
1 0.318332 0.396124 0.025825 0.045973
1 0.286579 0.244014 0.026993 0.049287
1 0.261442 0.440721 0.027964 0.052601
1 0.245330 0.526971 0.033798 0.053456
1 0.513794 0.501510 0.030273 0.053893
1 0.514939 0.639413 0.028492 0.057064
1 0.760031 0.206032 0.027601 0.036460
1 0.763212 0.232819 0.024934 0.033289
1 0.682959 0.391221 0.028492 0.041351
1 0.728466 0.383595 0.024934 0.039622
1 0.727081 0.903746 0.032945 0.060243
1 0.713513 0.950055 0.032059 0.057072
1 0.773360 0.939853 0.029387 0.058649
1 0.874684 0.828461 0.032950 0.049136
2 0.308617 0.428909 0.028497 0.045973
2 0.765792 0.641833 0.032055 0.052307
3 0.283683 0.575541 0.034727 0.055478
3 0.725721 0.639455 0.030273 0.057064
4 0.723499 0.522148 0.139797 0.304362
5 0.272022 0.501539 0.150490 0.320210
1 0.256124 0.909962 0.034727 0.061820
1 0.300443 0.921015 0.030273 0.052315
1 0.274698 0.948570 0.032950 0.041216
1 0.223150 0.951963 0.028346 0.053020
1 0.122476 0.749576 0.036508 0.049136
