1 0.873172 0.145354 0.027609 0.058569
0 0.400988 0.425972 0.097492 0.148056
0 0.297422 0.844306 0.144297 0.223111
0 0.643895 0.336972 0.092633 0.167833
0 0.708375 0.679625 0.121141 0.185194
1 0.376543 0.406583 0.034727 0.060167
1 0.637605 0.571215 0.033836 0.066486
1 0.528422 0.292771 0.032953 0.060153
1 0.543660 0.150118 0.029383 0.050653
1 0.736445 0.127938 0.023156 0.041125
1 0.815598 0.046792 0.023148 0.045917
1 0.936355 0.799174 0.034727 0.066486
1 0.282750 0.183368 0.027609 0.047486
1 0.584621 0.596549 0.032945 0.066486
1 0.474844 0.384771 0.035625 0.066486
2 0.896730 0.622667 0.032055 0.068083
3 0.255594 0.313965 0.028500 0.049069
3 0.787813 0.310674 0.028516 0.045875
4 0.835734 0.435069 0.175422 0.351444
5 0.257375 0.449319 0.174531 0.357778
1 0.331281 0.874896 0.037406 0.064903
1 0.264051 0.940056 0.040070 0.066500
1 0.571199 0.931674 0.046305 0.071236
2 0.401473 0.886194 0.048977 0.088639
