0 0.646986 0.679178 0.079298 0.141007
0 0.265629 0.767387 0.097205 0.176049
0 0.305917 0.902898 0.087253 0.131485
0 0.673339 0.312978 0.075707 0.096728
1 0.089434 0.823230 0.040961 0.050721
1 0.243975 0.166032 0.030278 0.039631
1 0.266159 0.197236 0.029387 0.034874
1 0.187790 0.494304 0.033836 0.058658
1 0.318332 0.396124 0.025825 0.045973
1 0.287620 0.241565 0.024910 0.044388
1 0.292538 0.389652 0.023313 0.041317
1 0.312088 0.518964 0.027625 0.041183
1 0.514967 0.498410 0.030273 0.053901
1 0.680306 0.698989 0.028492 0.057072
1 0.758907 0.210252 0.027606 0.036460
1 0.769442 0.235457 0.024934 0.040763
1 0.722790 0.408792 0.023148 0.047567
1 0.732844 0.392945 0.024934 0.039614
1 0.728617 0.889161 0.031428 0.056191
1 0.718150 0.945755 0.033624 0.053188
1 0.773360 0.939853 0.029387 0.058649
1 0.883004 0.820663 0.032945 0.049144
2 0.312542 0.434169 0.028497 0.045973
2 0.765792 0.641833 0.032055 0.052307
3 0.280577 0.565407 0.032069 0.047592
3 0.725721 0.639455 0.030273 0.057064
4 0.723768 0.522148 0.139260 0.304362
5 0.271673 0.501539 0.150490 0.320210
1 0.261053 0.814631 0.032926 0.061812
1 0.702863 0.659815 0.028497 0.064950
1 0.254413 0.890617 0.032945 0.053935
1 0.229284 0.953318 0.032950 0.047576
1 0.125940 0.746149 0.036508 0.049144
