1 0.872809 0.145521 0.027602 0.058569
0 0.383891 0.434222 0.092625 0.121944
0 0.298164 0.848215 0.144000 0.221625
0 0.715750 0.343757 0.089609 0.158097
0 0.634016 0.662194 0.119375 0.178833
1 0.353539 0.427160 0.034719 0.060181
1 0.680051 0.522674 0.033836 0.066486
1 0.528687 0.292299 0.032953 0.060153
1 0.543660 0.150118 0.029383 0.050653
1 0.736445 0.127938 0.023156 0.041125
1 0.815438 0.047354 0.023156 0.045903
1 0.936355 0.799174 0.034727 0.066486
1 0.282750 0.183368 0.027609 0.047486
1 0.584621 0.596549 0.032945 0.066486
1 0.477988 0.380868 0.035617 0.066486
2 0.896730 0.622667 0.032055 0.068083
3 0.255594 0.313965 0.028500 0.049069
3 0.788430 0.311465 0.028516 0.045875
4 0.835734 0.435069 0.175422 0.351444
5 0.257375 0.449319 0.174531 0.357778
1 0.337395 0.860257 0.037398 0.064903
1 0.488449 0.938472 0.040070 0.066500
1 0.571691 0.931215 0.046305 0.071236
2 0.417070 0.908958 0.040953 0.079194
