0 0.747667 0.773398 0.093582 0.163221
0 0.255931 0.673997 0.092568 0.114253
0 0.236169 0.790759 0.103695 0.150344
0 0.669503 0.503968 0.087319 0.129950
1 0.093610 0.820172 0.040961 0.050730
1 0.243975 0.171871 0.030278 0.039631
1 0.245992 0.203167 0.029383 0.034874
1 0.185646 0.496690 0.033836 0.058649
1 0.318332 0.396124 0.025825 0.045973
1 0.287620 0.241565 0.024910 0.044388
1 0.291774 0.389652 0.023313 0.041317
1 0.312088 0.518964 0.027625 0.041183
1 0.549310 0.676900 0.030278 0.055512
1 0.691136 0.910373 0.028492 0.057072
1 0.752724 0.201346 0.027606 0.042760
1 0.765415 0.226070 0.020613 0.026082
1 0.718598 0.412777 0.023153 0.047567
1 0.732844 0.392945 0.024934 0.039614
1 0.722976 0.901862 0.029430 0.050872
1 0.714856 0.945755 0.033624 0.053188
1 0.773360 0.939853 0.029387 0.058649
1 0.875822 0.819375 0.032945 0.049136
2 0.312542 0.434169 0.028497 0.045973
2 0.765792 0.641833 0.032055 0.052307
3 0.281381 0.564929 0.032064 0.047592
3 0.725721 0.639455 0.030273 0.057064
4 0.723428 0.522148 0.138921 0.304362
5 0.271451 0.501539 0.150490 0.320210
1 0.231567 0.677248 0.032926 0.061812
1 0.745120 0.860092 0.032041 0.058591
1 0.203167 0.720998 0.030566 0.053926
1 0.229284 0.953318 0.032950 0.047576
1 0.128150 0.743968 0.036508 0.049144
