0 0.550337 0.673767 0.079298 0.141007
0 0.305382 0.888645 0.089906 0.150243
0 0.392561 0.905692 0.087253 0.131485
0 0.691296 0.317458 0.075702 0.096728
1 0.088860 0.823654 0.040961 0.050730
1 0.243975 0.165227 0.030278 0.039631
1 0.258301 0.198171 0.029383 0.034883
1 0.188087 0.493972 0.033836 0.058649
1 0.318332 0.396124 0.025825 0.045973
1 0.287620 0.241565 0.024910 0.044388
1 0.292877 0.389652 0.023313 0.041317
1 0.312088 0.518964 0.027625 0.041183
1 0.514555 0.499115 0.030278 0.053901
1 0.586553 0.679992 0.028497 0.057064
1 0.759515 0.210738 0.027606 0.036460
1 0.768843 0.232886 0.024934 0.036191
1 0.717486 0.407634 0.023153 0.047567
1 0.732844 0.392945 0.024934 0.039614
1 0.728497 0.889010 0.031706 0.056930
1 0.718603 0.945755 0.033624 0.053188
1 0.773360 0.939853 0.029387 0.058649
1 0.884025 0.820847 0.032950 0.049144
2 0.312542 0.434169 0.028497 0.045973
2 0.765792 0.641833 0.032055 0.052307
3 0.280217 0.565621 0.032064 0.047601
3 0.725721 0.639455 0.030273 0.057064
4 0.723744 0.522148 0.139307 0.304362
5 0.271701 0.501539 0.150490 0.320210
1 0.339710 0.888230 0.032926 0.061812
1 0.618607 0.674002 0.032314 0.066326
1 0.337792 0.945172 0.032945 0.053935
1 0.229284 0.953318 0.032950 0.047576
1 0.125634 0.746456 0.036508 0.049136
