0 0.341016 0.707613 0.081051 0.137827
0 0.230330 0.822299 0.096136 0.155369
0 0.496857 0.885411 0.078388 0.156946
0 0.704350 0.348557 0.074797 0.099866
1 0.083916 0.827278 0.040961 0.050730
1 0.243975 0.158314 0.030278 0.039631
1 0.245450 0.194937 0.029383 0.034874
1 0.189901 0.488544 0.033836 0.058649
1 0.318332 0.396124 0.025825 0.045973
1 0.287620 0.241565 0.024910 0.044388
1 0.292844 0.389929 0.023134 0.042794
1 0.285968 0.479333 0.027620 0.041183
1 0.513848 0.501208 0.030278 0.053893
1 0.517684 0.638968 0.028497 0.057064
1 0.760302 0.207441 0.027606 0.036460
1 0.764168 0.232534 0.024934 0.033289
1 0.682757 0.398075 0.028492 0.042794
1 0.729265 0.385298 0.024929 0.039622
1 0.727344 0.899077 0.032945 0.060235
1 0.716254 0.948972 0.032055 0.057072
1 0.773360 0.939853 0.029387 0.058649
1 0.872653 0.823943 0.032950 0.049144
2 0.312542 0.434169 0.028497 0.045973
2 0.765792 0.641833 0.032055 0.052307
3 0.283754 0.560713 0.033841 0.052852
3 0.725721 0.639455 0.030273 0.057064
4 0.723541 0.522148 0.139713 0.304362
5 0.271965 0.501539 0.150490 0.320210
1 0.261350 0.874073 0.032926 0.061820
1 0.313433 0.897273 0.030278 0.061376
1 0.294465 0.943171 0.032945 0.052651
1 0.229284 0.953318 0.032950 0.047576
1 0.123018 0.749044 0.036508 0.049144
