0 0.642608 0.705885 0.093577 0.134723
0 0.267399 0.681414 0.092564 0.114253
0 0.273289 0.870508 0.100650 0.167810
0 0.647521 0.566770 0.081074 0.146376
1 0.092535 0.820961 0.040961 0.050730
1 0.243975 0.170365 0.030278 0.039622
1 0.246418 0.201456 0.029387 0.034874
1 0.186199 0.496074 0.033841 0.058658
1 0.318332 0.396124 0.025825 0.045973
1 0.287620 0.241565 0.024910 0.044388
1 0.291774 0.389652 0.023313 0.041317
1 0.312088 0.518964 0.027625 0.041183
1 0.544065 0.747248 0.030278 0.053893
1 0.692745 0.908654 0.028497 0.057072
1 0.748428 0.198620 0.027601 0.042760
1 0.767804 0.230709 0.025391 0.035361
1 0.718598 0.412777 0.023153 0.047567
1 0.732844 0.392945 0.024934 0.039614
1 0.727149 0.893750 0.029943 0.052248
1 0.715707 0.945755 0.033629 0.053188
1 0.773360 0.939853 0.029387 0.058649
1 0.877533 0.819690 0.032945 0.049144
2 0.312542 0.434169 0.028497 0.045973
2 0.765792 0.641833 0.032055 0.052307
3 0.281381 0.564929 0.032064 0.047592
3 0.725721 0.639455 0.030273 0.057064
4 0.723897 0.522148 0.139001 0.304362
5 0.271508 0.501539 0.150490 0.320210
1 0.247311 0.691544 0.032926 0.061812
1 0.762976 0.840084 0.032041 0.058591
1 0.224651 0.728221 0.032950 0.053926
1 0.229284 0.953318 0.032950 0.047576
1 0.127580 0.744530 0.036508 0.049144
