1 0.873520 0.145201 0.027602 0.058569
0 0.385613 0.431924 0.080180 0.112431
0 0.276957 0.825917 0.119336 0.206056
0 0.579375 0.328764 0.081016 0.167833
0 0.734031 0.706917 0.097406 0.188722
1 0.404301 0.426368 0.034727 0.071236
1 0.577496 0.506313 0.033836 0.066486
1 0.528164 0.293229 0.032953 0.060153
1 0.543660 0.150118 0.029383 0.050653
1 0.736445 0.127938 0.023156 0.041125
1 0.815746 0.046257 0.023148 0.045903
1 0.936355 0.799174 0.034727 0.066486
1 0.282750 0.183368 0.027609 0.047486
1 0.584621 0.596549 0.032945 0.066486
1 0.494684 0.360674 0.035617 0.066486
2 0.896730 0.622667 0.032055 0.068083
3 0.255594 0.313965 0.028500 0.049069
3 0.787219 0.309917 0.028516 0.045861
4 0.835734 0.435069 0.175422 0.351444
5 0.257375 0.449319 0.174531 0.357778
1 0.302340 0.884660 0.037398 0.064903
1 0.224957 0.953521 0.040070 0.052236
1 0.570730 0.932118 0.046305 0.071236
2 0.397770 0.895396 0.048977 0.088653
