0 0.643410 0.704773 0.093577 0.134715
0 0.267969 0.681799 0.092564 0.114253
0 0.274795 0.875726 0.100646 0.167810
0 0.649227 0.563863 0.079736 0.145327
1 0.092573 0.820931 0.040961 0.050721
1 0.243975 0.170419 0.030278 0.039631
1 0.246404 0.201514 0.029387 0.034874
1 0.186180 0.496095 0.033841 0.058649
1 0.318332 0.396124 0.025825 0.045973
1 0.287620 0.241565 0.024910 0.044388
1 0.291774 0.389652 0.023313 0.041317
1 0.312088 0.518964 0.027625 0.041183
1 0.542283 0.744077 0.030278 0.053893
1 0.692686 0.908716 0.028492 0.057064
1 0.748702 0.198821 0.027601 0.042760
1 0.767719 0.230541 0.025221 0.035025
1 0.718598 0.412777 0.023153 0.047567
1 0.732844 0.392945 0.024934 0.039614
1 0.727000 0.894035 0.029929 0.052198
1 0.715676 0.945755 0.033624 0.053188
1 0.773360 0.939853 0.029387 0.058649
1 0.877465 0.819677 0.032950 0.049136
2 0.312542 0.434169 0.028497 0.045973
2 0.765792 0.641833 0.032055 0.052307
3 0.281381 0.564929 0.032064 0.047592
3 0.725721 0.639455 0.030273 0.057064
4 0.723897 0.522148 0.139001 0.304362
5 0.271503 0.501539 0.150490 0.320210
1 0.247750 0.692349 0.032926 0.061812
1 0.762505 0.840688 0.032041 0.058591
1 0.226206 0.731967 0.032950 0.053935
1 0.229284 0.953318 0.032950 0.047576
1 0.127599 0.744513 0.036508 0.049144
