1 0.872309 0.145743 0.027602 0.058569
0 0.450797 0.414417 0.100703 0.166250
0 0.415395 0.914750 0.127367 0.170500
0 0.693734 0.246729 0.073953 0.144125
0 0.809020 0.633667 0.111320 0.185111
1 0.352004 0.431910 0.034727 0.060181
1 0.671863 0.534806 0.032070 0.066500
1 0.529055 0.291646 0.032953 0.060153
1 0.543660 0.150118 0.029383 0.050653
1 0.736445 0.127931 0.023156 0.041111
1 0.815223 0.048125 0.023148 0.045917
1 0.936355 0.799174 0.034727 0.066486
1 0.282750 0.183368 0.027609 0.047486
1 0.584621 0.596549 0.032945 0.066486
1 0.527629 0.423993 0.035617 0.066486
2 0.896730 0.622667 0.032055 0.068083
3 0.255594 0.313965 0.028500 0.049069
3 0.789289 0.312549 0.028516 0.045875
4 0.835734 0.435069 0.175422 0.351444
5 0.257375 0.449319 0.174531 0.357778
1 0.454168 0.946965 0.037398 0.064903
1 0.525090 0.987326 0.040070 0.025347
1 0.572363 0.930590 0.046305 0.071236
2 0.501758 0.937972 0.033844 0.068056
