1 0.872945 0.145451 0.027609 0.058569
0 0.391105 0.434042 0.093711 0.121944
0 0.302961 0.844653 0.144297 0.223111
0 0.714707 0.345632 0.091695 0.164847
0 0.604629 0.663778 0.119383 0.178833
1 0.365465 0.423639 0.034727 0.060167
1 0.669277 0.552674 0.033836 0.066486
1 0.528590 0.292479 0.032945 0.060153
1 0.543660 0.150118 0.029383 0.050653
1 0.736445 0.127938 0.023156 0.041125
1 0.815496 0.047146 0.023148 0.045903
1 0.936355 0.799174 0.034727 0.066486
1 0.282750 0.183368 0.027609 0.047486
1 0.584621 0.596549 0.032945 0.066486
1 0.477812 0.380549 0.035625 0.066486
2 0.896730 0.622667 0.032055 0.068083
3 0.255594 0.313965 0.028500 0.049069
3 0.788203 0.311167 0.028516 0.045861
4 0.835734 0.435069 0.175422 0.351444
5 0.257375 0.449319 0.174531 0.357778
1 0.339941 0.852493 0.037398 0.064903
1 0.430566 0.936889 0.040070 0.066500
1 0.571512 0.931396 0.046305 0.071236
2 0.408758 0.873597 0.040953 0.079194
