0 0.480879 0.684480 0.079298 0.141007
0 0.570403 0.902727 0.091682 0.145940
0 0.668044 0.914350 0.087257 0.131485
0 0.704350 0.351904 0.074797 0.099866
1 0.086282 0.825541 0.040961 0.050730
1 0.243975 0.161619 0.030278 0.039631
1 0.249519 0.196917 0.029387 0.034874
1 0.189411 0.492500 0.033836 0.058658
1 0.318332 0.396124 0.025825 0.045973
1 0.287620 0.241565 0.024910 0.044388
1 0.294404 0.389656 0.023313 0.041326
1 0.312088 0.518964 0.027625 0.041183
1 0.513973 0.500503 0.030273 0.053893
1 0.524060 0.637936 0.028497 0.057064
1 0.760935 0.210713 0.027601 0.036460
1 0.766388 0.231879 0.024934 0.033289
1 0.682288 0.413972 0.028497 0.046149
1 0.731115 0.389249 0.024934 0.039622
1 0.727952 0.888339 0.032936 0.060218
1 0.720634 0.945755 0.033624 0.053188
1 0.773360 0.939853 0.029387 0.058649
1 0.877104 0.820961 0.032945 0.049136
2 0.312542 0.434169 0.028497 0.045973
2 0.765792 0.641833 0.032055 0.052307
3 0.279486 0.566514 0.032064 0.047592
3 0.725721 0.639455 0.030273 0.057064
4 0.723638 0.522148 0.139519 0.304362
5 0.271840 0.501539 0.150485 0.320210
1 0.606699 0.900176 0.032926 0.061812
1 0.628808 0.795348 0.032950 0.066552
1 0.617033 0.924962 0.032945 0.053935
1 0.229284 0.953318 0.032950 0.047576
1 0.124270 0.747802 0.036513 0.049144
