0 0.264882 0.717919 0.104194 0.153691
0 0.255561 0.859815 0.096136 0.155369
0 0.365535 0.914488 0.089920 0.106208
0 0.704350 0.347580 0.074797 0.099874
1 0.083223 0.827785 0.040961 0.050721
1 0.243975 0.157349 0.030278 0.039631
1 0.244260 0.194358 0.029387 0.034874
1 0.186986 0.476439 0.033841 0.058649
1 0.318332 0.396124 0.025825 0.045973
1 0.287620 0.241565 0.024910 0.044388
1 0.276932 0.392949 0.023139 0.042794
1 0.255987 0.511036 0.027620 0.041183
1 0.513810 0.501414 0.030278 0.053901
1 0.515820 0.639270 0.028492 0.057064
1 0.760118 0.206485 0.027606 0.036460
1 0.763518 0.232727 0.024934 0.033289
1 0.682896 0.393419 0.028497 0.041820
1 0.728725 0.384140 0.024934 0.039622
1 0.727165 0.902248 0.032945 0.060235
1 0.714392 0.949706 0.032055 0.057064
1 0.773360 0.939853 0.029387 0.058649
1 0.874032 0.827013 0.032945 0.049144
2 0.313433 0.432584 0.028497 0.045973
2 0.765792 0.641833 0.032055 0.052307
3 0.280931 0.565742 0.034727 0.055478
3 0.725721 0.639455 0.030273 0.057064
4 0.723513 0.522148 0.139769 0.304362
5 0.272003 0.501539 0.150490 0.320210
1 0.272024 0.914492 0.034727 0.061820
1 0.308598 0.911770 0.030278 0.052315
1 0.289123 0.950155 0.032950 0.041216
1 0.226515 0.952701 0.030872 0.050034
1 0.122651 0.749404 0.036508 0.049144
