0 0.464343 0.689388 0.079298 0.141007
0 0.586390 0.897819 0.091687 0.145940
0 0.674328 0.910717 0.087253 0.131485
0 0.704350 0.351552 0.074797 0.099866
1 0.086032 0.825726 0.040961 0.050730
1 0.243975 0.161275 0.030278 0.039631
1 0.249090 0.196707 0.029387 0.034874
1 0.189541 0.492357 0.033841 0.058658
1 0.318332 0.396124 0.025825 0.045973
1 0.287620 0.241565 0.024910 0.044388
1 0.294550 0.389656 0.023313 0.041326
1 0.312088 0.518964 0.027625 0.041183
1 0.513961 0.500579 0.030278 0.053893
1 0.523386 0.638045 0.028497 0.057064
1 0.760867 0.210369 0.027606 0.036460
1 0.766152 0.231946 0.024934 0.033289
1 0.682335 0.412294 0.028497 0.045797
1 0.730921 0.388830 0.024934 0.039622
1 0.727889 0.889388 0.032950 0.060235
1 0.720832 0.945755 0.033624 0.053188
1 0.773360 0.939853 0.029387 0.058649
1 0.876249 0.820961 0.032950 0.049136
2 0.312542 0.434169 0.028497 0.045973
2 0.765792 0.641833 0.032055 0.052307
3 0.280749 0.566514 0.032064 0.047592
3 0.725721 0.639455 0.030273 0.057064
4 0.723629 0.522148 0.139538 0.304362
5 0.271852 0.501539 0.150490 0.320210
1 0.608410 0.902013 0.032926 0.061812
1 0.631777 0.817009 0.032950 0.066552
1 0.626506 0.924404 0.032945 0.054681
1 0.229284 0.953318 0.032950 0.047576
1 0.124138 0.747936 0.036513 0.049144
