1 0.872641 0.145590 0.027609 0.058569
0 0.427461 0.432639 0.092625 0.121944
0 0.306328 0.856424 0.140703 0.205208
0 0.715855 0.338278 0.088211 0.153611
0 0.736418 0.643986 0.119383 0.178833
1 0.352168 0.431910 0.034727 0.060181
1 0.696352 0.522146 0.032078 0.066486
1 0.528809 0.292083 0.032945 0.060167
1 0.543660 0.150118 0.029383 0.050653
1 0.736445 0.127931 0.023156 0.041111
1 0.815367 0.047611 0.023156 0.045917
1 0.936355 0.799174 0.034727 0.066486
1 0.282750 0.183368 0.027609 0.047486
1 0.584621 0.596549 0.032945 0.066486
1 0.478207 0.381250 0.035617 0.066500
2 0.896730 0.622667 0.032055 0.068083
3 0.255594 0.313965 0.028500 0.049069
3 0.788719 0.311826 0.028516 0.045875
4 0.835734 0.435069 0.175422 0.351444
5 0.257375 0.449319 0.174531 0.357778
1 0.337961 0.871993 0.037406 0.064903
1 0.536535 0.946389 0.040070 0.066500
1 0.571918 0.931007 0.046305 0.071236
2 0.434578 0.913181 0.040953 0.079194
