0 0.638226 0.874773 0.098893 0.177483
0 0.257832 0.681774 0.091970 0.136569
0 0.279637 0.872496 0.100933 0.169287
0 0.655450 0.738574 0.089034 0.155101
1 0.095631 0.818687 0.040961 0.050730
1 0.243975 0.174698 0.030278 0.039631
1 0.245189 0.206388 0.029387 0.034874
1 0.184609 0.497844 0.033836 0.058658
1 0.318332 0.396124 0.025825 0.045973
1 0.287620 0.241565 0.024910 0.044388
1 0.291774 0.389652 0.023313 0.041317
1 0.312088 0.518964 0.027625 0.041183
1 0.540636 0.713742 0.030273 0.055520
1 0.478419 0.941367 0.033850 0.057064
1 0.755290 0.202001 0.027601 0.042760
1 0.718598 0.412777 0.023153 0.047567
1 0.732844 0.392945 0.024934 0.039614
1 0.720441 0.921070 0.029383 0.050747
1 0.710328 0.953683 0.033624 0.053188
1 0.773360 0.939853 0.029387 0.058649
1 0.877302 0.819375 0.032945 0.049136
2 0.312542 0.434169 0.028497 0.045973
2 0.765792 0.641833 0.032055 0.052307
3 0.281381 0.564929 0.032064 0.047592
3 0.725721 0.639455 0.030273 0.057064
4 0.723047 0.522148 0.138921 0.304362
5 0.271343 0.501539 0.150490 0.320210
1 0.223452 0.663834 0.030627 0.059748
1 0.507154 0.896359 0.033836 0.058591
1 0.207003 0.701359 0.024929 0.053926
1 0.229284 0.953318 0.032950 0.047576
1 0.129220 0.742911 0.036508 0.049144
