1 0.873598 0.145167 0.027602 0.058583
0 0.366223 0.431132 0.080180 0.112431
0 0.280820 0.836118 0.131813 0.185653
0 0.583551 0.331812 0.085914 0.173403
0 0.734699 0.711833 0.100430 0.197250
1 0.390691 0.426368 0.034727 0.071236
1 0.569332 0.468313 0.033836 0.066486
1 0.528109 0.293326 0.032953 0.060153
1 0.543660 0.150118 0.029383 0.050653
1 0.736445 0.127944 0.023156 0.041139
1 0.815781 0.046139 0.023156 0.045917
1 0.936355 0.799174 0.034727 0.066486
1 0.282750 0.183368 0.027609 0.047486
1 0.584621 0.596549 0.032945 0.066486
1 0.528965 0.347215 0.035617 0.066486
2 0.896730 0.622667 0.032055 0.068083
3 0.255594 0.313965 0.028500 0.049069
3 0.787086 0.309757 0.028516 0.045875
4 0.835734 0.435069 0.175422 0.351444
5 0.257375 0.449319 0.174531 0.357778
1 0.312137 0.815799 0.037398 0.064903
1 0.224531 0.953521 0.040078 0.052236
1 0.570629 0.932208 0.046305 0.071250
2 0.397832 0.895410 0.048977 0.088653
