0 0.620108 0.706598 0.084647 0.148968
0 0.255928 0.686682 0.096107 0.129891
0 0.321605 0.895713 0.095858 0.147768
0 0.589300 0.377655 0.065057 0.106233
1 0.090127 0.822722 0.040961 0.050730
1 0.243975 0.167005 0.030278 0.039631
1 0.257302 0.197932 0.029383 0.034874
1 0.187436 0.494698 0.033836 0.058658
1 0.318332 0.396124 0.025825 0.045973
1 0.287620 0.241565 0.024910 0.044388
1 0.292128 0.389652 0.023313 0.041317
1 0.312088 0.518964 0.027625 0.041183
1 0.515462 0.497567 0.030273 0.053893
1 0.705481 0.904111 0.033365 0.057064
1 0.757045 0.206795 0.027606 0.036460
1 0.771312 0.235982 0.024934 0.044547
1 0.721324 0.410185 0.023148 0.047567
1 0.732844 0.392945 0.024934 0.039614
1 0.728763 0.889341 0.031098 0.055310
1 0.717604 0.945755 0.033624 0.053188
1 0.773360 0.939853 0.029387 0.058649
1 0.881781 0.820445 0.032950 0.049144
2 0.312542 0.434169 0.028497 0.045973
2 0.765792 0.641833 0.032055 0.052307
3 0.281008 0.565151 0.032064 0.047601
3 0.725721 0.639455 0.030273 0.057064
4 0.723798 0.522148 0.139199 0.304362
5 0.271635 0.501539 0.150490 0.320210
1 0.227934 0.695621 0.032926 0.061812
1 0.777057 0.772416 0.032041 0.058591
1 0.215035 0.763435 0.032945 0.053935
1 0.229284 0.953318 0.032950 0.047576
1 0.126308 0.745789 0.036508 0.049144
