1 0.217149 0.678486 0.032281 0.052710
0 0.566871 0.898888 0.089114 0.152156
0 0.259781 0.741602 0.096291 0.168809
0 0.313534 0.901753 0.091131 0.133876
0 0.646984 0.841565 0.098907 0.171065
1 0.097861 0.817055 0.040961 0.050721
1 0.243975 0.177819 0.030278 0.039631
1 0.244303 0.209937 0.029387 0.034874
1 0.183464 0.499119 0.033836 0.058658
1 0.318332 0.396124 0.025825 0.045973
1 0.287620 0.241565 0.024910 0.044388
1 0.291774 0.389652 0.023313 0.041317
1 0.312088 0.518964 0.027625 0.041183
1 0.538419 0.712060 0.030278 0.055512
1 0.259960 0.918293 0.033850 0.057072
1 0.758124 0.202722 0.027606 0.042760
1 0.718598 0.412777 0.023153 0.047567
1 0.732844 0.392945 0.024934 0.039614
1 0.722608 0.916137 0.029383 0.050747
1 0.710328 0.953683 0.033624 0.053188
1 0.773360 0.939853 0.029387 0.058649
1 0.878940 0.819375 0.032950 0.049136
2 0.312542 0.434169 0.028497 0.045973
2 0.765792 0.641833 0.032055 0.052307
3 0.281381 0.564929 0.032064 0.047592
3 0.725721 0.639455 0.030273 0.057064
4 0.723047 0.522148 0.138921 0.304362
5 0.271225 0.501539 0.150490 0.320210
1 0.231840 0.636883 0.024943 0.045982
1 0.500019 0.946984 0.033836 0.058599
1 0.229284 0.953318 0.032950 0.047576
1 0.130401 0.741741 0.036513 0.049136
