0 0.420375 0.665218 0.079298 0.141007
0 0.561459 0.903767 0.091682 0.145940
0 0.676421 0.906598 0.087253 0.131485
0 0.704350 0.350763 0.074797 0.099866
1 0.085476 0.826137 0.040961 0.050730
1 0.243975 0.160495 0.030278 0.039631
1 0.248129 0.196237 0.029387 0.034874
1 0.189826 0.492039 0.033836 0.058658
1 0.318332 0.396124 0.025825 0.045973
1 0.287620 0.241565 0.024910 0.044388
1 0.294880 0.389656 0.023313 0.041326
1 0.312088 0.518964 0.027625 0.041183
1 0.513930 0.500747 0.030273 0.053893
1 0.521883 0.638289 0.028497 0.057064
1 0.760721 0.209597 0.027606 0.036460
1 0.765629 0.232097 0.024934 0.033289
1 0.682448 0.408544 0.028497 0.045008
1 0.730483 0.387898 0.024934 0.039622
1 0.727745 0.891942 0.032945 0.060243
1 0.720441 0.947315 0.032059 0.057064
1 0.773360 0.939853 0.029387 0.058649
1 0.874340 0.820961 0.032950 0.049136
2 0.312542 0.434169 0.028497 0.045973
2 0.765792 0.641833 0.032055 0.052307
3 0.283567 0.566514 0.032064 0.047592
3 0.725721 0.639455 0.030273 0.057064
4 0.723605 0.522148 0.139585 0.304362
5 0.271885 0.501539 0.150490 0.320210
1 0.582585 0.914497 0.032926 0.061812
1 0.608624 0.887156 0.032950 0.066560
1 0.606621 0.947768 0.032950 0.055503
1 0.229284 0.953318 0.032950 0.047576
1 0.123843 0.748226 0.036508 0.049136
