0 0.584599 0.893662 0.089114 0.152156
0 0.263989 0.688075 0.091550 0.152106
0 0.339357 0.853372 0.099788 0.144111
0 0.650735 0.832265 0.098907 0.171074
1 0.096824 0.817815 0.040961 0.050730
1 0.243975 0.176363 0.030278 0.039622
1 0.244715 0.208284 0.029383 0.034874
1 0.183996 0.498523 0.033836 0.058658
1 0.318332 0.396124 0.025825 0.045973
1 0.287620 0.241565 0.024910 0.044388
1 0.291774 0.389652 0.023313 0.041317
1 0.312088 0.518964 0.027625 0.041183
1 0.538077 0.713633 0.030273 0.055520
1 0.349006 0.947546 0.033845 0.057072
1 0.756805 0.202387 0.027606 0.042760
1 0.718598 0.412777 0.023153 0.047567
1 0.732844 0.392945 0.024934 0.039614
1 0.721600 0.918431 0.029383 0.050755
1 0.710328 0.953683 0.033624 0.053188
1 0.773360 0.939853 0.029387 0.058649
1 0.878179 0.819375 0.032945 0.049136
2 0.312542 0.434169 0.028497 0.045973
2 0.765792 0.641833 0.032055 0.052307
3 0.281381 0.564929 0.032064 0.047592
3 0.725721 0.639455 0.030273 0.057064
4 0.723047 0.522148 0.138921 0.304362
5 0.271277 0.501539 0.150490 0.320210
1 0.215615 0.667009 0.027837 0.054237
1 0.501291 0.949304 0.033836 0.058591
1 0.218153 0.728221 0.024929 0.053926
1 0.229284 0.953318 0.032950 0.047576
1 0.129852 0.742286 0.036508 0.049136
