0 0.482151 0.684102 0.079298 0.141007
0 0.569175 0.903104 0.091687 0.145940
0 0.666461 0.914174 0.087257 0.131485
0 0.704350 0.351934 0.074797 0.099874
1 0.086301 0.825529 0.040961 0.050721
1 0.243975 0.161653 0.030278 0.039631
1 0.249552 0.196934 0.029387 0.034874
1 0.189402 0.492513 0.033836 0.058649
1 0.318332 0.396124 0.025825 0.045973
1 0.287620 0.241565 0.024910 0.044388
1 0.294394 0.389656 0.023313 0.041326
1 0.312088 0.518964 0.027625 0.041183
1 0.513975 0.500499 0.030278 0.053901
1 0.524112 0.637928 0.028497 0.057064
1 0.760940 0.210738 0.027601 0.036460
1 0.766407 0.231871 0.024934 0.033289
1 0.682283 0.414102 0.028497 0.046174
1 0.731129 0.389283 0.024934 0.039622
1 0.727955 0.888343 0.032931 0.060193
1 0.720620 0.945755 0.033624 0.053188
1 0.773360 0.939853 0.029387 0.058649
1 0.877170 0.820961 0.032945 0.049136
2 0.312542 0.434169 0.028497 0.045973
2 0.765792 0.641833 0.032055 0.052307
3 0.279390 0.566514 0.032069 0.047592
3 0.725721 0.639455 0.030273 0.057064
4 0.723640 0.522148 0.139515 0.304362
5 0.271838 0.501539 0.150490 0.320210
1 0.605653 0.900117 0.032926 0.061812
1 0.628511 0.792706 0.032950 0.066552
1 0.616539 0.925138 0.032945 0.053935
1 0.229284 0.953318 0.032950 0.047576
1 0.124281 0.747794 0.036508 0.049144
