0 0.520549 0.672609 0.079298 0.141007
0 0.318725 0.899589 0.091682 0.145940
0 0.411129 0.905013 0.087253 0.131485
0 0.693077 0.321082 0.075702 0.096728
1 0.088629 0.823821 0.040961 0.050730
1 0.243975 0.164908 0.030278 0.039631
1 0.255160 0.198544 0.029387 0.034874
1 0.188207 0.493842 0.033841 0.058658
1 0.318332 0.396124 0.025825 0.045973
1 0.287620 0.241565 0.024910 0.044388
1 0.293014 0.389652 0.023313 0.041317
1 0.312088 0.518964 0.027625 0.041183
1 0.514390 0.499400 0.030278 0.053901
1 0.572036 0.675076 0.028492 0.057064
1 0.759760 0.210931 0.027606 0.036460
1 0.768603 0.231858 0.024934 0.034354
1 0.718739 0.413146 0.023153 0.047567
1 0.732844 0.392945 0.024934 0.039614
1 0.728447 0.888947 0.031814 0.057223
1 0.718787 0.945755 0.033624 0.053188
1 0.773360 0.939853 0.029387 0.058649
1 0.884432 0.820919 0.032945 0.049136
2 0.312542 0.434169 0.028497 0.045973
2 0.765792 0.641833 0.032055 0.052307
3 0.280075 0.565709 0.032064 0.047592
3 0.725721 0.639455 0.030273 0.057064
4 0.723735 0.522148 0.139326 0.304362
5 0.271715 0.501539 0.150490 0.320210
1 0.357311 0.881300 0.032926 0.061812
1 0.624284 0.677513 0.032950 0.066552
1 0.354788 0.939148 0.032950 0.053935
1 0.229284 0.953318 0.032950 0.047576
1 0.125511 0.746577 0.036508 0.049144
