0 0.727382 0.748049 0.093577 0.134723
0 0.266145 0.681896 0.092564 0.114262
0 0.244442 0.816598 0.094246 0.156367
0 0.658947 0.531154 0.078402 0.144270
1 0.093266 0.820424 0.040961 0.050730
1 0.243975 0.171384 0.030278 0.039631
1 0.246129 0.202622 0.029383 0.034874
1 0.185825 0.496489 0.033836 0.058649
1 0.318332 0.396124 0.025825 0.045973
1 0.287620 0.241565 0.024910 0.044388
1 0.291774 0.389652 0.023313 0.041317
1 0.312088 0.518964 0.027625 0.041183
1 0.541037 0.694480 0.030273 0.055520
1 0.691652 0.909820 0.028497 0.057072
1 0.752283 0.201233 0.027601 0.042768
1 0.766183 0.227559 0.022149 0.029060
1 0.718598 0.412777 0.023153 0.047567
1 0.732844 0.392945 0.024934 0.039614
1 0.724317 0.899253 0.029595 0.051309
1 0.715130 0.945755 0.033624 0.053188
1 0.773360 0.939853 0.029387 0.058649
1 0.876242 0.819463 0.032945 0.049144
2 0.312542 0.434169 0.028497 0.045973
2 0.765792 0.641833 0.032055 0.052307
3 0.281381 0.564929 0.032064 0.047592
3 0.725721 0.639455 0.030273 0.057064
4 0.723926 0.522148 0.138944 0.304362
5 0.271470 0.501539 0.150490 0.320210
1 0.238947 0.684518 0.032926 0.061820
1 0.753977 0.851619 0.032045 0.058591
1 0.225061 0.736204 0.032950 0.053935
1 0.229284 0.953318 0.032950 0.047576
1 0.127967 0.744148 0.036508 0.049136
