0 0.446939 0.677576 0.079298 0.141007
0 0.585796 0.900990 0.091687 0.145940
0 0.678860 0.906598 0.087257 0.131485
0 0.704350 0.351116 0.074797 0.099866
1 0.085726 0.825952 0.040961 0.050730
1 0.243975 0.160843 0.030278 0.039622
1 0.248560 0.196447 0.029383 0.034874
1 0.189698 0.492181 0.033836 0.058658
1 0.318332 0.396124 0.025825 0.045973
1 0.287620 0.241565 0.024910 0.044388
1 0.294734 0.389656 0.023313 0.041326
1 0.312088 0.518964 0.027625 0.041183
1 0.513944 0.500671 0.030273 0.053893
1 0.522557 0.638180 0.028497 0.057064
1 0.760787 0.209941 0.027606 0.036460
1 0.765865 0.232030 0.024934 0.033289
1 0.682396 0.410227 0.028497 0.045352
1 0.730681 0.388318 0.024934 0.039622
1 0.727809 0.890797 0.032950 0.060235
1 0.721115 0.947047 0.032059 0.057064
1 0.773360 0.939853 0.029387 0.058649
1 0.875196 0.820961 0.032945 0.049136
2 0.312542 0.434169 0.028497 0.045973
2 0.765792 0.641833 0.032055 0.052307
3 0.282304 0.566514 0.032064 0.047592
3 0.725721 0.639455 0.030273 0.057064
4 0.723617 0.522148 0.139562 0.304362
5 0.271871 0.501539 0.150490 0.320210
1 0.609300 0.904388 0.032926 0.061812
1 0.628129 0.862982 0.032950 0.066552
1 0.634529 0.930474 0.032950 0.055512
1 0.229284 0.953318 0.032950 0.047576
1 0.123975 0.748096 0.036508 0.049144
