0 0.627458 0.868716 0.098893 0.177483
0 0.256675 0.681061 0.092012 0.134807
0 0.273402 0.856799 0.096371 0.168196
0 0.640144 0.711846 0.094708 0.154077
1 0.095495 0.818788 0.040961 0.050730
1 0.243975 0.174505 0.030278 0.039631
1 0.245243 0.206170 0.029383 0.034874
1 0.184680 0.497764 0.033836 0.058649
1 0.318332 0.396124 0.025825 0.045973
1 0.287620 0.241565 0.024910 0.044388
1 0.291774 0.389652 0.023313 0.041317
1 0.312088 0.518964 0.027625 0.041183
1 0.541572 0.706527 0.030278 0.055520
1 0.498817 0.946409 0.033845 0.057064
1 0.755118 0.201955 0.027606 0.042768
1 0.718598 0.412777 0.023153 0.047567
1 0.732844 0.392945 0.024934 0.039614
1 0.720311 0.921367 0.029387 0.050755
1 0.710328 0.953683 0.033624 0.053188
1 0.773360 0.939853 0.029387 0.058649
1 0.877203 0.819375 0.032945 0.049136
2 0.312542 0.434169 0.028497 0.045973
2 0.765792 0.641833 0.032055 0.052307
3 0.281381 0.564929 0.032064 0.047592
3 0.725721 0.639455 0.030273 0.057064
4 0.723047 0.522148 0.138921 0.304362
5 0.271348 0.501539 0.150490 0.320210
1 0.223673 0.664400 0.030787 0.059891
1 0.516786 0.880218 0.033836 0.058591
1 0.206701 0.701661 0.024929 0.053926
1 0.229284 0.953318 0.032950 0.047576
1 0.129149 0.742978 0.036508 0.049144
