0 0.269109 0.713565 0.095740 0.144983
0 0.256451 0.861628 0.096136 0.155369
0 0.373106 0.914488 0.089915 0.106208
0 0.704350 0.347634 0.074797 0.099866
1 0.083261 0.827756 0.040961 0.050730
1 0.243975 0.157399 0.030278 0.039631
1 0.244326 0.194392 0.029387 0.034874
1 0.187149 0.477114 0.033836 0.058658
1 0.318332 0.396124 0.025825 0.045973
1 0.287620 0.241565 0.024910 0.044388
1 0.278063 0.392664 0.023139 0.042794
1 0.257608 0.508297 0.027620 0.041191
1 0.513812 0.501401 0.030273 0.053893
1 0.515924 0.639253 0.028492 0.057064
1 0.760127 0.206535 0.027606 0.036460
1 0.763556 0.232718 0.024934 0.033289
1 0.682886 0.393679 0.028497 0.041871
1 0.728754 0.384207 0.024934 0.039622
1 0.727175 0.902072 0.032945 0.060235
1 0.714496 0.949664 0.032055 0.057064
1 0.773360 0.939853 0.029387 0.058649
1 0.873956 0.826841 0.032945 0.049136
2 0.313190 0.432005 0.028492 0.045973
2 0.765792 0.641833 0.032055 0.052307
3 0.280931 0.564446 0.034727 0.055487
3 0.725721 0.639455 0.030273 0.057064
4 0.723516 0.522148 0.139764 0.304362
5 0.272003 0.501539 0.150490 0.320210
1 0.276923 0.909736 0.034731 0.061820
1 0.310125 0.909958 0.030278 0.052315
1 0.290370 0.950155 0.032945 0.041216
1 0.226909 0.952794 0.031169 0.049681
1 0.122670 0.749388 0.036508 0.049144
