0 0.573124 0.893326 0.089114 0.152156
0 0.260167 0.689195 0.091475 0.154866
0 0.347309 0.855105 0.097936 0.145495
0 0.646103 0.839211 0.098907 0.171074
1 0.097036 0.817659 0.040961 0.050721
1 0.243975 0.176661 0.030278 0.039631
1 0.244632 0.208620 0.029387 0.034874
1 0.183888 0.498645 0.033836 0.058649
1 0.318332 0.396124 0.025825 0.045973
1 0.287620 0.241565 0.024910 0.044388
1 0.291774 0.389652 0.023313 0.041317
1 0.312088 0.518964 0.027625 0.041183
1 0.538148 0.713314 0.030273 0.055520
1 0.331338 0.951720 0.033845 0.057064
1 0.757074 0.202454 0.027606 0.042760
1 0.718598 0.412777 0.023153 0.047567
1 0.732844 0.392945 0.024934 0.039614
1 0.721807 0.917966 0.029383 0.050747
1 0.710328 0.953683 0.033624 0.053188
1 0.773360 0.939853 0.029387 0.058649
1 0.878332 0.819375 0.032950 0.049136
2 0.312542 0.434169 0.028497 0.045973
2 0.765792 0.641833 0.032055 0.052307
3 0.281381 0.564929 0.032064 0.047592
3 0.725721 0.639455 0.030273 0.057064
4 0.723047 0.522148 0.138921 0.304362
5 0.271268 0.501539 0.150490 0.320210
1 0.220082 0.660193 0.025716 0.048188
1 0.501032 0.948834 0.033836 0.058591
1 0.229284 0.953318 0.032950 0.047576
1 0.129962 0.742173 0.036513 0.049144
