0 0.424272 0.667198 0.079298 0.141007
0 0.585500 0.902576 0.091687 0.145940
0 0.677359 0.906598 0.087253 0.131485
0 0.704350 0.350898 0.074797 0.099866
1 0.085570 0.826065 0.040961 0.050721
1 0.243975 0.160629 0.030278 0.039631
1 0.248296 0.196321 0.029383 0.034874
1 0.189779 0.492093 0.033836 0.058649
1 0.318332 0.396124 0.025825 0.045973
1 0.287620 0.241565 0.024910 0.044388
1 0.294823 0.389656 0.023313 0.041326
1 0.312088 0.518964 0.027625 0.041183
1 0.513935 0.500717 0.030273 0.053901
1 0.522142 0.638247 0.028497 0.057064
1 0.760745 0.209732 0.027606 0.036460
1 0.765719 0.232072 0.024934 0.033289
1 0.682429 0.409190 0.028497 0.045143
1 0.730558 0.388062 0.024934 0.039614
1 0.727769 0.891502 0.032945 0.060235
1 0.720700 0.947211 0.032059 0.057072
1 0.773360 0.939853 0.029387 0.058649
1 0.874670 0.820961 0.032950 0.049136
2 0.312542 0.434169 0.028497 0.045973
2 0.765792 0.641833 0.032055 0.052307
3 0.283082 0.566514 0.032064 0.047592
3 0.725721 0.639455 0.030273 0.057064
4 0.723610 0.522148 0.139576 0.304362
5 0.271880 0.501539 0.150490 0.320210
1 0.605073 0.914497 0.032926 0.061812
1 0.625542 0.875667 0.032950 0.066552
1 0.629995 0.947768 0.032950 0.055503
1 0.229284 0.953318 0.032950 0.047576
1 0.123893 0.748175 0.036513 0.049136
