0 0.683263 0.832286 0.093303 0.164572
0 0.248402 0.675982 0.092347 0.122282
0 0.272104 0.790055 0.098591 0.166267
0 0.604192 0.617630 0.074972 0.136468
1 0.094533 0.819492 0.040961 0.050730
1 0.243975 0.173163 0.030278 0.039631
1 0.245624 0.204643 0.029383 0.034874
1 0.185172 0.497215 0.033841 0.058658
1 0.318332 0.396124 0.025825 0.045973
1 0.287620 0.241565 0.024910 0.044388
1 0.291774 0.389652 0.023313 0.041317
1 0.312088 0.518964 0.027625 0.041183
1 0.538673 0.710545 0.030278 0.055520
1 0.669918 0.938003 0.028497 0.057064
1 0.753897 0.201644 0.027606 0.042768
1 0.718598 0.412777 0.023153 0.047567
1 0.732844 0.392945 0.024934 0.039614
1 0.727488 0.918679 0.029387 0.050747
1 0.710328 0.953683 0.033624 0.053188
1 0.773360 0.939853 0.029387 0.058649
1 0.876499 0.819375 0.032950 0.049136
2 0.312542 0.434169 0.028497 0.045973
2 0.765792 0.641833 0.032055 0.052307
3 0.281381 0.564929 0.032064 0.047592
3 0.725721 0.639455 0.030273 0.057064
4 0.722740 0.522148 0.138921 0.304362
5 0.271400 0.501539 0.150490 0.320210
1 0.225257 0.668465 0.031937 0.060923
1 0.603834 0.836317 0.032041 0.058591
1 0.204552 0.703800 0.024929 0.053926
1 0.229284 0.953318 0.032950 0.047576
1 0.128638 0.743482 0.036513 0.049144
