0 0.245455 0.738515 0.081927 0.144228
0 0.253426 0.851166 0.073911 0.139497
0 0.337474 0.915168 0.085485 0.106208
0 0.704350 0.347198 0.074797 0.099866
1 0.082955 0.827982 0.040961 0.050730
1 0.243975 0.156971 0.030278 0.039631
1 0.243796 0.194136 0.029383 0.034883
1 0.185853 0.471732 0.033836 0.058649
1 0.318332 0.396124 0.025825 0.045973
1 0.286762 0.243582 0.026626 0.048423
1 0.264175 0.432294 0.027116 0.050864
1 0.247210 0.524161 0.032714 0.051292
1 0.513796 0.501493 0.030278 0.053893
1 0.515094 0.639388 0.028492 0.057064
1 0.760047 0.206107 0.027606 0.036460
1 0.763266 0.232802 0.024929 0.033289
1 0.682948 0.391607 0.028497 0.041435
1 0.728513 0.383691 0.024934 0.039614
1 0.727097 0.903482 0.032950 0.060235
1 0.713669 0.949992 0.032059 0.057064
1 0.773360 0.939853 0.029387 0.058649
1 0.874569 0.828205 0.032945 0.049144
2 0.309465 0.429555 0.028497 0.045973
2 0.765792 0.641833 0.032055 0.052307
3 0.283197 0.573813 0.034727 0.055478
3 0.725721 0.639455 0.030273 0.057064
4 0.723501 0.522148 0.139793 0.304362
5 0.272017 0.501539 0.150490 0.320210
1 0.255361 0.913360 0.034727 0.061820
1 0.301699 0.919618 0.030278 0.052307
1 0.272719 0.948746 0.032950 0.041216
1 0.223742 0.952093 0.028794 0.052492
1 0.122509 0.749547 0.036508 0.049144
