0 0.595787 0.894258 0.089114 0.152156
0 0.266602 0.687164 0.091612 0.149849
0 0.332797 0.854375 0.099703 0.145445
0 0.655410 0.825432 0.098907 0.171065
1 0.096649 0.817940 0.040961 0.050730
1 0.243975 0.176124 0.030278 0.039631
1 0.244783 0.208008 0.029387 0.034874
1 0.184086 0.498427 0.033836 0.058649
1 0.318332 0.396124 0.025825 0.045973
1 0.287620 0.241565 0.024910 0.044388
1 0.291774 0.389652 0.023313 0.041317
1 0.312088 0.518964 0.027625 0.041183
1 0.538021 0.713897 0.030273 0.055512
1 0.364225 0.943867 0.033850 0.057064
1 0.756586 0.202328 0.027601 0.042760
1 0.718598 0.412777 0.023153 0.047567
1 0.732844 0.392945 0.024934 0.039614
1 0.721430 0.918813 0.029383 0.050747
1 0.710328 0.953683 0.033624 0.053188
1 0.773360 0.939853 0.029387 0.058649
1 0.878051 0.819375 0.032945 0.049136
2 0.312542 0.434169 0.028497 0.045973
2 0.765792 0.641833 0.032055 0.052307
3 0.281381 0.564929 0.032064 0.047592
3 0.725721 0.639455 0.030273 0.057064
4 0.723047 0.522148 0.138921 0.304362
5 0.271287 0.501539 0.150490 0.320210
1 0.212648 0.671703 0.029406 0.058658
1 0.501503 0.949690 0.033836 0.058591
1 0.217870 0.727475 0.024929 0.053926
1 0.229284 0.953318 0.032950 0.047576
1 0.129757 0.742374 0.036508 0.049144
