1 0.871504 0.146097 0.027602 0.058583
0 0.469598 0.305903 0.085648 0.131250
0 0.502660 0.916215 0.127367 0.167569
0 0.697809 0.149722 0.065070 0.126750
0 0.802574 0.686750 0.100414 0.210000
1 0.351605 0.431910 0.034727 0.060181
1 0.591820 0.539215 0.032078 0.066486
1 0.514273 0.273604 0.032953 0.060153
1 0.543660 0.150118 0.029383 0.050653
1 0.736445 0.127924 0.023156 0.041097
1 0.814871 0.049361 0.023148 0.045917
1 0.936355 0.799174 0.034727 0.066486
1 0.282750 0.183368 0.027609 0.047486
1 0.584621 0.596549 0.032945 0.066486
1 0.513828 0.382826 0.035625 0.066486
2 0.896730 0.622667 0.032055 0.068083
3 0.255594 0.313965 0.028500 0.049069
3 0.790656 0.314285 0.028516 0.045875
4 0.835734 0.435069 0.175422 0.351444
5 0.257375 0.449319 0.174531 0.357778
1 0.634637 0.963778 0.037398 0.060083
1 0.670262 0.981097 0.042758 0.037806
1 0.713738 0.974785 0.046305 0.050431
2 0.584191 0.863340 0.033852 0.068042
