0 0.421934 0.666007 0.079298 0.141007
0 0.571475 0.902576 0.091687 0.145940
0 0.676798 0.906598 0.087253 0.131485
0 0.704350 0.350818 0.074797 0.099874
1 0.085514 0.826107 0.040961 0.050721
1 0.243975 0.160545 0.030278 0.039631
1 0.248195 0.196271 0.029387 0.034874
1 0.189807 0.492060 0.033836 0.058649
1 0.318332 0.396124 0.025825 0.045973
1 0.287620 0.241565 0.024910 0.044388
1 0.294861 0.389656 0.023313 0.041326
1 0.312088 0.518964 0.027625 0.041183
1 0.513933 0.500734 0.030278 0.053901
1 0.521986 0.638272 0.028497 0.057064
1 0.760730 0.209648 0.027606 0.036460
1 0.765667 0.232089 0.024934 0.033289
1 0.682439 0.408805 0.028497 0.045059
1 0.730514 0.387966 0.024929 0.039622
1 0.727754 0.891766 0.032945 0.060243
1 0.720544 0.947273 0.032059 0.057064
1 0.773360 0.939853 0.029387 0.058649
1 0.874472 0.820961 0.032950 0.049136
2 0.312542 0.434169 0.028497 0.045973
2 0.765792 0.641833 0.032055 0.052307
3 0.283372 0.566514 0.032069 0.047592
3 0.725721 0.639455 0.030273 0.057064
4 0.723607 0.522148 0.139581 0.304362
5 0.271880 0.501539 0.150490 0.320210
1 0.591713 0.914497 0.032926 0.061812
1 0.616857 0.883989 0.032950 0.066552
1 0.617307 0.947768 0.032945 0.055503
1 0.229284 0.953318 0.032950 0.047576
1 0.123862 0.748205 0.036508 0.049144
