0 0.363721 0.707613 0.081051 0.137827
0 0.232554 0.827844 0.096136 0.155369
0 0.514225 0.889916 0.090844 0.144245
0 0.704350 0.348725 0.074797 0.099866
1 0.084032 0.827194 0.040966 0.050730
1 0.243975 0.158473 0.030278 0.039631
1 0.245648 0.195038 0.029383 0.034874
1 0.190386 0.490562 0.033836 0.058658
1 0.318332 0.396124 0.025825 0.045973
1 0.287620 0.241565 0.024910 0.044388
1 0.291982 0.388704 0.023134 0.042794
1 0.292201 0.479333 0.027625 0.041183
1 0.513855 0.501174 0.030273 0.053893
1 0.517995 0.638918 0.028497 0.057064
1 0.760335 0.207601 0.027606 0.036460
1 0.764277 0.232500 0.024934 0.033289
1 0.682733 0.398846 0.028492 0.042961
1 0.729357 0.385491 0.024934 0.039622
1 0.727373 0.898549 0.032945 0.060235
1 0.716565 0.948846 0.032055 0.057072
1 0.773360 0.939853 0.029387 0.058649
1 0.872425 0.823431 0.032945 0.049144
2 0.312542 0.434169 0.028497 0.045973
2 0.765792 0.641833 0.032055 0.052307
3 0.282641 0.567441 0.032512 0.048909
3 0.725721 0.639455 0.030273 0.057064
4 0.723546 0.522148 0.139703 0.304362
5 0.271960 0.501539 0.150490 0.320210
1 0.260012 0.865747 0.032926 0.061812
1 0.313433 0.895331 0.030278 0.065260
1 0.295000 0.941867 0.032950 0.054790
1 0.229284 0.953318 0.032950 0.047576
1 0.123080 0.748985 0.036508 0.049144
