0 0.605935 0.706816 0.072201 0.134690
0 0.268787 0.696313 0.096103 0.141166
0 0.328122 0.890721 0.091730 0.153624
0 0.560558 0.497555 0.072163 0.137911
1 0.090726 0.822286 0.040961 0.050730
1 0.243975 0.167836 0.030278 0.039631
1 0.248746 0.198628 0.029387 0.034874
1 0.187130 0.495038 0.033836 0.058649
1 0.318332 0.396124 0.025825 0.045973
1 0.287620 0.241565 0.024910 0.044388
1 0.291774 0.389652 0.023313 0.041317
1 0.312088 0.518964 0.027625 0.041183
1 0.512898 0.541170 0.030273 0.053901
1 0.695445 0.905772 0.028497 0.057064
1 0.750573 0.191435 0.027601 0.036460
1 0.777877 0.225398 0.024934 0.040461
1 0.720064 0.411384 0.023153 0.047567
1 0.732844 0.392945 0.024934 0.039614
1 0.728888 0.889497 0.030811 0.054547
1 0.717132 0.945755 0.033624 0.053188
1 0.773360 0.939853 0.029387 0.058649
1 0.880728 0.820260 0.032945 0.049144
2 0.312542 0.434169 0.028497 0.045973
2 0.765792 0.641833 0.032055 0.052307
3 0.281381 0.564929 0.032064 0.047592
3 0.725721 0.639455 0.030273 0.057064
4 0.723822 0.522148 0.139152 0.304362
5 0.271602 0.501539 0.150490 0.320210
1 0.235525 0.711594 0.032926 0.061812
1 0.772924 0.819404 0.032041 0.058591
1 0.206129 0.745659 0.032945 0.053935
1 0.229284 0.953318 0.032950 0.047576
1 0.126623 0.745478 0.036508 0.049144
