0 0.623296 0.867861 0.099797 0.180956
0 0.253365 0.679031 0.092149 0.129790
0 0.255591 0.811963 0.083341 0.165084
0 0.608004 0.699333 0.092502 0.145243
1 0.095111 0.819073 0.040966 0.050730
1 0.243975 0.173968 0.030278 0.039631
1 0.245396 0.205558 0.029387 0.034874
1 0.184877 0.497546 0.033836 0.058649
1 0.318332 0.396124 0.025825 0.045973
1 0.287620 0.241565 0.024910 0.044388
1 0.291774 0.389652 0.023313 0.041317
1 0.312088 0.518964 0.027625 0.041183
1 0.541590 0.709664 0.030278 0.055520
1 0.543075 0.948574 0.029090 0.057064
1 0.754630 0.201833 0.027601 0.042760
1 0.718598 0.412777 0.023153 0.047567
1 0.732844 0.392945 0.024934 0.039614
1 0.719936 0.922215 0.029383 0.050755
1 0.710328 0.953683 0.033624 0.053188
1 0.773360 0.939853 0.029387 0.058649
1 0.876923 0.819375 0.032950 0.049136
2 0.312542 0.434169 0.028497 0.045973
2 0.765792 0.641833 0.032055 0.052307
3 0.281381 0.564929 0.032064 0.047592
3 0.725721 0.639455 0.030273 0.057064
4 0.723047 0.522148 0.138921 0.304362
5 0.271371 0.501539 0.150490 0.320210
1 0.224307 0.666028 0.031244 0.060310
1 0.555146 0.831560 0.033836 0.058591
1 0.205844 0.702517 0.024929 0.053926
1 0.229284 0.953318 0.032950 0.047576
1 0.128944 0.743180 0.036513 0.049144
