0 0.607938 0.730197 0.072201 0.164807
0 0.267743 0.696934 0.096107 0.141166
0 0.306482 0.878582 0.091730 0.177852
0 0.547868 0.534409 0.072163 0.137911
1 0.090900 0.822160 0.040961 0.050730
1 0.243975 0.168079 0.030278 0.039631
1 0.247069 0.198855 0.029387 0.034874
1 0.187041 0.495138 0.033836 0.058649
1 0.318332 0.396124 0.025825 0.045973
1 0.287620 0.241565 0.024910 0.044388
1 0.291774 0.389652 0.023313 0.041317
1 0.312088 0.518964 0.027625 0.041183
1 0.518688 0.618054 0.030278 0.053893
1 0.695186 0.906049 0.028497 0.057064
1 0.754279 0.186456 0.027606 0.051082
1 0.779149 0.224144 0.024934 0.039664
1 0.719696 0.411728 0.023153 0.047567
1 0.732844 0.392945 0.024934 0.039614
1 0.728926 0.889547 0.030726 0.054329
1 0.716996 0.945755 0.033624 0.053188
1 0.773360 0.939853 0.029387 0.058649
1 0.880422 0.820206 0.032945 0.049136
2 0.312542 0.434169 0.028497 0.045973
2 0.765792 0.641833 0.032055 0.052307
3 0.281381 0.564929 0.032064 0.047592
3 0.725721 0.639455 0.030273 0.057064
4 0.723829 0.522148 0.139138 0.304362
5 0.271593 0.501539 0.150490 0.320210
1 0.232090 0.716686 0.032926 0.061812
1 0.772924 0.820780 0.032041 0.058591
1 0.206510 0.739543 0.032945 0.053935
1 0.229284 0.953318 0.032950 0.047576
1 0.126713 0.745386 0.036508 0.049144
