0 0.572832 0.893586 0.089114 0.152156
0 0.259472 0.689396 0.091461 0.155369
0 0.348188 0.857680 0.096074 0.146871
0 0.646143 0.839320 0.098902 0.171074
1 0.097074 0.817630 0.040961 0.050730
1 0.243975 0.176711 0.030278 0.039631
1 0.244616 0.208679 0.029383 0.034874
1 0.183869 0.498666 0.033836 0.058658
1 0.318332 0.396124 0.025825 0.045973
1 0.287620 0.241565 0.024910 0.044388
1 0.291774 0.389652 0.023313 0.041317
1 0.312088 0.518964 0.027625 0.041183
1 0.538160 0.713255 0.030278 0.055520
1 0.328758 0.951699 0.033850 0.057072
1 0.757123 0.202462 0.027601 0.042760
1 0.718598 0.412777 0.023153 0.047567
1 0.732844 0.392945 0.024934 0.039614
1 0.721843 0.917882 0.029387 0.050747
1 0.710328 0.953683 0.033624 0.053188
1 0.773360 0.939853 0.029387 0.058649
1 0.878360 0.819375 0.032950 0.049136
2 0.312542 0.434169 0.028497 0.045973
2 0.765792 0.641833 0.032055 0.052307
3 0.281381 0.564929 0.032064 0.047592
3 0.725721 0.639455 0.030273 0.057064
4 0.723047 0.522148 0.138921 0.304362
5 0.271265 0.501539 0.150485 0.320210
1 0.220895 0.658951 0.025325 0.047081
1 0.500985 0.948746 0.033836 0.058599
1 0.229284 0.953318 0.032950 0.047576
1 0.129984 0.742156 0.036508 0.049144
