0 0.487241 0.682592 0.079298 0.141007
0 0.564255 0.904614 0.091687 0.145940
0 0.660130 0.913469 0.087253 0.131485
0 0.704350 0.352043 0.074797 0.099874
1 0.086376 0.825474 0.040961 0.050730
1 0.243975 0.161758 0.030278 0.039622
1 0.249684 0.196992 0.029387 0.034874
1 0.189361 0.492555 0.033841 0.058649
1 0.318332 0.396124 0.025825 0.045973
1 0.287620 0.241565 0.024910 0.044388
1 0.294347 0.389656 0.023313 0.041326
1 0.312088 0.518964 0.027625 0.041183
1 0.513980 0.500478 0.030278 0.053893
1 0.524319 0.637894 0.028497 0.057064
1 0.760961 0.210847 0.027606 0.036460
1 0.766477 0.231846 0.024934 0.033289
1 0.682269 0.414622 0.028497 0.046292
1 0.731190 0.389409 0.024934 0.039622
1 0.727971 0.888360 0.032889 0.060092
1 0.720558 0.945755 0.033624 0.053188
1 0.773360 0.939853 0.029387 0.058649
1 0.877432 0.820961 0.032950 0.049136
2 0.312542 0.434169 0.028497 0.045973
2 0.765792 0.641833 0.032055 0.052307
3 0.279001 0.566514 0.032064 0.047592
3 0.725721 0.639455 0.030273 0.057064
4 0.723643 0.522148 0.139510 0.304362
5 0.271833 0.501539 0.150490 0.320210
1 0.601477 0.899899 0.032926 0.061812
1 0.627323 0.782135 0.032950 0.066552
1 0.614559 0.925843 0.032945 0.053935
1 0.229284 0.953318 0.032950 0.047576
1 0.124319 0.747752 0.036508 0.049144
