1 0.212945 0.709719 0.027606 0.049153
0 0.567639 0.899614 0.096560 0.149715
0 0.257215 0.753477 0.101678 0.173582
0 0.289642 0.879291 0.089727 0.161535
0 0.648080 0.844769 0.098902 0.171065
1 0.097938 0.816997 0.040966 0.050721
1 0.243975 0.179807 0.030278 0.039631
1 0.243737 0.212202 0.029387 0.034874
1 0.184887 0.494996 0.033836 0.058649
1 0.318332 0.396124 0.025825 0.045973
1 0.287620 0.241565 0.024910 0.044388
1 0.291774 0.389652 0.023313 0.041317
1 0.312088 0.518964 0.027625 0.041183
1 0.538047 0.720017 0.030278 0.055520
1 0.253881 0.927668 0.033850 0.057064
1 0.755653 0.199312 0.027601 0.042768
1 0.718598 0.412777 0.023153 0.047567
1 0.732844 0.392945 0.024934 0.039614
1 0.723992 0.912991 0.029387 0.050747
1 0.710328 0.953683 0.033624 0.053188
1 0.773360 0.939853 0.029387 0.058649
1 0.879984 0.819375 0.032945 0.049136
2 0.312542 0.434169 0.028497 0.045973
2 0.765792 0.641833 0.032055 0.052307
3 0.281381 0.564929 0.032064 0.047592
3 0.725721 0.639455 0.030273 0.057064
4 0.723047 0.522148 0.138921 0.304362
5 0.271148 0.501539 0.150485 0.320210
1 0.240608 0.644723 0.024939 0.045990
1 0.500113 0.944480 0.033836 0.058591
1 0.229284 0.953318 0.032950 0.047576
1 0.130441 0.741703 0.036508 0.049144
