0 0.640179 0.688687 0.081508 0.145227
0 0.258230 0.690466 0.097941 0.140210
0 0.304114 0.898108 0.087257 0.131485
0 0.617059 0.343914 0.069180 0.106233
1 0.089859 0.822919 0.040961 0.050721
1 0.243975 0.166628 0.030278 0.039631
1 0.261164 0.197622 0.029387 0.034874
1 0.187573 0.494543 0.033836 0.058649
1 0.318332 0.396124 0.025825 0.045973
1 0.287620 0.241565 0.024910 0.044388
1 0.292288 0.389652 0.023313 0.041317
1 0.312088 0.518964 0.027625 0.041183
1 0.515269 0.497894 0.030273 0.053893
1 0.699583 0.851221 0.028497 0.057072
1 0.758459 0.209899 0.027606 0.036460
1 0.769880 0.237336 0.024934 0.044119
1 0.721894 0.409639 0.023148 0.047567
1 0.732844 0.392945 0.024934 0.039614
1 0.728709 0.889270 0.031225 0.055654
1 0.717816 0.945755 0.033624 0.053188
1 0.773360 0.939853 0.029387 0.058649
1 0.882257 0.820529 0.032950 0.049144
2 0.312542 0.434169 0.028497 0.045973
2 0.765792 0.641833 0.032055 0.052307
3 0.280841 0.565252 0.032069 0.047601
3 0.725721 0.639455 0.030273 0.057064
4 0.723787 0.522148 0.139222 0.304362
5 0.271649 0.501539 0.150490 0.320210
1 0.234112 0.704035 0.032926 0.061812
1 0.758254 0.727647 0.030994 0.060461
1 0.227764 0.805059 0.032945 0.053926
1 0.229284 0.953318 0.032950 0.047576
1 0.126164 0.745931 0.036513 0.049144
