0 0.412069 0.664828 0.094420 0.156888
0 0.285412 0.883456 0.098808 0.153826
0 0.558928 0.887085 0.090844 0.163213
0 0.704350 0.349241 0.074797 0.099874
1 0.084397 0.826925 0.040961 0.050730
1 0.243975 0.158985 0.030278 0.039631
1 0.246277 0.195340 0.029387 0.034874
1 0.190379 0.491422 0.033841 0.058649
1 0.318332 0.396124 0.025825 0.045973
1 0.287620 0.241565 0.024910 0.044388
1 0.289731 0.385222 0.023139 0.042794
1 0.305370 0.480482 0.027620 0.041183
1 0.513874 0.501065 0.030273 0.053893
1 0.518980 0.638758 0.028497 0.057064
1 0.760431 0.208104 0.027601 0.036460
1 0.764621 0.232399 0.024934 0.033289
1 0.682660 0.401305 0.028497 0.043482
1 0.729639 0.386103 0.024934 0.039622
1 0.727467 0.896875 0.032945 0.060243
1 0.717547 0.948461 0.032059 0.057072
1 0.773360 0.939853 0.029387 0.058649
1 0.871697 0.821812 0.032950 0.049144
2 0.312542 0.434169 0.028497 0.045973
2 0.765792 0.641833 0.032055 0.052307
3 0.274647 0.569190 0.032064 0.047592
3 0.725721 0.639455 0.030273 0.057064
4 0.723560 0.522148 0.139675 0.304362
5 0.271942 0.501539 0.150490 0.320210
1 0.304984 0.910797 0.032926 0.061812
1 0.340594 0.901556 0.032950 0.066552
1 0.315660 0.949354 0.032950 0.055503
1 0.229284 0.953318 0.032950 0.047576
1 0.123273 0.748792 0.036508 0.049144
