0 0.477227 0.671208 0.079298 0.141007
0 0.382107 0.904438 0.091687 0.145940
0 0.476133 0.906875 0.087253 0.131485
0 0.691522 0.308935 0.075542 0.110319
1 0.087823 0.824417 0.040961 0.050730
1 0.243975 0.163775 0.030278 0.039631
1 0.252168 0.198201 0.029387 0.034874
1 0.188622 0.493381 0.033841 0.058658
1 0.318332 0.396124 0.025825 0.045973
1 0.287620 0.241565 0.024910 0.044388
1 0.293494 0.389656 0.023313 0.041326
1 0.312088 0.518964 0.027625 0.041183
1 0.514055 0.500046 0.030278 0.053901
1 0.516355 0.667613 0.028497 0.057072
1 0.760610 0.211602 0.027601 0.036460
1 0.767832 0.231447 0.024929 0.033297
1 0.716162 0.451619 0.026122 0.047567
1 0.732319 0.391820 0.024929 0.039614
1 0.728278 0.888742 0.032201 0.058255
1 0.719423 0.945755 0.033624 0.053188
1 0.773360 0.939853 0.029387 0.058649
1 0.882368 0.820961 0.032945 0.049136
2 0.312542 0.434169 0.028497 0.045973
2 0.765792 0.641833 0.032055 0.052307
3 0.279571 0.566003 0.032064 0.047592
3 0.725721 0.639455 0.030273 0.057064
4 0.723702 0.522148 0.139392 0.304362
5 0.271758 0.501539 0.150490 0.320210
1 0.421374 0.880369 0.032926 0.061812
1 0.650947 0.685252 0.032950 0.066560
1 0.420629 0.937936 0.032945 0.053926
1 0.229284 0.953318 0.032950 0.047576
1 0.125085 0.746997 0.036513 0.049144
