1 0.222582 0.680050 0.027606 0.049161
0 0.566303 0.900831 0.098619 0.149044
0 0.239722 0.762429 0.107889 0.148784
0 0.276103 0.865440 0.099793 0.155881
0 0.647978 0.844258 0.098907 0.171065
1 0.097938 0.816997 0.040966 0.050721
1 0.243975 0.179186 0.030278 0.039631
1 0.243911 0.211497 0.029387 0.034874
1 0.184406 0.496363 0.033836 0.058649
1 0.318332 0.396124 0.025825 0.045973
1 0.287620 0.241565 0.024910 0.044388
1 0.291774 0.389652 0.023313 0.041317
1 0.312088 0.518964 0.027625 0.041183
1 0.538582 0.712559 0.030273 0.055520
1 0.238329 0.886997 0.033850 0.057064
1 0.756499 0.200440 0.027606 0.042760
1 0.718598 0.412777 0.023153 0.047567
1 0.732844 0.392945 0.024934 0.039614
1 0.723563 0.913968 0.029387 0.050755
1 0.710328 0.953683 0.033624 0.053188
1 0.773360 0.939853 0.029387 0.058649
1 0.879658 0.819375 0.032945 0.049136
2 0.312542 0.434169 0.028497 0.045973
2 0.765792 0.641833 0.032055 0.052307
3 0.281381 0.564929 0.032064 0.047592
3 0.725721 0.639455 0.030273 0.057064
4 0.723047 0.522148 0.138921 0.304362
5 0.271171 0.501539 0.150485 0.320210
1 0.239286 0.644136 0.024943 0.045990
1 0.499025 0.944874 0.033836 0.058591
1 0.229284 0.953318 0.032950 0.047576
1 0.130441 0.741703 0.036508 0.049144
