0 0.609046 0.710386 0.078421 0.141829
0 0.267304 0.694056 0.096107 0.139119
0 0.328120 0.891518 0.096183 0.155218
0 0.570794 0.445247 0.068610 0.122072
1 0.090476 0.822471 0.040961 0.050730
1 0.243975 0.167483 0.030278 0.039631
1 0.252335 0.198335 0.029383 0.034874
1 0.187257 0.494895 0.033836 0.058649
1 0.318332 0.396124 0.025825 0.045973
1 0.287620 0.241565 0.024910 0.044388
1 0.291925 0.389652 0.023313 0.041317
1 0.312088 0.518964 0.027625 0.041183
1 0.515495 0.500310 0.030273 0.053893
1 0.696513 0.908427 0.030537 0.057072
1 0.753287 0.197878 0.027601 0.036460
1 0.775125 0.229836 0.024934 0.042173
1 0.720591 0.410881 0.023153 0.047567
1 0.732844 0.392945 0.024934 0.039614
1 0.728836 0.889434 0.030933 0.054874
1 0.717330 0.945755 0.033624 0.053188
1 0.773360 0.939853 0.029387 0.058649
1 0.881171 0.820336 0.032945 0.049144
2 0.312542 0.434169 0.028497 0.045973
2 0.765792 0.641833 0.032055 0.052307
3 0.281225 0.565021 0.032064 0.047592
3 0.725721 0.639455 0.030273 0.057064
4 0.723812 0.522148 0.139171 0.304362
5 0.271616 0.501539 0.150490 0.320210
1 0.232340 0.704891 0.032926 0.061812
1 0.777377 0.803553 0.032041 0.058599
1 0.208355 0.748037 0.032950 0.053926
1 0.229284 0.953318 0.032950 0.047576
1 0.126489 0.745608 0.036513 0.049136
