0 0.463857 0.675411 0.079298 0.141007
0 0.503617 0.905747 0.091682 0.145940
0 0.594180 0.908398 0.087257 0.131477
0 0.704350 0.353268 0.074797 0.099874
1 0.087243 0.824836 0.040961 0.050730
1 0.243975 0.162970 0.030278 0.039631
1 0.251173 0.197714 0.029387 0.034874
1 0.188916 0.493049 0.033836 0.058649
1 0.318332 0.396124 0.025825 0.045973
1 0.287620 0.241565 0.024910 0.044388
1 0.293834 0.389656 0.023313 0.041326
1 0.312088 0.518964 0.027625 0.041183
1 0.514025 0.500218 0.030273 0.053893
1 0.520224 0.657542 0.028497 0.057064
1 0.761192 0.212043 0.027606 0.036468
1 0.767293 0.231611 0.024934 0.033289
1 0.682095 0.420440 0.028497 0.047508
1 0.731869 0.390860 0.024934 0.039622
1 0.728153 0.888586 0.032479 0.058985
1 0.719880 0.945755 0.033624 0.053188
1 0.773360 0.939853 0.029387 0.058649
1 0.880393 0.820961 0.032945 0.049136
2 0.312542 0.434169 0.028497 0.045973
2 0.765792 0.641833 0.032055 0.052307
3 0.279213 0.566221 0.032064 0.047592
3 0.725721 0.639455 0.030273 0.057064
4 0.723678 0.522148 0.139439 0.304362
5 0.271791 0.501539 0.150490 0.320210
1 0.539918 0.878297 0.032926 0.061812
1 0.639713 0.716745 0.032950 0.066560
1 0.539976 0.932424 0.032950 0.053926
1 0.229284 0.953318 0.032950 0.047576
1 0.124779 0.747299 0.036513 0.049144
