0 0.476180 0.671485 0.079298 0.141007
0 0.390591 0.904534 0.091682 0.145948
0 0.484357 0.906967 0.087253 0.131485
0 0.692439 0.312110 0.075490 0.109572
1 0.087780 0.824442 0.040961 0.050730
1 0.243975 0.163725 0.030278 0.039631
1 0.252102 0.198167 0.029387 0.034874
1 0.188640 0.493356 0.033841 0.058658
1 0.318332 0.396124 0.025825 0.045973
1 0.287620 0.241565 0.024910 0.044388
1 0.293518 0.389656 0.023313 0.041326
1 0.312088 0.518964 0.027625 0.041183
1 0.514053 0.500059 0.030273 0.053893
1 0.516619 0.666963 0.028497 0.057064
1 0.760650 0.211636 0.027606 0.036460
1 0.767797 0.231460 0.024934 0.033289
1 0.714677 0.454295 0.026291 0.047567
1 0.732288 0.391758 0.024934 0.039622
1 0.728268 0.888729 0.032220 0.058297
1 0.719451 0.945755 0.033624 0.053188
1 0.773360 0.939853 0.029387 0.058649
1 0.882236 0.820961 0.032945 0.049136
2 0.312542 0.434169 0.028497 0.045973
2 0.765792 0.641833 0.032055 0.052307
3 0.279548 0.566019 0.032064 0.047592
3 0.725721 0.639455 0.030273 0.057064
4 0.723702 0.522148 0.139392 0.304362
5 0.271762 0.501539 0.150490 0.320210
1 0.429597 0.880088 0.032926 0.061820
1 0.650212 0.687303 0.032950 0.066552
1 0.428907 0.937563 0.032950 0.053935
1 0.229284 0.953318 0.032950 0.047576
1 0.125064 0.747018 0.036508 0.049136
