1 0.873762 0.145090 0.027602 0.058569
0 0.374043 0.435090 0.080180 0.112431
0 0.283039 0.815514 0.107750 0.205750
0 0.621621 0.348014 0.090820 0.183694
0 0.736176 0.722632 0.107086 0.216042
1 0.399402 0.428743 0.034727 0.071236
1 0.572398 0.429979 0.033844 0.066486
1 0.527988 0.293549 0.032945 0.060153
1 0.543660 0.150118 0.029383 0.050653
1 0.736445 0.127944 0.023156 0.041139
1 0.815852 0.045882 0.023156 0.045903
1 0.936355 0.799174 0.034727 0.066486
1 0.282750 0.183368 0.027609 0.047486
1 0.584621 0.596549 0.032945 0.066486
1 0.590410 0.352757 0.035617 0.066486
2 0.896730 0.622667 0.032055 0.068083
3 0.255594 0.313965 0.028500 0.049069
3 0.786805 0.309396 0.028516 0.045875
4 0.835734 0.435069 0.175422 0.351444
5 0.257375 0.449319 0.174531 0.357778
1 0.303082 0.772521 0.037398 0.064903
1 0.223598 0.953521 0.040070 0.052236
1 0.570410 0.932417 0.046305 0.071250
2 0.397973 0.895437 0.048977 0.088653
