0 0.532071 0.673070 0.079298 0.141007
0 0.314533 0.896326 0.091687 0.145940
0 0.404581 0.905013 0.087257 0.131485
0 0.692335 0.319572 0.075707 0.096728
1 0.088723 0.823754 0.040961 0.050730
1 0.243975 0.165042 0.030278 0.039631
1 0.256468 0.198385 0.029383 0.034874
1 0.188157 0.493897 0.033836 0.058649
1 0.318332 0.396124 0.025825 0.045973
1 0.287620 0.241565 0.024910 0.044388
1 0.292957 0.389652 0.023313 0.041317
1 0.312088 0.518964 0.027625 0.041183
1 0.514458 0.499283 0.030273 0.053901
1 0.576751 0.677873 0.028497 0.057072
1 0.759656 0.210847 0.027606 0.036460
1 0.768702 0.232290 0.024934 0.035117
1 0.717568 0.410017 0.023148 0.047567
1 0.732844 0.392945 0.024934 0.039614
1 0.728466 0.888977 0.031767 0.057097
1 0.718711 0.945755 0.033624 0.053188
1 0.773360 0.939853 0.029387 0.058649
1 0.884262 0.820889 0.032945 0.049144
2 0.312542 0.434169 0.028497 0.045973
2 0.765792 0.641833 0.032055 0.052307
3 0.280134 0.565671 0.032069 0.047601
3 0.725721 0.639455 0.030273 0.057064
4 0.723739 0.522148 0.139317 0.304362
5 0.271711 0.501539 0.150490 0.320210
1 0.352071 0.883633 0.032926 0.061812
1 0.619571 0.677513 0.032950 0.066552
1 0.349025 0.941481 0.032950 0.053935
1 0.229284 0.953318 0.032950 0.047576
1 0.125563 0.746527 0.036508 0.049144
