0 0.741572 0.786346 0.091202 0.158465
0 0.246315 0.673049 0.092564 0.114253
0 0.241030 0.778863 0.097394 0.132928
0 0.664880 0.513104 0.087319 0.129950
1 0.093841 0.820000 0.040961 0.050721
1 0.243975 0.172198 0.030278 0.039631
1 0.245900 0.203536 0.029387 0.034874
1 0.185528 0.496820 0.033836 0.058658
1 0.318332 0.396124 0.025825 0.045973
1 0.287620 0.241565 0.024910 0.044388
1 0.291774 0.389652 0.023313 0.041317
1 0.312088 0.518964 0.027625 0.041183
1 0.550299 0.676292 0.030278 0.055520
1 0.684887 0.913695 0.028492 0.057072
1 0.753016 0.201422 0.027606 0.042760
1 0.718598 0.412777 0.023153 0.047567
1 0.732844 0.392945 0.024934 0.039614
1 0.715862 0.908020 0.029387 0.050755
1 0.710328 0.953683 0.033624 0.053188
1 0.773360 0.939853 0.029387 0.058649
1 0.875992 0.819375 0.032945 0.049136
2 0.312542 0.434169 0.028497 0.045973
2 0.765792 0.641833 0.032055 0.052307
3 0.281381 0.564929 0.032064 0.047592
3 0.725721 0.639455 0.030273 0.057064
4 0.722187 0.522148 0.138916 0.304362
5 0.271437 0.501539 0.150490 0.320210
1 0.226397 0.671388 0.032766 0.061669
1 0.707919 0.857450 0.032041 0.058591
1 0.229284 0.953318 0.032950 0.047576
1 0.128273 0.743846 0.036508 0.049136
