0 0.716115 0.737546 0.093577 0.134723
0 0.268273 0.682932 0.092568 0.114253
0 0.255330 0.828754 0.100650 0.167810
0 0.658398 0.540222 0.078407 0.144270
1 0.093167 0.820495 0.040961 0.050721
1 0.243975 0.171250 0.030278 0.039631
1 0.246169 0.202466 0.029387 0.034883
1 0.185874 0.496435 0.033841 0.058658
1 0.318332 0.396124 0.025825 0.045973
1 0.287620 0.241565 0.024910 0.044388
1 0.291774 0.389652 0.023313 0.041317
1 0.312088 0.518964 0.027625 0.041183
1 0.539835 0.697928 0.030273 0.055520
1 0.691798 0.909669 0.028497 0.057072
1 0.752161 0.201204 0.027601 0.042760
1 0.766397 0.227974 0.022578 0.029891
1 0.718598 0.412777 0.023153 0.047567
1 0.732844 0.392945 0.024934 0.039614
1 0.724689 0.898528 0.029642 0.051435
1 0.715205 0.945755 0.033624 0.053188
1 0.773360 0.939853 0.029387 0.058649
1 0.876411 0.819488 0.032945 0.049144
2 0.312542 0.434169 0.028497 0.045973
2 0.765792 0.641833 0.032055 0.052307
3 0.281381 0.564929 0.032064 0.047592
3 0.725721 0.639455 0.030273 0.057064
4 0.723923 0.522148 0.138949 0.304362
5 0.271475 0.501539 0.150490 0.320210
1 0.240172 0.685604 0.032926 0.061812
1 0.755163 0.850101 0.032041 0.058591
1 0.226216 0.736497 0.032950 0.053935
1 0.229284 0.953318 0.032950 0.047576
1 0.127915 0.744199 0.036508 0.049136
