0 0.418815 0.664421 0.079298 0.141007
0 0.550770 0.906141 0.091682 0.145940
0 0.676049 0.906598 0.087253 0.131485
0 0.704350 0.350709 0.074797 0.099874
1 0.085434 0.826162 0.040961 0.050730
1 0.243975 0.160436 0.030278 0.039631
1 0.248063 0.196208 0.029387 0.034883
1 0.189847 0.492018 0.033841 0.058649
1 0.318332 0.396124 0.025825 0.045973
1 0.287620 0.241565 0.024910 0.044388
1 0.294903 0.389656 0.023313 0.041326
1 0.312088 0.518964 0.027625 0.041183
1 0.513928 0.500755 0.030278 0.053893
1 0.521779 0.638305 0.028497 0.057064
1 0.760709 0.209539 0.027601 0.036460
1 0.765594 0.232114 0.024929 0.033289
1 0.682455 0.408289 0.028492 0.044950
1 0.730455 0.387840 0.024934 0.039622
1 0.727736 0.892118 0.032945 0.060243
1 0.720337 0.947353 0.032059 0.057072
1 0.773360 0.939853 0.029387 0.058649
1 0.874208 0.820961 0.032950 0.049136
2 0.312542 0.434169 0.028497 0.045973
2 0.765792 0.641833 0.032055 0.052307
3 0.283761 0.566514 0.032064 0.047592
3 0.725721 0.639455 0.030273 0.057064
4 0.723603 0.522148 0.139590 0.304362
5 0.271885 0.501539 0.150490 0.320210
1 0.573235 0.914497 0.032926 0.061812
1 0.597936 0.887949 0.032950 0.066552
1 0.593709 0.947768 0.032950 0.055503
1 0.229284 0.953318 0.032950 0.047576
1 0.123822 0.748247 0.036513 0.049144
