0 0.568907 0.897076 0.089114 0.152156
0 0.256185 0.697848 0.093134 0.168297
0 0.348228 0.895076 0.099067 0.146074
0 0.646697 0.840797 0.098907 0.171074
1 0.097592 0.817253 0.040961 0.050730
1 0.243975 0.177441 0.030278 0.039631
1 0.244411 0.209509 0.029387 0.034874
1 0.183600 0.498964 0.033836 0.058649
1 0.318332 0.396124 0.025825 0.045973
1 0.287620 0.241565 0.024910 0.044388
1 0.291774 0.389652 0.023313 0.041317
1 0.312088 0.518964 0.027625 0.041183
1 0.538329 0.712466 0.030278 0.055520
1 0.287630 0.948574 0.033845 0.057064
1 0.757783 0.202630 0.027601 0.042760
1 0.718598 0.412777 0.023153 0.047567
1 0.732844 0.392945 0.024934 0.039614
1 0.722349 0.916732 0.029383 0.050747
1 0.710328 0.953683 0.033624 0.053188
1 0.773360 0.939853 0.029387 0.058649
1 0.878742 0.819375 0.032950 0.049136
2 0.312542 0.434169 0.028497 0.045973
2 0.765792 0.641833 0.032055 0.052307
3 0.281381 0.564929 0.032064 0.047592
3 0.725721 0.639455 0.030273 0.057064
4 0.723047 0.522148 0.138921 0.304362
5 0.271239 0.501539 0.150490 0.320210
1 0.228254 0.641393 0.024943 0.045990
1 0.500349 0.947584 0.033836 0.058591
1 0.229284 0.953318 0.032950 0.047576
1 0.130257 0.741883 0.036508 0.049136
