1 0.871625 0.146042 0.027609 0.058583
0 0.502254 0.308292 0.089195 0.107583
0 0.502660 0.916215 0.127367 0.167569
0 0.692262 0.147958 0.065070 0.126750
0 0.801676 0.706806 0.106961 0.207889
1 0.351668 0.431910 0.034727 0.060181
1 0.596844 0.539549 0.032078 0.066486
1 0.530301 0.286271 0.032945 0.060153
1 0.543660 0.150118 0.029383 0.050653
1 0.736445 0.127924 0.023156 0.041097
1 0.814926 0.049174 0.023148 0.045903
1 0.936355 0.799174 0.034727 0.066486
1 0.282750 0.183368 0.027609 0.047486
1 0.584621 0.596549 0.032945 0.066486
1 0.505137 0.398201 0.035617 0.066486
2 0.896730 0.622667 0.032055 0.068083
3 0.255594 0.313965 0.028500 0.049069
3 0.790453 0.314021 0.028516 0.045875
4 0.835734 0.435069 0.175422 0.351444
5 0.257375 0.449319 0.174531 0.357778
1 0.630480 0.943229 0.037398 0.064903
1 0.641176 0.981097 0.042758 0.037806
1 0.682574 0.950354 0.046305 0.071236
2 0.585973 0.859382 0.033852 0.068042
