0 0.416343 0.660071 0.094420 0.156888
0 0.296098 0.897047 0.098803 0.153826
0 0.568009 0.884232 0.090844 0.163213
0 0.704350 0.349404 0.074797 0.099866
1 0.084512 0.826841 0.040966 0.050730
1 0.243975 0.159148 0.030278 0.039622
1 0.246475 0.195440 0.029387 0.034874
1 0.190320 0.491489 0.033836 0.058649
1 0.318332 0.396124 0.025825 0.045973
1 0.287620 0.241565 0.024910 0.044388
1 0.291734 0.386409 0.023139 0.042802
1 0.307797 0.487404 0.027620 0.041183
1 0.513881 0.501032 0.030278 0.053893
1 0.519291 0.638708 0.028497 0.057064
1 0.760462 0.208263 0.027606 0.036460
1 0.764729 0.232366 0.024934 0.033289
1 0.682639 0.402081 0.028492 0.043641
1 0.729731 0.386296 0.024929 0.039622
1 0.727498 0.896346 0.032950 0.060243
1 0.717856 0.948335 0.032055 0.057072
1 0.773360 0.939853 0.029387 0.058649
1 0.871466 0.821300 0.032950 0.049144
2 0.312542 0.434169 0.028497 0.045973
2 0.765792 0.641833 0.032055 0.052307
3 0.276984 0.566221 0.032064 0.047592
3 0.725721 0.639455 0.030273 0.057064
4 0.723565 0.522148 0.139665 0.304362
5 0.271934 0.501539 0.150485 0.320210
1 0.327246 0.925596 0.032926 0.061812
1 0.364632 0.904199 0.032950 0.066552
1 0.339703 0.954111 0.032950 0.055503
1 0.229284 0.953318 0.032950 0.047576
1 0.123334 0.748729 0.036508 0.049136
