0 0.458862 0.684513 0.079298 0.141007
0 0.586093 0.899404 0.091687 0.145940
0 0.677462 0.908184 0.087253 0.131485
0 0.704350 0.351334 0.074797 0.099866
1 0.085877 0.825839 0.040961 0.050721
1 0.243975 0.161057 0.030278 0.039631
1 0.248827 0.196577 0.029387 0.034883
1 0.189618 0.492269 0.033836 0.058649
1 0.318332 0.396124 0.025825 0.045973
1 0.287620 0.241565 0.024910 0.044388
1 0.294644 0.389656 0.023313 0.041326
1 0.312088 0.518964 0.027625 0.041183
1 0.513951 0.500625 0.030278 0.053901
1 0.522971 0.638112 0.028497 0.057064
1 0.760827 0.210151 0.027601 0.036460
1 0.766011 0.231988 0.024934 0.033289
1 0.682368 0.411263 0.028497 0.045579
1 0.730799 0.388578 0.024934 0.039622
1 0.727849 0.890092 0.032945 0.060235
1 0.720954 0.945755 0.033624 0.053188
1 0.773360 0.939853 0.029387 0.058649
1 0.875721 0.820961 0.032950 0.049136
2 0.312542 0.434169 0.028497 0.045973
2 0.765792 0.641833 0.032055 0.052307
3 0.281527 0.566514 0.032064 0.047592
3 0.725721 0.639455 0.030273 0.057064
4 0.723622 0.522148 0.139552 0.304362
5 0.271861 0.501539 0.150490 0.320210
1 0.608857 0.903201 0.032926 0.061820
1 0.630132 0.842374 0.032950 0.066560
1 0.632488 0.924148 0.032950 0.055193
1 0.229284 0.953318 0.032950 0.047576
1 0.124055 0.748016 0.036508 0.049136
