0 0.631522 0.714761 0.093572 0.134723
0 0.258018 0.677227 0.092568 0.114253
0 0.252667 0.793217 0.077512 0.166183
0 0.637359 0.595822 0.086404 0.130017
1 0.092168 0.821229 0.040961 0.050730
1 0.243975 0.169857 0.030278 0.039631
1 0.246565 0.200877 0.029387 0.034874
1 0.186388 0.495864 0.033841 0.058658
1 0.318332 0.396124 0.025825 0.045973
1 0.287620 0.241565 0.024910 0.044388
1 0.291774 0.389652 0.023313 0.041317
1 0.312088 0.518964 0.027625 0.041183
1 0.550902 0.768788 0.030278 0.053901
1 0.693289 0.908070 0.028492 0.057064
1 0.745825 0.196770 0.027606 0.042768
1 0.768617 0.232282 0.027017 0.038507
1 0.718598 0.412777 0.023153 0.047567
1 0.732844 0.392945 0.024934 0.039614
1 0.728565 0.890994 0.030118 0.052710
1 0.715997 0.945755 0.033624 0.053188
1 0.773360 0.939853 0.029387 0.058649
1 0.878179 0.819807 0.032945 0.049144
2 0.312542 0.434169 0.028497 0.045973
2 0.765792 0.641833 0.032055 0.052307
3 0.281381 0.564929 0.032064 0.047592
3 0.725721 0.639455 0.030273 0.057064
4 0.723881 0.522148 0.139034 0.304362
5 0.271527 0.501539 0.150490 0.320210
1 0.235601 0.675134 0.032926 0.061812
1 0.767476 0.834312 0.032041 0.058591
1 0.214974 0.699685 0.032945 0.053935
1 0.229284 0.953318 0.032950 0.047576
1 0.127387 0.744723 0.036508 0.049144
