0 0.287363 0.704207 0.081673 0.137676
0 0.261348 0.871594 0.096136 0.155369
0 0.415127 0.903062 0.089934 0.129060
0 0.704350 0.347932 0.074797 0.099874
1 0.083473 0.827601 0.040961 0.050721
1 0.243975 0.157693 0.030278 0.039631
1 0.244689 0.194568 0.029387 0.034874
1 0.188040 0.480810 0.033836 0.058649
1 0.318332 0.396124 0.025825 0.045973
1 0.287620 0.241565 0.024910 0.044388
1 0.284298 0.391078 0.023139 0.042794
1 0.266513 0.493234 0.027625 0.041183
1 0.513824 0.501338 0.030278 0.053901
1 0.516494 0.639161 0.028492 0.057064
1 0.760184 0.206829 0.027606 0.036460
1 0.763754 0.232659 0.024934 0.033289
1 0.682844 0.395101 0.028497 0.042164
1 0.728918 0.384560 0.024934 0.039622
1 0.727231 0.901103 0.032945 0.060243
1 0.715064 0.949442 0.032059 0.057072
1 0.773360 0.939853 0.029387 0.058649
1 0.873534 0.825906 0.032950 0.049144
2 0.311854 0.428834 0.028497 0.045973
2 0.765792 0.641833 0.032055 0.052307
3 0.280931 0.557311 0.034727 0.055478
3 0.725721 0.639455 0.030273 0.057064
4 0.723523 0.522148 0.139750 0.304362
5 0.271989 0.501539 0.150490 0.320210
1 0.277375 0.901019 0.033827 0.061820
1 0.316461 0.901015 0.030273 0.052315
1 0.292418 0.948192 0.032950 0.044438
1 0.229086 0.953272 0.032799 0.047752
1 0.122783 0.749274 0.036508 0.049136
