0 0.411803 0.660856 0.079298 0.141007
0 0.498235 0.902576 0.091682 0.145940
0 0.654467 0.897869 0.094420 0.152114
0 0.704350 0.350466 0.074797 0.099874
1 0.085264 0.826288 0.040961 0.050730
1 0.243975 0.160201 0.030278 0.039631
1 0.247766 0.196061 0.029387 0.034874
1 0.189934 0.491917 0.033836 0.058649
1 0.318332 0.396124 0.025825 0.045973
1 0.287620 0.241565 0.024910 0.044388
1 0.295007 0.389656 0.023313 0.041326
1 0.311697 0.515017 0.027625 0.041191
1 0.513918 0.500810 0.030278 0.053901
1 0.521312 0.638381 0.028497 0.057064
1 0.760664 0.209304 0.027606 0.036460
1 0.765431 0.232156 0.024934 0.033289
1 0.682491 0.407127 0.028497 0.044706
1 0.730318 0.387546 0.024934 0.039622
1 0.727691 0.892911 0.032950 0.060235
1 0.719873 0.947538 0.032055 0.057072
1 0.773360 0.939853 0.029387 0.058649
1 0.873617 0.820961 0.032945 0.049136
2 0.312542 0.434169 0.028497 0.045973
2 0.765792 0.641833 0.032055 0.052307
3 0.283459 0.565726 0.032064 0.047592
3 0.725721 0.639455 0.030273 0.057064
4 0.723596 0.522148 0.139604 0.304362
5 0.271894 0.501539 0.150490 0.320210
1 0.519588 0.912911 0.032926 0.061812
1 0.544510 0.889929 0.032950 0.066552
1 0.545401 0.947768 0.032950 0.055503
1 0.229284 0.953318 0.032950 0.047576
1 0.123730 0.748339 0.036508 0.049144
