0 0.527462 0.672886 0.079298 0.141007
0 0.316211 0.897634 0.091687 0.145940
0 0.407198 0.905013 0.087253 0.131485
0 0.692632 0.320176 0.075707 0.096728
1 0.088685 0.823779 0.040961 0.050730
1 0.243975 0.164983 0.030278 0.039631
1 0.255945 0.198452 0.029383 0.034874
1 0.188176 0.493876 0.033836 0.058658
1 0.318332 0.396124 0.025825 0.045973
1 0.287620 0.241565 0.024910 0.044388
1 0.292981 0.389652 0.023313 0.041317
1 0.312088 0.518964 0.027625 0.041183
1 0.514432 0.499329 0.030278 0.053893
1 0.574866 0.676753 0.028497 0.057064
1 0.759698 0.210881 0.027606 0.036460
1 0.768664 0.232114 0.024934 0.034815
1 0.718035 0.411275 0.023148 0.047567
1 0.732844 0.392945 0.024934 0.039614
1 0.728459 0.888968 0.031791 0.057148
1 0.718739 0.945755 0.033624 0.053188
1 0.773360 0.939853 0.029387 0.058649
1 0.884331 0.820898 0.032950 0.049144
2 0.312542 0.434169 0.028497 0.045973
2 0.765792 0.641833 0.032055 0.052307
3 0.280111 0.565684 0.032069 0.047592
3 0.725721 0.639455 0.030273 0.057064
4 0.723737 0.522148 0.139321 0.304362
5 0.271711 0.501539 0.150490 0.320210
1 0.354168 0.882701 0.032926 0.061812
1 0.621456 0.677513 0.032950 0.066552
1 0.351329 0.940545 0.032950 0.053926
1 0.229284 0.953318 0.032950 0.047576
1 0.125544 0.746544 0.036508 0.049144
