0 0.596082 0.712978 0.074962 0.134715
0 0.251640 0.673175 0.092564 0.114253
0 0.247771 0.787768 0.077512 0.166191
0 0.622594 0.608238 0.086404 0.130017
1 0.091744 0.821539 0.040961 0.050730
1 0.243975 0.169262 0.030278 0.039631
1 0.246734 0.200197 0.029387 0.034874
1 0.186605 0.495621 0.033841 0.058658
1 0.318332 0.396124 0.025825 0.045973
1 0.287620 0.241565 0.024910 0.044388
1 0.291774 0.389652 0.023313 0.041317
1 0.312088 0.518964 0.027625 0.041183
1 0.541986 0.741963 0.030278 0.053893
1 0.693923 0.907399 0.028497 0.057064
1 0.743530 0.195231 0.027606 0.043129
1 0.776367 0.231275 0.027333 0.039664
1 0.718598 0.412777 0.023153 0.047567
1 0.732844 0.392945 0.024934 0.039614
1 0.729105 0.889765 0.030320 0.053255
1 0.716327 0.945755 0.033624 0.053188
1 0.773360 0.939853 0.029387 0.058649
1 0.878928 0.819941 0.032945 0.049144
2 0.312542 0.434169 0.028497 0.045973
2 0.765792 0.641833 0.032055 0.052307
3 0.281381 0.564929 0.032064 0.047592
3 0.725721 0.639455 0.030273 0.057064
4 0.723864 0.522148 0.139067 0.304362
5 0.271550 0.501539 0.150490 0.320210
1 0.229616 0.675134 0.032926 0.061812
1 0.772689 0.827634 0.032041 0.058591
1 0.210709 0.703423 0.032945 0.053926
1 0.229284 0.953318 0.032950 0.047576
1 0.127161 0.744941 0.036508 0.049144
