0 0.610483 0.712034 0.081296 0.145126
0 0.263513 0.691598 0.096103 0.136032
0 0.328120 0.891888 0.098238 0.155956
0 0.575521 0.421107 0.066970 0.114765
1 0.090358 0.822555 0.040961 0.050730
1 0.243975 0.167324 0.030278 0.039631
1 0.253992 0.198201 0.029387 0.034874
1 0.187316 0.494832 0.033841 0.058658
1 0.318332 0.396124 0.025825 0.045973
1 0.287620 0.241565 0.024910 0.044388
1 0.291991 0.389652 0.023313 0.041317
1 0.312088 0.518964 0.027625 0.041183
1 0.515627 0.497286 0.030273 0.053901
1 0.699503 0.906988 0.031484 0.057064
1 0.754538 0.200847 0.027606 0.036460
1 0.773852 0.231883 0.024934 0.042961
1 0.720836 0.410646 0.023153 0.047567
1 0.732844 0.392945 0.024934 0.039614
1 0.728812 0.889404 0.030990 0.055017
1 0.717420 0.945755 0.033624 0.053188
1 0.773360 0.939853 0.029387 0.058649
1 0.881374 0.820373 0.032945 0.049136
2 0.312542 0.434169 0.028497 0.045973
2 0.765792 0.641833 0.032055 0.052307
3 0.281152 0.565067 0.032069 0.047601
3 0.725721 0.639455 0.030273 0.057064
4 0.723808 0.522148 0.139180 0.304362
5 0.271621 0.501539 0.150490 0.320210
1 0.230874 0.701804 0.032926 0.061812
1 0.779432 0.796237 0.032041 0.058599
1 0.209383 0.749136 0.032950 0.053926
1 0.229284 0.953318 0.032950 0.047576
1 0.126430 0.745671 0.036508 0.049144
