0 0.593301 0.894123 0.089119 0.152156
0 0.266421 0.687366 0.091598 0.150352
0 0.333857 0.854023 0.099788 0.144119
0 0.654373 0.826951 0.098907 0.171065
1 0.096687 0.817915 0.040961 0.050730
1 0.243975 0.176174 0.030278 0.039631
1 0.244769 0.208066 0.029387 0.034874
1 0.184067 0.498448 0.033836 0.058658
1 0.318332 0.396124 0.025825 0.045973
1 0.287620 0.241565 0.024910 0.044388
1 0.291774 0.389652 0.023313 0.041317
1 0.312088 0.518964 0.027625 0.041183
1 0.538035 0.713838 0.030273 0.055512
1 0.360738 0.944283 0.033850 0.057072
1 0.756635 0.202341 0.027606 0.042768
1 0.718598 0.412777 0.023153 0.047567
1 0.732844 0.392945 0.024934 0.039614
1 0.721468 0.918729 0.029383 0.050747
1 0.710328 0.953683 0.033624 0.053188
1 0.773360 0.939853 0.029387 0.058649
1 0.878080 0.819375 0.032945 0.049136
2 0.312542 0.434169 0.028497 0.045973
2 0.765792 0.641833 0.032055 0.052307
3 0.281381 0.564929 0.032064 0.047592
3 0.725721 0.639455 0.030273 0.057064
4 0.723047 0.522148 0.138921 0.304362
5 0.271287 0.501539 0.150490 0.320210
1 0.212771 0.671342 0.029189 0.058087
1 0.501456 0.949606 0.033836 0.058591
1 0.218153 0.728221 0.024929 0.053926
1 0.229284 0.953318 0.032950 0.047576
1 0.129779 0.742357 0.036513 0.049144
