0 0.733617 0.751535 0.093577 0.146124
0 0.264868 0.681279 0.092564 0.114253
0 0.241324 0.808826 0.097267 0.154782
0 0.659305 0.526388 0.077686 0.138549
1 0.093322 0.820382 0.040961 0.050730
1 0.243975 0.171468 0.030278 0.039631
1 0.246107 0.202714 0.029387 0.034874
1 0.185796 0.496523 0.033836 0.058649
1 0.318332 0.396124 0.025825 0.045973
1 0.287620 0.241565 0.024910 0.044388
1 0.291774 0.389652 0.023313 0.041317
1 0.312088 0.518964 0.027625 0.041183
1 0.542107 0.693523 0.030273 0.055520
1 0.691567 0.909912 0.028497 0.057072
1 0.752356 0.201254 0.027606 0.042760
1 0.766056 0.227311 0.021894 0.028565
1 0.718598 0.412777 0.023153 0.047567
1 0.732844 0.392945 0.024934 0.039614
1 0.724095 0.899690 0.029566 0.051242
1 0.715087 0.945755 0.033624 0.053188
1 0.773360 0.939853 0.029387 0.058649
1 0.876140 0.819442 0.032950 0.049136
2 0.312542 0.434169 0.028497 0.045973
2 0.765792 0.641833 0.032055 0.052307
3 0.281381 0.564929 0.032064 0.047592
3 0.725721 0.639455 0.030273 0.057064
4 0.723928 0.522148 0.138940 0.304362
5 0.271466 0.501539 0.150490 0.320210
1 0.238216 0.683867 0.032926 0.061812
1 0.753268 0.852525 0.032041 0.058591
1 0.223049 0.734878 0.032950 0.053935
1 0.229284 0.953318 0.032950 0.047576
1 0.127997 0.744119 0.036513 0.049144
