0 0.469894 0.673163 0.079298 0.141007
0 0.441506 0.905092 0.091682 0.145940
0 0.533699 0.907529 0.087257 0.131485
0 0.697936 0.331128 0.075174 0.105092
1 0.087549 0.824610 0.040961 0.050730
1 0.243975 0.163398 0.030278 0.039631
1 0.251704 0.197974 0.029383 0.034874
1 0.188761 0.493226 0.033836 0.058649
1 0.318332 0.396124 0.025825 0.045973
1 0.287620 0.241565 0.024910 0.044388
1 0.293655 0.389656 0.023313 0.041326
1 0.312088 0.518964 0.027625 0.041183
1 0.514041 0.500130 0.030278 0.053901
1 0.518188 0.663045 0.028497 0.057064
1 0.760895 0.211829 0.027606 0.036460
1 0.767580 0.231523 0.024934 0.033297
1 0.697769 0.447886 0.027309 0.047567
1 0.732109 0.391372 0.024934 0.039622
1 0.728219 0.888670 0.032328 0.058599
1 0.719635 0.945755 0.033624 0.053188
1 0.773360 0.939853 0.029387 0.058649
1 0.881447 0.820961 0.032950 0.049136
2 0.312542 0.434169 0.028497 0.045973
2 0.765792 0.641833 0.032055 0.052307
3 0.279404 0.566103 0.032069 0.047592
3 0.725721 0.639455 0.030273 0.057064
4 0.723690 0.522148 0.139416 0.304362
5 0.271772 0.501539 0.150490 0.320210
1 0.478937 0.878406 0.032926 0.061812
1 0.645811 0.699610 0.032950 0.066552
1 0.478563 0.935323 0.032950 0.053935
1 0.229284 0.953318 0.032950 0.047576
1 0.124941 0.747139 0.036508 0.049144
