0 0.644211 0.703662 0.093577 0.134723
0 0.268539 0.682177 0.092564 0.114253
0 0.276739 0.879182 0.100650 0.167810
0 0.650933 0.560952 0.078407 0.144270
1 0.092611 0.820902 0.040961 0.050730
1 0.243975 0.170470 0.030278 0.039631
1 0.246390 0.201581 0.029387 0.034874
1 0.186162 0.496116 0.033841 0.058658
1 0.318332 0.396124 0.025825 0.045973
1 0.287620 0.241565 0.024910 0.044388
1 0.291774 0.389652 0.023313 0.041317
1 0.312088 0.518964 0.027625 0.041183
1 0.540504 0.740906 0.030273 0.053893
1 0.692630 0.908779 0.028492 0.057072
1 0.748977 0.199014 0.027606 0.042760
1 0.767634 0.230378 0.025052 0.034698
1 0.718598 0.412777 0.023153 0.047567
1 0.732844 0.392945 0.024934 0.039614
1 0.726850 0.894329 0.029910 0.052148
1 0.715648 0.945755 0.033624 0.053188
1 0.773360 0.939853 0.029387 0.058649
1 0.877396 0.819664 0.032945 0.049144
2 0.312542 0.434169 0.028497 0.045973
2 0.765792 0.641833 0.032055 0.052307
3 0.281381 0.564929 0.032064 0.047592
3 0.725721 0.639455 0.030273 0.057064
4 0.723900 0.522148 0.138996 0.304362
5 0.271503 0.501539 0.150490 0.320210
1 0.247260 0.691913 0.032926 0.061812
1 0.762029 0.841296 0.032041 0.058599
1 0.227177 0.733121 0.032950 0.053926
1 0.229284 0.953318 0.032950 0.047576
1 0.127620 0.744488 0.036513 0.049144
