1 0.871367 0.146160 0.027609 0.058569
0 0.441688 0.350278 0.094625 0.128056
0 0.502660 0.916215 0.127367 0.167569
0 0.740340 0.171083 0.077508 0.126750
0 0.813023 0.621868 0.089016 0.208986
1 0.351539 0.431910 0.034719 0.060181
1 0.596000 0.538590 0.032078 0.066486
1 0.495129 0.221354 0.032945 0.060153
1 0.543660 0.150118 0.029383 0.050653
1 0.736445 0.127924 0.023156 0.041097
1 0.814813 0.049576 0.023156 0.045903
1 0.936355 0.799174 0.034727 0.066486
1 0.282750 0.183368 0.027609 0.047486
1 0.584621 0.596549 0.032945 0.066486
1 0.506258 0.370799 0.035625 0.066486
2 0.896730 0.622667 0.032055 0.068083
3 0.255594 0.313965 0.028500 0.049069
3 0.790891 0.314583 0.028516 0.045861
4 0.835734 0.435069 0.175422 0.351444
5 0.257375 0.449319 0.174531 0.357778
1 0.642059 0.979931 0.037398 0.040139
1 0.686590 0.975083 0.042758 0.037806
1 0.748020 0.966868 0.046305 0.050431
2 0.584191 0.863340 0.033852 0.068042
