0 0.698174 0.707471 0.093577 0.134723
0 0.271680 0.684585 0.092568 0.114253
0 0.271223 0.859971 0.100646 0.167810
0 0.654015 0.551934 0.078407 0.144270
1 0.093016 0.820608 0.040961 0.050730
1 0.243975 0.171040 0.030278 0.039631
1 0.246228 0.202219 0.029383 0.034874
1 0.185952 0.496346 0.033836 0.058649
1 0.318332 0.396124 0.025825 0.045973
1 0.287620 0.241565 0.024910 0.044388
1 0.291774 0.389652 0.023313 0.041317
1 0.312088 0.518964 0.027625 0.041183
1 0.541126 0.714690 0.030273 0.055352
1 0.692026 0.909421 0.028492 0.057064
1 0.751852 0.201061 0.027606 0.042760
1 0.766737 0.228637 0.023256 0.031216
1 0.718598 0.412777 0.023153 0.047567
1 0.732844 0.392945 0.024934 0.039614
1 0.725287 0.897370 0.029717 0.051636
1 0.715328 0.945755 0.033624 0.053188
1 0.773360 0.939853 0.029387 0.058649
1 0.876685 0.819539 0.032945 0.049144
2 0.312542 0.434169 0.028497 0.045973
2 0.765792 0.641833 0.032055 0.052307
3 0.281381 0.564929 0.032064 0.047592
3 0.725721 0.639455 0.030273 0.057064
4 0.723916 0.522148 0.138963 0.304362
5 0.271480 0.501539 0.150490 0.320210
1 0.242125 0.687349 0.032931 0.061812
1 0.757057 0.847668 0.032041 0.058591
1 0.228061 0.736967 0.032945 0.053935
1 0.229284 0.953318 0.032950 0.047576
1 0.127835 0.744279 0.036508 0.049144
