0 0.609286 0.710659 0.078902 0.142374
0 0.266673 0.693645 0.096107 0.138599
0 0.328120 0.891581 0.096522 0.155344
0 0.571581 0.441225 0.068336 0.120856
1 0.090457 0.822483 0.040961 0.050721
1 0.243975 0.167458 0.030278 0.039631
1 0.252611 0.198318 0.029387 0.034874
1 0.187267 0.494887 0.033836 0.058649
1 0.318332 0.396124 0.025825 0.045973
1 0.287620 0.241565 0.024910 0.044388
1 0.291934 0.389652 0.023313 0.041317
1 0.312088 0.518964 0.027625 0.041183
1 0.515695 0.497169 0.030278 0.053901
1 0.697012 0.908188 0.030697 0.057064
1 0.753497 0.198372 0.027606 0.036460
1 0.774913 0.230176 0.024934 0.042299
1 0.720631 0.410839 0.023148 0.047567
1 0.732844 0.392945 0.024934 0.039614
1 0.728831 0.889425 0.030943 0.054891
1 0.717344 0.945755 0.033624 0.053188
1 0.773360 0.939853 0.029387 0.058649
1 0.881204 0.820344 0.032945 0.049144
2 0.312542 0.434169 0.028497 0.045973
2 0.765792 0.641833 0.032055 0.052307
3 0.281211 0.565029 0.032064 0.047592
3 0.725721 0.639455 0.030273 0.057064
4 0.723810 0.522148 0.139175 0.304362
5 0.271616 0.501539 0.150490 0.320210
1 0.232097 0.704379 0.032931 0.061812
1 0.777717 0.802332 0.032041 0.058591
1 0.208527 0.748221 0.032945 0.053926
1 0.229284 0.953318 0.032950 0.047576
1 0.126480 0.745621 0.036513 0.049144
