1 0.872762 0.145535 0.027602 0.058569
0 0.395195 0.434222 0.092625 0.121944
0 0.300395 0.850458 0.143102 0.217139
0 0.716102 0.343125 0.088906 0.155861
0 0.658504 0.658236 0.119383 0.178833
1 0.352871 0.429535 0.034727 0.060181
1 0.684504 0.514757 0.033836 0.066486
1 0.528723 0.292243 0.032945 0.060153
1 0.543660 0.150118 0.029383 0.050653
1 0.736445 0.127938 0.023156 0.041125
1 0.815418 0.047424 0.023148 0.045903
1 0.936355 0.799174 0.034727 0.066486
1 0.282750 0.183368 0.027609 0.047486
1 0.584621 0.596549 0.032945 0.066486
1 0.478051 0.380965 0.035617 0.066486
2 0.896730 0.622667 0.032055 0.068083
3 0.255594 0.313965 0.028500 0.049069
3 0.788508 0.311562 0.028516 0.045875
4 0.835734 0.435069 0.175422 0.351444
5 0.257375 0.449319 0.174531 0.357778
1 0.336543 0.862854 0.037398 0.064903
1 0.508043 0.940056 0.040070 0.066500
1 0.571754 0.931160 0.046305 0.071236
2 0.419148 0.912125 0.040953 0.079194
