1 0.209847 0.719643 0.027601 0.049153
0 0.568106 0.899190 0.095844 0.149958
0 0.259227 0.754031 0.093308 0.186820
0 0.299776 0.872177 0.081673 0.161535
0 0.648115 0.844950 0.098907 0.171074
1 0.097938 0.816997 0.040966 0.050721
1 0.243975 0.180025 0.030278 0.039631
1 0.243676 0.212445 0.029387 0.034874
1 0.185054 0.494518 0.033841 0.058649
1 0.318332 0.396124 0.025825 0.045973
1 0.287620 0.241565 0.024910 0.044388
1 0.291774 0.389652 0.023313 0.041317
1 0.312088 0.518964 0.027625 0.041183
1 0.538292 0.716955 0.030278 0.055520
1 0.271795 0.944232 0.033845 0.057072
1 0.755358 0.198922 0.027606 0.042760
1 0.718598 0.412777 0.023153 0.047567
1 0.732844 0.392945 0.024934 0.039614
1 0.724142 0.912651 0.029387 0.050755
1 0.710328 0.953683 0.033624 0.053188
1 0.773360 0.939853 0.029387 0.058649
1 0.880094 0.819375 0.032950 0.049136
2 0.312542 0.434169 0.028497 0.045973
2 0.765792 0.641833 0.032055 0.052307
3 0.281381 0.564929 0.032064 0.047592
3 0.725721 0.639455 0.030273 0.057064
4 0.723047 0.522148 0.138921 0.304362
5 0.271140 0.501539 0.150490 0.320210
1 0.241067 0.644929 0.024943 0.045982
1 0.500495 0.944341 0.033836 0.058599
1 0.229284 0.953318 0.032950 0.047576
1 0.130441 0.741703 0.036508 0.049144
