0 0.651336 0.703662 0.093577 0.134723
0 0.269680 0.682940 0.092564 0.114253
0 0.280624 0.886095 0.100646 0.167810
0 0.651140 0.560210 0.078407 0.144279
1 0.092686 0.820847 0.040961 0.050721
1 0.243975 0.170579 0.030278 0.039631
1 0.246357 0.201699 0.029387 0.034874
1 0.186122 0.496162 0.033836 0.058649
1 0.318332 0.396124 0.025825 0.045973
1 0.287620 0.241565 0.024910 0.044388
1 0.291774 0.389652 0.023313 0.041317
1 0.312088 0.518964 0.027625 0.041183
1 0.539910 0.736682 0.030273 0.053901
1 0.692514 0.908901 0.028497 0.057064
1 0.749524 0.199404 0.027606 0.042768
1 0.767462 0.230046 0.024708 0.034035
1 0.718598 0.412777 0.023153 0.047567
1 0.732844 0.392945 0.024934 0.039614
1 0.726553 0.894908 0.029873 0.052047
1 0.715587 0.945755 0.033624 0.053188
1 0.773360 0.939853 0.029387 0.058649
1 0.877262 0.819639 0.032950 0.049144
2 0.312542 0.434169 0.028497 0.045973
2 0.765792 0.641833 0.032055 0.052307
3 0.281381 0.564929 0.032064 0.047592
3 0.725721 0.639455 0.030273 0.057064
4 0.723902 0.522148 0.138992 0.304362
5 0.271499 0.501539 0.150490 0.320210
1 0.246279 0.691044 0.032926 0.061820
1 0.761082 0.842508 0.032041 0.058591
1 0.229121 0.735428 0.032945 0.053926
1 0.229284 0.953318 0.032950 0.047576
1 0.127660 0.744451 0.036508 0.049136
