1 0.874203 0.144896 0.027609 0.058569
0 0.497516 0.421632 0.080172 0.112431
0 0.402187 0.519292 0.103953 0.200111
0 0.668043 0.331125 0.074477 0.152028
0 0.708684 0.679889 0.081055 0.180528
1 0.533387 0.426826 0.034727 0.071236
1 0.573605 0.428840 0.033836 0.066486
1 0.527664 0.294118 0.032953 0.060153
1 0.543660 0.150118 0.029383 0.050653
1 0.736445 0.127944 0.023156 0.041139
1 0.816043 0.045201 0.023148 0.045903
1 0.936355 0.799174 0.034727 0.066486
1 0.282750 0.183368 0.027609 0.047486
1 0.584621 0.596549 0.032945 0.066486
1 0.663426 0.368590 0.035617 0.066486
2 0.897621 0.622667 0.032055 0.068083
3 0.255594 0.313965 0.028500 0.049069
3 0.786055 0.308437 0.028516 0.045875
4 0.835734 0.435069 0.175422 0.351444
5 0.257375 0.449319 0.174531 0.357778
1 0.424484 0.471743 0.037406 0.064903
1 0.221137 0.953521 0.040070 0.052236
1 0.569816 0.932965 0.046305 0.071236
2 0.398348 0.895521 0.048977 0.088653
