1 0.207912 0.725843 0.027606 0.049153
0 0.568398 0.898926 0.095391 0.150101
0 0.260485 0.754379 0.088077 0.195101
0 0.311697 0.864417 0.076645 0.161535
0 0.648139 0.845059 0.098907 0.171074
1 0.097938 0.816997 0.040966 0.050721
1 0.243975 0.180159 0.030278 0.039631
1 0.243638 0.212596 0.029387 0.034874
1 0.185158 0.494220 0.033841 0.058658
1 0.318332 0.396124 0.025825 0.045973
1 0.287620 0.241565 0.024910 0.044388
1 0.291774 0.389652 0.023313 0.041317
1 0.312088 0.518964 0.027625 0.041183
1 0.538447 0.715042 0.030278 0.055520
1 0.286725 0.946988 0.033845 0.057064
1 0.755174 0.198674 0.027606 0.042768
1 0.718598 0.412777 0.023153 0.047567
1 0.732844 0.392945 0.024934 0.039614
1 0.724234 0.912437 0.029383 0.050747
1 0.710328 0.953683 0.033624 0.053188
1 0.773360 0.939853 0.029387 0.058649
1 0.880165 0.819375 0.032950 0.049136
2 0.312542 0.434169 0.028497 0.045973
2 0.765792 0.641833 0.032055 0.052307
3 0.281381 0.564929 0.032064 0.047592
3 0.725721 0.639455 0.030273 0.057064
4 0.723047 0.522148 0.138921 0.304362
5 0.271136 0.501539 0.150490 0.320210
1 0.241298 0.645029 0.024943 0.045982
1 0.500730 0.944253 0.033836 0.058591
1 0.229284 0.953318 0.032950 0.047576
1 0.130441 0.741703 0.036508 0.049144
