0 0.354187 0.179347 0.072125 0.099722
0 0.329508 0.862597 0.113984 0.215278
0 0.679555 0.152819 0.064109 0.123472
0 0.790352 0.816694 0.087266 0.193139
1 0.531051 0.426715 0.034727 0.071236
1 0.576887 0.425729 0.033836 0.066486
1 0.526785 0.295687 0.032945 0.060153
1 0.543660 0.150118 0.029383 0.050653
1 0.736445 0.127958 0.023156 0.041167
1 0.816563 0.043354 0.023156 0.045903
1 0.936355 0.799174 0.034727 0.066486
1 0.282750 0.183368 0.027609 0.047486
1 0.584621 0.596549 0.032945 0.066486
1 0.674957 0.428882 0.035617 0.066486
2 0.837746 0.797701 0.032055 0.068069
3 0.319324 0.204993 0.028492 0.049069
3 0.700359 0.122181 0.027609 0.045917
4 0.835734 0.435069 0.175422 0.351444
5 0.254910 0.450778 0.174539 0.357778
1 0.428340 0.439076 0.037398 0.064903
1 0.214441 0.953521 0.040070 0.052236
1 0.568207 0.934465 0.046305 0.071236
2 0.399363 0.895729 0.048977 0.088653
