0 0.577307 0.674673 0.079298 0.141007
0 0.285537 0.870977 0.082780 0.167441
0 0.370681 0.908410 0.087253 0.131485
0 0.690111 0.315042 0.075707 0.096728
1 0.089015 0.823540 0.040961 0.050721
1 0.243975 0.165445 0.030278 0.039631
1 0.260396 0.197924 0.029387 0.034874
1 0.188009 0.494060 0.033841 0.058658
1 0.318332 0.396124 0.025825 0.045973
1 0.287620 0.241565 0.024910 0.044388
1 0.292787 0.389652 0.023313 0.041317
1 0.312088 0.518964 0.027625 0.041183
1 0.514665 0.498930 0.030273 0.053901
1 0.606906 0.677273 0.028497 0.057064
1 0.759352 0.210604 0.027601 0.036460
1 0.769003 0.233570 0.024934 0.037408
1 0.719769 0.407945 0.023148 0.047567
1 0.732844 0.392945 0.024934 0.039614
1 0.728530 0.889052 0.031631 0.056728
1 0.718480 0.945755 0.033624 0.053188
1 0.773360 0.939853 0.029387 0.058649
1 0.883754 0.820797 0.032945 0.049144
2 0.312542 0.434169 0.028497 0.045973
2 0.765792 0.641833 0.032055 0.052307
3 0.280316 0.565566 0.032064 0.047592
3 0.725721 0.639455 0.030273 0.057064
4 0.723751 0.522148 0.139293 0.304362
5 0.271697 0.501539 0.150490 0.320210
1 0.311216 0.897286 0.032931 0.061820
1 0.633617 0.659962 0.029769 0.065411
1 0.315912 0.950604 0.032945 0.053926
1 0.229284 0.953318 0.032950 0.047576
1 0.125716 0.746376 0.036513 0.049144
