0 0.299988 0.700482 0.081051 0.137827
0 0.251998 0.855738 0.096136 0.155369
0 0.451256 0.892743 0.086395 0.137903
0 0.704350 0.348205 0.074797 0.099866
1 0.083666 0.827462 0.040961 0.050730
1 0.243975 0.157961 0.030278 0.039631
1 0.245019 0.194727 0.029387 0.034874
1 0.188848 0.484174 0.033841 0.058649
1 0.318332 0.396124 0.025825 0.045973
1 0.287620 0.241565 0.024910 0.044388
1 0.290033 0.390004 0.023139 0.042794
1 0.274434 0.480013 0.027625 0.041183
1 0.513834 0.501284 0.030278 0.053893
1 0.517012 0.639077 0.028492 0.057064
1 0.760236 0.207097 0.027606 0.036460
1 0.763933 0.232601 0.024934 0.033289
1 0.682806 0.396393 0.028497 0.042450
1 0.729069 0.384878 0.024934 0.039622
1 0.727279 0.900222 0.032945 0.060243
1 0.715582 0.949237 0.032059 0.057064
1 0.773360 0.939853 0.029387 0.058649
1 0.873153 0.825050 0.032950 0.049144
2 0.310940 0.427034 0.028497 0.045965
2 0.765792 0.641833 0.032055 0.052307
3 0.281287 0.551951 0.034731 0.055478
3 0.725721 0.639455 0.030273 0.057064
4 0.723532 0.522148 0.139731 0.304362
5 0.271979 0.501539 0.150490 0.320210
1 0.272033 0.896149 0.032926 0.061812
1 0.313433 0.901481 0.030278 0.052961
1 0.293308 0.946007 0.032950 0.048003
1 0.229284 0.953318 0.032950 0.047576
1 0.122886 0.749174 0.036508 0.049136
