0 0.425007 0.653989 0.093238 0.153700
0 0.328155 0.904161 0.091682 0.145940
0 0.581308 0.883599 0.090844 0.163205
0 0.704350 0.349593 0.074797 0.099874
1 0.084647 0.826741 0.040961 0.050730
1 0.243975 0.159337 0.030278 0.039631
1 0.246708 0.195549 0.029383 0.034874
1 0.190252 0.491565 0.033841 0.058649
1 0.318332 0.396124 0.025825 0.045973
1 0.287620 0.241565 0.024910 0.044388
1 0.294072 0.387798 0.023139 0.042794
1 0.309614 0.493985 0.027625 0.041191
1 0.513888 0.500990 0.030273 0.053893
1 0.519654 0.638649 0.028497 0.057064
1 0.760500 0.208448 0.027606 0.036460
1 0.764854 0.232332 0.024929 0.033289
1 0.682613 0.402987 0.028497 0.043826
1 0.729837 0.386518 0.024934 0.039614
1 0.727533 0.895730 0.032945 0.060235
1 0.718219 0.948192 0.032055 0.057072
1 0.773360 0.939853 0.029387 0.058649
1 0.871510 0.820961 0.032945 0.049136
2 0.312542 0.434169 0.028497 0.045973
2 0.765792 0.641833 0.032055 0.052307
3 0.279713 0.562752 0.032064 0.047601
3 0.725721 0.639455 0.030273 0.057064
4 0.723572 0.522148 0.139651 0.304362
5 0.271927 0.501539 0.150490 0.320210
1 0.353959 0.920310 0.032931 0.061812
1 0.386004 0.903670 0.032950 0.066552
1 0.378586 0.954111 0.032950 0.055503
1 0.229284 0.953318 0.032950 0.047576
1 0.123405 0.748658 0.036508 0.049144
