1 0.871582 0.146062 0.027602 0.058569
0 0.490500 0.305931 0.089203 0.119917
0 0.502660 0.916215 0.127367 0.167569
0 0.693508 0.146917 0.065078 0.126750
0 0.800676 0.704826 0.104508 0.208681
1 0.351645 0.431910 0.034727 0.060181
1 0.589496 0.539549 0.032070 0.066486
1 0.524961 0.285313 0.032953 0.060153
1 0.543660 0.150118 0.029383 0.050653
1 0.736445 0.127924 0.023156 0.041097
1 0.814906 0.049243 0.023156 0.045903
1 0.936355 0.799174 0.034727 0.066486
1 0.282750 0.183368 0.027609 0.047486
1 0.584621 0.596549 0.032945 0.066486
1 0.510266 0.403410 0.035625 0.066486
2 0.896730 0.622667 0.032055 0.068083
3 0.255594 0.313965 0.028500 0.049069
3 0.790531 0.314118 0.028516 0.045875
4 0.835734 0.435069 0.175422 0.351444
5 0.257375 0.449319 0.174531 0.357778
1 0.636934 0.949958 0.037398 0.064917
1 0.655871 0.981097 0.042758 0.037806
1 0.695043 0.960986 0.046305 0.068750
2 0.584191 0.863340 0.033852 0.068042
