0 0.744260 0.765474 0.093582 0.163230
0 0.259694 0.675105 0.092564 0.114253
0 0.236866 0.794719 0.104204 0.156686
0 0.669185 0.505445 0.085975 0.129950
1 0.093516 0.820239 0.040961 0.050730
1 0.243975 0.171737 0.030278 0.039631
1 0.246030 0.203016 0.029383 0.034874
1 0.185697 0.496632 0.033836 0.058649
1 0.318332 0.396124 0.025825 0.045973
1 0.287620 0.241565 0.024910 0.044388
1 0.291774 0.389652 0.023313 0.041317
1 0.312088 0.518964 0.027625 0.041183
1 0.547849 0.685638 0.030278 0.055520
1 0.691279 0.910222 0.028497 0.057072
1 0.752601 0.201313 0.027606 0.042760
1 0.765627 0.226481 0.021037 0.026904
1 0.718598 0.412777 0.023153 0.047567
1 0.732844 0.392945 0.024934 0.039614
1 0.723348 0.901137 0.029477 0.050998
1 0.714932 0.945755 0.033624 0.053188
1 0.773360 0.939853 0.029387 0.058649
1 0.875799 0.819379 0.032945 0.049144
2 0.312542 0.434169 0.028497 0.045973
2 0.765792 0.641833 0.032055 0.052307
3 0.281381 0.564929 0.032064 0.047592
3 0.725721 0.639455 0.030273 0.057064
4 0.723937 0.522148 0.138921 0.304362
5 0.271456 0.501539 0.150490 0.320210
1 0.235770 0.681686 0.032926 0.061812
1 0.750898 0.855562 0.032041 0.058591
1 0.209470 0.732978 0.032945 0.053926
1 0.229284 0.953318 0.032950 0.047576
1 0.128098 0.744018 0.036508 0.049144
