1 0.871672 0.146021 0.027609 0.058569
0 0.502262 0.309590 0.089680 0.110181
0 0.502660 0.916215 0.127367 0.167569
0 0.691020 0.148986 0.065070 0.126750
0 0.802941 0.708660 0.109789 0.195736
1 0.351687 0.431910 0.034719 0.060181
1 0.603148 0.537444 0.032078 0.066500
1 0.533738 0.284910 0.032945 0.060153
1 0.543660 0.150118 0.029383 0.050653
1 0.736445 0.127924 0.023156 0.041097
1 0.814945 0.049104 0.023156 0.045903
1 0.936355 0.799174 0.034727 0.066486
1 0.282750 0.183368 0.027609 0.047486
1 0.584621 0.596549 0.032945 0.066486
1 0.500004 0.392993 0.035617 0.066486
2 0.896730 0.622667 0.032055 0.068083
3 0.255594 0.313965 0.028500 0.049069
3 0.790375 0.313924 0.028516 0.045875
4 0.835734 0.435069 0.175422 0.351444
5 0.257375 0.449319 0.174531 0.357778
1 0.620387 0.939271 0.037398 0.064903
1 0.627520 0.981097 0.042758 0.037806
1 0.670551 0.942965 0.046305 0.071236
2 0.587754 0.852792 0.033852 0.068056
