0 0.449771 0.678867 0.079298 0.141007
0 0.585834 0.900793 0.091687 0.145948
0 0.679046 0.906598 0.087253 0.131485
0 0.704350 0.351145 0.074797 0.099874
1 0.085745 0.825935 0.040961 0.050730
1 0.243975 0.160872 0.030278 0.039631
1 0.248593 0.196464 0.029383 0.034874
1 0.189689 0.492194 0.033836 0.058649
1 0.318332 0.396124 0.025825 0.045973
1 0.287620 0.241565 0.024910 0.044388
1 0.294724 0.389656 0.023313 0.041326
1 0.312088 0.518964 0.027625 0.041183
1 0.513944 0.500667 0.030273 0.053901
1 0.522608 0.638171 0.028497 0.057064
1 0.760792 0.209966 0.027606 0.036460
1 0.765884 0.232026 0.024934 0.033297
1 0.682394 0.410352 0.028492 0.045386
1 0.730695 0.388352 0.024934 0.039622
1 0.727813 0.890709 0.032950 0.060243
1 0.721166 0.947026 0.032059 0.057072
1 0.773360 0.939853 0.029387 0.058649
1 0.875262 0.820961 0.032945 0.049136
2 0.312542 0.434169 0.028497 0.045973
2 0.765792 0.641833 0.032055 0.052307
3 0.282205 0.566514 0.032064 0.047592
3 0.725721 0.639455 0.030273 0.057064
4 0.723617 0.522148 0.139562 0.304362
5 0.271871 0.501539 0.150490 0.320210
1 0.609244 0.904241 0.032926 0.061820
1 0.628454 0.861397 0.032950 0.066552
1 0.635097 0.928314 0.032945 0.055503
1 0.229284 0.953318 0.032950 0.047576
1 0.123984 0.748087 0.036508 0.049144
