0 0.620577 0.676275 0.079298 0.141007
0 0.268134 0.835831 0.079218 0.176040
0 0.331246 0.908498 0.087253 0.131477
0 0.688329 0.311418 0.075707 0.096728
1 0.089246 0.823372 0.040961 0.050721
1 0.243975 0.165763 0.030278 0.039631
1 0.263539 0.197546 0.029387 0.034874
1 0.187889 0.494195 0.033836 0.058658
1 0.318332 0.396124 0.025825 0.045973
1 0.287620 0.241565 0.024910 0.044388
1 0.292651 0.389652 0.023313 0.041317
1 0.312088 0.518964 0.027625 0.041183
1 0.514830 0.498645 0.030273 0.053901
1 0.649465 0.674761 0.028497 0.057072
1 0.759109 0.210411 0.027606 0.036460
1 0.769244 0.234602 0.024934 0.039237
1 0.723195 0.408406 0.023148 0.047567
1 0.732844 0.392945 0.024934 0.039614
1 0.728577 0.889111 0.031517 0.056443
1 0.718301 0.945755 0.033624 0.053188
1 0.773360 0.939853 0.029387 0.058649
1 0.883346 0.820726 0.032950 0.049136
2 0.312542 0.434169 0.028497 0.045973
2 0.765792 0.641833 0.032055 0.052307
3 0.280457 0.565478 0.032064 0.047601
3 0.725721 0.639455 0.030273 0.057064
4 0.723761 0.522148 0.139274 0.304362
5 0.271682 0.501539 0.150490 0.320210
1 0.274352 0.880889 0.032926 0.061812
1 0.666381 0.647181 0.028501 0.064950
1 0.278794 0.946984 0.032950 0.053935
1 0.229284 0.953318 0.032950 0.047576
1 0.125836 0.746250 0.036508 0.049144
