1 0.873730 0.145104 0.027602 0.058569
0 0.366621 0.434299 0.080180 0.112431
0 0.281797 0.820521 0.112094 0.205764
0 0.610934 0.335361 0.090820 0.158389
0 0.735910 0.720674 0.105883 0.212625
1 0.391684 0.427424 0.034727 0.071236
1 0.571719 0.433028 0.033844 0.066500
1 0.528012 0.293507 0.032945 0.060153
1 0.543660 0.150118 0.029383 0.050653
1 0.736445 0.127944 0.023156 0.041139
1 0.815840 0.045931 0.023148 0.045917
1 0.936355 0.799174 0.034727 0.066486
1 0.282750 0.183368 0.027609 0.047486
1 0.584621 0.596549 0.032945 0.066486
1 0.581504 0.352757 0.035617 0.066486
2 0.896730 0.622667 0.032055 0.068083
3 0.255594 0.313965 0.028500 0.049069
3 0.786855 0.309458 0.028508 0.045861
4 0.835734 0.435069 0.175422 0.351444
5 0.257375 0.449319 0.174531 0.357778
1 0.302566 0.779778 0.037398 0.064917
1 0.223770 0.953521 0.040070 0.052236
1 0.570449 0.932382 0.046305 0.071236
2 0.397949 0.895437 0.048977 0.088653
