0 0.431562 0.649207 0.092644 0.152106
0 0.363179 0.902047 0.091682 0.145940
0 0.598820 0.885185 0.090844 0.163205
0 0.704350 0.349811 0.074797 0.099874
1 0.084802 0.826628 0.040961 0.050721
1 0.243975 0.159555 0.030278 0.039631
1 0.246972 0.195675 0.029383 0.034874
1 0.190172 0.491653 0.033841 0.058658
1 0.318332 0.396124 0.025825 0.045973
1 0.287620 0.241565 0.024910 0.044388
1 0.295280 0.389656 0.023313 0.041326
1 0.310134 0.499241 0.027620 0.041183
1 0.513895 0.500944 0.030278 0.053901
1 0.520068 0.638582 0.028497 0.057064
1 0.760540 0.208666 0.027601 0.036460
1 0.764998 0.232290 0.024934 0.033289
1 0.682580 0.404023 0.028497 0.044052
1 0.729955 0.386774 0.024934 0.039622
1 0.727571 0.895025 0.032945 0.060235
1 0.718631 0.948029 0.032059 0.057064
1 0.773360 0.939853 0.029387 0.058649
1 0.872038 0.820961 0.032945 0.049136
2 0.312542 0.434169 0.028497 0.045973
2 0.765792 0.641833 0.032055 0.052307
3 0.281084 0.562555 0.032064 0.047592
3 0.725721 0.639455 0.030273 0.057064
4 0.723577 0.522148 0.139642 0.304362
5 0.271918 0.501539 0.150490 0.320210
1 0.387500 0.912911 0.032926 0.061812
1 0.415391 0.891514 0.032950 0.066552
1 0.413909 0.943540 0.032945 0.055503
1 0.229284 0.953318 0.032950 0.047576
1 0.123485 0.748578 0.036508 0.049136
