1 0.874004 0.144986 0.027602 0.058583
0 0.490660 0.427285 0.080883 0.112431
0 0.377133 0.588604 0.107750 0.205764
0 0.663289 0.338431 0.100609 0.158389
0 0.737254 0.728035 0.114633 0.222736
1 0.520027 0.427743 0.034727 0.071236
1 0.573063 0.429354 0.033844 0.066486
1 0.527809 0.293861 0.032945 0.060167
1 0.543660 0.150118 0.029383 0.050653
1 0.736445 0.127944 0.023156 0.041139
1 0.815957 0.045507 0.023148 0.045903
1 0.936355 0.799174 0.034727 0.066486
1 0.282750 0.183368 0.027609 0.047486
1 0.584621 0.596549 0.032945 0.066486
1 0.640723 0.355924 0.035617 0.066486
2 0.896730 0.622667 0.032055 0.068083
3 0.255594 0.313965 0.028500 0.049069
3 0.786391 0.308868 0.028516 0.045875
4 0.835734 0.435069 0.175422 0.351444
5 0.257375 0.449319 0.174531 0.357778
1 0.391832 0.545090 0.037398 0.064903
1 0.222238 0.953521 0.040070 0.052236
1 0.570082 0.932715 0.046305 0.071236
2 0.398184 0.895479 0.048977 0.088653
