0 0.414178 0.660856 0.079298 0.141007
0 0.486065 0.902576 0.091687 0.145940
0 0.650313 0.894962 0.093228 0.155814
0 0.704350 0.350411 0.074797 0.099866
1 0.085226 0.826317 0.040961 0.050721
1 0.243975 0.160143 0.030278 0.039631
1 0.247700 0.196028 0.029387 0.034874
1 0.189955 0.491896 0.033841 0.058658
1 0.318332 0.396124 0.025825 0.045973
1 0.287620 0.241565 0.024910 0.044388
1 0.295031 0.389656 0.023313 0.041326
1 0.311567 0.513704 0.027620 0.041183
1 0.513918 0.500818 0.030278 0.053901
1 0.521209 0.638398 0.028497 0.057064
1 0.760653 0.209245 0.027601 0.036460
1 0.765396 0.232173 0.024929 0.033289
1 0.682498 0.406862 0.028492 0.044648
1 0.730290 0.387483 0.024934 0.039614
1 0.727679 0.893087 0.032945 0.060235
1 0.719769 0.947580 0.032055 0.057072
1 0.773360 0.939853 0.029387 0.058649
1 0.873485 0.820961 0.032945 0.049136
2 0.312542 0.434169 0.028497 0.045973
2 0.765792 0.641833 0.032055 0.052307
3 0.283261 0.565457 0.032064 0.047592
3 0.725721 0.639455 0.030273 0.057064
4 0.723596 0.522148 0.139604 0.304362
5 0.271897 0.501539 0.150485 0.320210
1 0.508009 0.912383 0.032926 0.061812
1 0.533228 0.887286 0.032950 0.066552
1 0.533824 0.945654 0.032945 0.055503
1 0.229284 0.953318 0.032950 0.047576
1 0.123711 0.748356 0.036508 0.049144
