0 0.611918 0.713679 0.084166 0.148414
0 0.259722 0.689140 0.096107 0.132961
0 0.328120 0.892253 0.100292 0.156686
0 0.580243 0.396967 0.065330 0.107458
1 0.090245 0.822638 0.040961 0.050730
1 0.243975 0.167164 0.030278 0.039631
1 0.255646 0.198066 0.029387 0.034874
1 0.187375 0.494765 0.033836 0.058658
1 0.318332 0.396124 0.025825 0.045973
1 0.287620 0.241565 0.024910 0.044388
1 0.292059 0.389652 0.023318 0.041317
1 0.312088 0.518964 0.027625 0.041183
1 0.515544 0.497424 0.030278 0.053893
1 0.702493 0.905549 0.032422 0.057072
1 0.755792 0.203826 0.027606 0.036460
1 0.772582 0.233930 0.024929 0.043750
1 0.721079 0.410419 0.023148 0.047567
1 0.732844 0.392945 0.024934 0.039614
1 0.728787 0.889371 0.031041 0.055168
1 0.717512 0.945755 0.033629 0.053188
1 0.773360 0.939853 0.029387 0.058649
1 0.881579 0.820411 0.032950 0.049144
2 0.312542 0.434169 0.028497 0.045973
2 0.765792 0.641833 0.032055 0.052307
3 0.281079 0.565109 0.032064 0.047601
3 0.725721 0.639455 0.030273 0.057064
4 0.723803 0.522148 0.139189 0.304362
5 0.271631 0.501539 0.150490 0.320210
1 0.229404 0.698708 0.032926 0.061812
1 0.781487 0.788922 0.032041 0.058599
1 0.210412 0.750231 0.032945 0.053935
1 0.229284 0.953318 0.032950 0.047576
1 0.126369 0.745730 0.036508 0.049144
