0 0.414204 0.662454 0.094420 0.156888
0 0.290756 0.890252 0.098808 0.153826
0 0.563471 0.885659 0.090844 0.163213
0 0.704350 0.349320 0.074797 0.099866
1 0.084453 0.826883 0.040961 0.050730
1 0.243975 0.159069 0.030278 0.039631
1 0.246376 0.195390 0.029387 0.034874
1 0.190351 0.491456 0.033841 0.058649
1 0.318332 0.396124 0.025825 0.045973
1 0.287620 0.241565 0.024910 0.044388
1 0.290733 0.385818 0.023134 0.042794
1 0.306583 0.483943 0.027625 0.041191
1 0.513876 0.501049 0.030278 0.053893
1 0.519135 0.638733 0.028497 0.057064
1 0.760448 0.208188 0.027606 0.036460
1 0.764672 0.232383 0.024934 0.033289
1 0.682651 0.401695 0.028497 0.043557
1 0.729687 0.386195 0.024934 0.039622
1 0.727481 0.896611 0.032945 0.060235
1 0.717700 0.948398 0.032055 0.057064
1 0.773360 0.939853 0.029387 0.058649
1 0.871581 0.821560 0.032945 0.049144
2 0.312542 0.434169 0.028497 0.045973
2 0.765792 0.641833 0.032055 0.052307
3 0.275815 0.567706 0.032064 0.047592
3 0.725721 0.639455 0.030273 0.057064
4 0.723563 0.522148 0.139670 0.304362
5 0.271937 0.501539 0.150490 0.320210
1 0.314333 0.916871 0.032926 0.061812
1 0.351277 0.903406 0.032950 0.066560
1 0.325900 0.953314 0.032950 0.055503
1 0.229284 0.953318 0.032950 0.047576
1 0.123301 0.748758 0.036508 0.049144
