1 0.873066 0.145403 0.027602 0.058583
0 0.399430 0.432639 0.102391 0.121944
0 0.300539 0.844306 0.144297 0.223111
0 0.697324 0.344889 0.092633 0.167833
0 0.653605 0.673278 0.119383 0.178833
1 0.371793 0.420833 0.034727 0.060167
1 0.656305 0.564882 0.033844 0.066486
1 0.528500 0.292632 0.032953 0.060153
1 0.543660 0.150118 0.029383 0.050653
1 0.736445 0.127938 0.023156 0.041125
1 0.815551 0.046958 0.023148 0.045917
1 0.936355 0.799174 0.034727 0.066486
1 0.282750 0.183368 0.027609 0.047486
1 0.584621 0.596549 0.032945 0.066486
1 0.477652 0.380271 0.035617 0.066486
2 0.896730 0.622667 0.032055 0.068083
3 0.255594 0.313965 0.028500 0.049069
3 0.787992 0.310903 0.028516 0.045861
4 0.835734 0.435069 0.175422 0.351444
5 0.257375 0.449319 0.174531 0.357778
1 0.337516 0.857479 0.037406 0.064903
1 0.383371 0.944806 0.040070 0.066500
1 0.571348 0.931542 0.046305 0.071250
2 0.403379 0.881604 0.048977 0.088653
