1 0.873246 0.145326 0.027602 0.058569
0 0.398414 0.428972 0.088656 0.132528
0 0.277539 0.832694 0.144297 0.223111
0 0.613617 0.338556 0.092625 0.167833
0 0.717086 0.680792 0.122906 0.191556
1 0.373578 0.454868 0.034734 0.071236
1 0.622762 0.571215 0.033836 0.066486
1 0.528363 0.292868 0.032945 0.060153
1 0.543660 0.150118 0.029383 0.050653
1 0.736445 0.127938 0.023156 0.041125
1 0.815629 0.046674 0.023148 0.045903
1 0.936355 0.799174 0.034727 0.066486
1 0.282750 0.183368 0.027609 0.047486
1 0.584621 0.596549 0.032945 0.066486
1 0.472074 0.389340 0.035617 0.066486
2 0.896730 0.622667 0.032055 0.068083
3 0.255594 0.313965 0.028500 0.049069
3 0.787680 0.310507 0.028516 0.045875
4 0.835734 0.435069 0.175422 0.351444
5 0.257375 0.449319 0.174531 0.357778
1 0.318816 0.888618 0.037398 0.064903
1 0.226480 0.953521 0.040070 0.052236
1 0.571098 0.931771 0.046305 0.071236
2 0.400105 0.889472 0.048977 0.088639
