0 0.616854 0.676133 0.079298 0.141007
0 0.269199 0.843440 0.079218 0.176040
0 0.333918 0.909132 0.087253 0.131485
0 0.688478 0.311720 0.075702 0.096728
1 0.089225 0.823385 0.040966 0.050730
1 0.243975 0.165738 0.030278 0.039631
1 0.263278 0.197580 0.029383 0.034874
1 0.187901 0.494182 0.033841 0.058649
1 0.318332 0.396124 0.025825 0.045973
1 0.287620 0.241565 0.024910 0.044388
1 0.292663 0.389652 0.023318 0.041317
1 0.312088 0.518964 0.027625 0.041183
1 0.514816 0.498670 0.030273 0.053901
1 0.645417 0.674908 0.028497 0.057064
1 0.759128 0.210428 0.027606 0.036460
1 0.769222 0.234518 0.024929 0.039086
1 0.722910 0.408364 0.023153 0.047567
1 0.732844 0.392945 0.024934 0.039614
1 0.728572 0.889107 0.031527 0.056468
1 0.718315 0.945755 0.033624 0.053188
1 0.773360 0.939853 0.029387 0.058649
1 0.883379 0.820730 0.032950 0.049144
2 0.312542 0.434169 0.028497 0.045973
2 0.765792 0.641833 0.032055 0.052307
3 0.280445 0.565487 0.032069 0.047601
3 0.725721 0.639455 0.030273 0.057064
4 0.723761 0.522148 0.139274 0.304362
5 0.271682 0.501539 0.150490 0.320210
1 0.278089 0.888180 0.032926 0.061812
1 0.663223 0.647903 0.028501 0.064950
1 0.282533 0.950151 0.032945 0.053926
1 0.229284 0.953318 0.032950 0.047576
1 0.125827 0.746263 0.036508 0.049136
