1 0.871941 0.145896 0.027602 0.058569
0 0.494258 0.328139 0.092734 0.140944
0 0.481734 0.916215 0.127359 0.167569
0 0.683555 0.155194 0.065078 0.126750
0 0.796602 0.653417 0.095859 0.185111
1 0.351824 0.431910 0.034727 0.060181
1 0.633574 0.556174 0.032070 0.066486
1 0.529324 0.291174 0.032945 0.060153
1 0.543660 0.150118 0.029383 0.050653
1 0.736445 0.127931 0.023156 0.041111
1 0.815063 0.048688 0.023156 0.045903
1 0.936355 0.799174 0.034727 0.066486
1 0.282750 0.183368 0.027609 0.047486
1 0.584621 0.596549 0.032945 0.066486
1 0.485789 0.416951 0.035625 0.066486
2 0.896730 0.622667 0.032055 0.068083
3 0.255594 0.313965 0.028500 0.049069
3 0.789906 0.313333 0.028516 0.045861
4 0.835734 0.435069 0.175422 0.351444
5 0.257375 0.449319 0.174531 0.357778
1 0.520504 0.933729 0.037398 0.064903
1 0.547457 0.979514 0.042758 0.040972
1 0.594863 0.917507 0.046305 0.071236
2 0.555246 0.915583 0.033852 0.068056
