0 0.708320 0.802731 0.086442 0.148951
0 0.245919 0.674459 0.092451 0.118515
0 0.280064 0.791430 0.088073 0.132106
0 0.630457 0.573620 0.085551 0.137844
1 0.094246 0.819706 0.040961 0.050721
1 0.243975 0.172760 0.030278 0.039631
1 0.245740 0.204182 0.029387 0.034874
1 0.185320 0.497051 0.033836 0.058649
1 0.318332 0.396124 0.025825 0.045973
1 0.287620 0.241565 0.024910 0.044388
1 0.291774 0.389652 0.023313 0.041317
1 0.312088 0.518964 0.027625 0.041183
1 0.541393 0.694161 0.030278 0.055520
1 0.681642 0.924002 0.028497 0.057064
1 0.753530 0.201552 0.027606 0.042768
1 0.764006 0.223335 0.017795 0.020612
1 0.718598 0.412777 0.023153 0.047567
1 0.732844 0.392945 0.024934 0.039614
1 0.718598 0.907345 0.029383 0.050747
1 0.710328 0.953683 0.033624 0.053188
1 0.773360 0.939853 0.029387 0.058649
1 0.876289 0.819375 0.032945 0.049136
2 0.312542 0.434169 0.028497 0.045973
2 0.765792 0.641833 0.032055 0.052307
3 0.281381 0.564929 0.032064 0.047592
3 0.725721 0.639455 0.030273 0.057064
4 0.722509 0.522148 0.138921 0.304362
5 0.271416 0.501539 0.150485 0.320210
1 0.225735 0.669685 0.032281 0.061233
1 0.626887 0.828918 0.032041 0.058591
1 0.203907 0.704442 0.024929 0.053935
1 0.229284 0.953318 0.032950 0.047576
1 0.128485 0.743633 0.036508 0.049144
