0 0.742220 0.760717 0.093582 0.163230
0 0.261362 0.677487 0.092564 0.114253
0 0.238202 0.797093 0.104199 0.156686
0 0.665181 0.512580 0.081965 0.129958
1 0.093454 0.820281 0.040961 0.050730
1 0.243975 0.171653 0.030278 0.039631
1 0.246053 0.202924 0.029383 0.034874
1 0.185726 0.496602 0.033836 0.058658
1 0.318332 0.396124 0.025825 0.045973
1 0.287620 0.241565 0.024910 0.044388
1 0.291774 0.389652 0.023313 0.041317
1 0.312088 0.518964 0.027625 0.041183
1 0.545846 0.688616 0.030278 0.055520
1 0.691364 0.910130 0.028497 0.057072
1 0.752528 0.201296 0.027601 0.042760
1 0.765756 0.226732 0.021296 0.027408
1 0.718598 0.412777 0.023153 0.047567
1 0.732844 0.392945 0.024934 0.039614
1 0.723572 0.900705 0.029500 0.051074
1 0.714979 0.945755 0.033624 0.053188
1 0.773360 0.939853 0.029387 0.058649
1 0.875902 0.819400 0.032945 0.049136
2 0.312542 0.434169 0.028497 0.045973
2 0.765792 0.641833 0.032055 0.052307
3 0.281381 0.564929 0.032064 0.047592
3 0.725721 0.639455 0.030273 0.057064
4 0.723935 0.522148 0.138926 0.304362
5 0.271456 0.501539 0.150490 0.320210
1 0.236501 0.682341 0.032926 0.061812
1 0.751609 0.854652 0.032041 0.058599
1 0.214145 0.732978 0.032945 0.053926
1 0.229284 0.953318 0.032950 0.047576
1 0.128068 0.744048 0.036513 0.049136
