0 0.430495 0.645780 0.082837 0.152131
0 0.431449 0.904161 0.091682 0.145940
0 0.625092 0.887563 0.090844 0.163213
0 0.704350 0.350138 0.074797 0.099874
1 0.085033 0.826460 0.040961 0.050721
1 0.243975 0.159874 0.030278 0.039631
1 0.247370 0.195868 0.029387 0.034874
1 0.190054 0.491787 0.033841 0.058658
1 0.318332 0.396124 0.025825 0.045973
1 0.287620 0.241565 0.024910 0.044388
1 0.295144 0.389656 0.023313 0.041326
1 0.310914 0.507131 0.027625 0.041191
1 0.513907 0.500877 0.030273 0.053901
1 0.520690 0.638482 0.028497 0.057064
1 0.760601 0.208985 0.027601 0.036460
1 0.765214 0.232223 0.024934 0.033289
1 0.682535 0.405570 0.028492 0.044379
1 0.730139 0.387160 0.024934 0.039622
1 0.727632 0.893968 0.032945 0.060235
1 0.719253 0.947785 0.032059 0.057064
1 0.773360 0.939853 0.029387 0.058649
1 0.872828 0.820961 0.032950 0.049136
2 0.312542 0.434169 0.028497 0.045973
2 0.765792 0.641833 0.032055 0.052307
3 0.282271 0.564140 0.032064 0.047592
3 0.725721 0.639455 0.030273 0.057064
4 0.723586 0.522148 0.139623 0.304362
5 0.271909 0.501539 0.150490 0.320210
1 0.450130 0.909740 0.032926 0.061812
1 0.479505 0.882005 0.032950 0.066560
1 0.479505 0.936669 0.032950 0.055503
1 0.229284 0.953318 0.032950 0.047576
1 0.123607 0.748456 0.036508 0.049144
