1 0.873293 0.145299 0.027602 0.058569
0 0.399562 0.429306 0.089422 0.141361
0 0.262695 0.817389 0.144297 0.223111
0 0.593141 0.327472 0.092625 0.167833
0 0.719273 0.681653 0.122906 0.191556
1 0.403855 0.472271 0.034727 0.071236
1 0.612668 0.568049 0.033836 0.066486
1 0.528332 0.292937 0.032945 0.060153
1 0.543660 0.150118 0.029383 0.050653
1 0.736445 0.127938 0.023156 0.041125
1 0.815648 0.046604 0.023156 0.045903
1 0.936355 0.799174 0.034727 0.066486
1 0.282750 0.183368 0.027609 0.047486
1 0.584621 0.596549 0.032945 0.066486
1 0.470410 0.392090 0.035617 0.066486
2 0.896730 0.622667 0.032055 0.068083
3 0.255594 0.313965 0.028500 0.049069
3 0.787605 0.310410 0.028508 0.045875
4 0.835734 0.435069 0.175422 0.351444
5 0.257375 0.449319 0.174531 0.357778
1 0.309910 0.893361 0.037398 0.064917
1 0.226230 0.953521 0.040070 0.052236
1 0.571043 0.931826 0.046305 0.071236
2 0.399293 0.891438 0.048977 0.088653
