1 0.872215 0.145778 0.027602 0.058583
0 0.458477 0.394625 0.100703 0.166250
0 0.422520 0.914972 0.127367 0.170056
0 0.685203 0.191986 0.071734 0.133306
0 0.797891 0.638417 0.111328 0.185111
1 0.351957 0.431910 0.034727 0.060181
1 0.655242 0.532694 0.032078 0.066500
1 0.529121 0.291528 0.032945 0.060167
1 0.543660 0.150118 0.029383 0.050653
1 0.736445 0.127931 0.023156 0.041111
1 0.815184 0.048264 0.023148 0.045917
1 0.936355 0.799174 0.034727 0.066486
1 0.282750 0.183368 0.027609 0.047486
1 0.584621 0.596549 0.032945 0.066486
1 0.518137 0.430125 0.035617 0.066500
2 0.896730 0.622667 0.032055 0.068083
3 0.255594 0.313965 0.028500 0.049069
3 0.789445 0.312743 0.028516 0.045875
4 0.835734 0.435069 0.175422 0.351444
5 0.257375 0.449319 0.174531 0.357778
1 0.464090 0.947188 0.037398 0.064903
1 0.511605 0.989417 0.040070 0.021167
1 0.572488 0.930479 0.046305 0.071236
2 0.510281 0.940382 0.033844 0.068042
