1 0.873473 0.145222 0.027602 0.058583
0 0.398973 0.432715 0.080180 0.112431
0 0.274156 0.821437 0.121375 0.215014
0 0.581211 0.328465 0.081016 0.167847
0 0.734422 0.698618 0.102859 0.191625
1 0.419883 0.429535 0.034734 0.071236
1 0.583879 0.527424 0.033836 0.066486
1 0.528199 0.293174 0.032945 0.060153
1 0.543660 0.150118 0.029383 0.050653
1 0.736445 0.127938 0.023156 0.041125
1 0.815727 0.046326 0.023156 0.045903
1 0.936355 0.799174 0.034727 0.066486
1 0.282750 0.183368 0.027609 0.047486
1 0.584621 0.596549 0.032945 0.066486
1 0.480879 0.364896 0.035617 0.066486
2 0.896730 0.622667 0.032055 0.068083
3 0.255594 0.313965 0.028500 0.049069
3 0.787297 0.310021 0.028516 0.045875
4 0.835734 0.435069 0.175422 0.351444
5 0.257375 0.449319 0.174531 0.357778
1 0.299988 0.893361 0.037398 0.064917
1 0.225207 0.953521 0.040070 0.052236
1 0.570793 0.932056 0.046305 0.071250
2 0.397730 0.895382 0.048977 0.088653
