0 0.713862 0.802731 0.086442 0.148951
0 0.244764 0.673750 0.092498 0.116762
0 0.275834 0.783213 0.087304 0.129782
0 0.639453 0.559434 0.086927 0.131703
1 0.094109 0.819803 0.040961 0.050730
1 0.243975 0.172567 0.030278 0.039631
1 0.245792 0.203964 0.029387 0.034874
1 0.185391 0.496976 0.033836 0.058649
1 0.318332 0.396124 0.025825 0.045973
1 0.287620 0.241565 0.024910 0.044388
1 0.291774 0.389652 0.023313 0.041317
1 0.312088 0.518964 0.027625 0.041183
1 0.544164 0.690461 0.030278 0.055520
1 0.680603 0.915986 0.028492 0.057072
1 0.753360 0.201506 0.027606 0.042760
1 0.718598 0.412777 0.023153 0.047567
1 0.732844 0.392945 0.024934 0.039614
1 0.714095 0.903645 0.029387 0.050747
1 0.710328 0.953683 0.033624 0.053188
1 0.773360 0.939853 0.029387 0.058649
1 0.876190 0.819375 0.032945 0.049136
2 0.312542 0.434169 0.028497 0.045973
2 0.765792 0.641833 0.032055 0.052307
3 0.281381 0.564929 0.032064 0.047592
3 0.725721 0.639455 0.030273 0.057064
4 0.722401 0.522148 0.138921 0.304362
5 0.271423 0.501539 0.150490 0.320210
1 0.225954 0.670256 0.032446 0.061384
1 0.646972 0.832617 0.032041 0.058591
1 0.201706 0.705096 0.024929 0.053935
1 0.229284 0.953318 0.032950 0.047576
1 0.128414 0.743708 0.036508 0.049144
