0 0.709903 0.802731 0.086442 0.148951
0 0.245591 0.674253 0.092465 0.118020
0 0.279729 0.790147 0.087300 0.129773
0 0.633028 0.569564 0.085943 0.136091
1 0.094208 0.819736 0.040961 0.050730
1 0.243975 0.172701 0.030278 0.039631
1 0.245754 0.204119 0.029387 0.034883
1 0.185339 0.497030 0.033836 0.058658
1 0.318332 0.396124 0.025825 0.045973
1 0.287620 0.241565 0.024910 0.044388
1 0.291774 0.389652 0.023313 0.041317
1 0.312088 0.518964 0.027625 0.041183
1 0.542184 0.693104 0.030278 0.055520
1 0.681345 0.921711 0.028497 0.057064
1 0.753483 0.201539 0.027606 0.042760
1 0.718598 0.412777 0.023153 0.047567
1 0.732844 0.392945 0.024934 0.039614
1 0.717311 0.906288 0.029383 0.050747
1 0.710328 0.953683 0.033624 0.053188
1 0.773360 0.939853 0.029387 0.058649
1 0.876261 0.819375 0.032945 0.049136
2 0.312542 0.434169 0.028497 0.045973
2 0.765792 0.641833 0.032055 0.052307
3 0.281381 0.564929 0.032064 0.047592
3 0.725721 0.639455 0.030273 0.057064
4 0.722476 0.522148 0.138921 0.304362
5 0.271418 0.501539 0.150490 0.320210
1 0.225796 0.669849 0.032328 0.061275
1 0.632627 0.829975 0.032041 0.058591
1 0.203278 0.704631 0.024934 0.053926
1 0.229284 0.953318 0.032950 0.047576
1 0.128466 0.743658 0.036508 0.049144
