0 0.609050 0.737731 0.072201 0.164807
0 0.267394 0.697143 0.096107 0.141166
0 0.297844 0.869299 0.091730 0.180545
0 0.543193 0.541149 0.072163 0.137919
1 0.090957 0.822118 0.040961 0.050730
1 0.243975 0.168163 0.030278 0.039631
1 0.247045 0.198947 0.029387 0.034874
1 0.187010 0.495172 0.033841 0.058649
1 0.318332 0.396124 0.025825 0.045973
1 0.287620 0.241565 0.024910 0.044388
1 0.291774 0.389652 0.023313 0.041317
1 0.312088 0.518964 0.027625 0.041183
1 0.520024 0.634698 0.030273 0.053893
1 0.695101 0.906141 0.028497 0.057064
1 0.757111 0.187529 0.027606 0.050545
1 0.779149 0.224933 0.024934 0.039664
1 0.719576 0.411846 0.023148 0.047567
1 0.732844 0.392945 0.024934 0.039614
1 0.728937 0.889560 0.030702 0.054253
1 0.716949 0.945755 0.033624 0.053188
1 0.773360 0.939853 0.029387 0.058649
1 0.880320 0.820185 0.032950 0.049144
2 0.312542 0.434169 0.028497 0.045973
2 0.765792 0.641833 0.032055 0.052307
3 0.281381 0.564929 0.032064 0.047592
3 0.725721 0.639455 0.030273 0.057064
4 0.723831 0.522148 0.139133 0.304362
5 0.271593 0.501539 0.150490 0.320210
1 0.230945 0.718381 0.032926 0.061812
1 0.772924 0.821233 0.032041 0.058591
1 0.206638 0.737504 0.032945 0.053935
1 0.229284 0.953318 0.032950 0.047576
1 0.126746 0.745357 0.036508 0.049136
