0 0.725066 0.746464 0.093572 0.134723
0 0.266569 0.682102 0.092564 0.114253
0 0.246668 0.818662 0.095844 0.159237
0 0.658947 0.533058 0.078402 0.144270
1 0.093247 0.820440 0.040961 0.050730
1 0.243975 0.171359 0.030278 0.039631
1 0.246136 0.202588 0.029387 0.034874
1 0.185834 0.496481 0.033836 0.058649
1 0.318332 0.396124 0.025825 0.045973
1 0.287620 0.241565 0.024910 0.044388
1 0.291774 0.389652 0.023313 0.041317
1 0.312088 0.518964 0.027625 0.041183
1 0.540681 0.694794 0.030278 0.055512
1 0.691680 0.909790 0.028497 0.057064
1 0.752260 0.201229 0.027601 0.042760
1 0.766225 0.227643 0.022234 0.029228
1 0.718598 0.412777 0.023153 0.047567
1 0.732844 0.392945 0.024934 0.039614
1 0.724392 0.899111 0.029604 0.051342
1 0.715144 0.945755 0.033624 0.053188
1 0.773360 0.939853 0.029387 0.058649
1 0.876275 0.819467 0.032945 0.049136
2 0.312542 0.434169 0.028497 0.045973
2 0.765792 0.641833 0.032055 0.052307
3 0.281381 0.564929 0.032064 0.047592
3 0.725721 0.639455 0.030273 0.057064
4 0.723926 0.522148 0.138944 0.304362
5 0.271470 0.501539 0.150490 0.320210
1 0.239192 0.684736 0.032926 0.061820
1 0.754215 0.851313 0.032041 0.058599
1 0.225292 0.736263 0.032950 0.053935
1 0.229284 0.953318 0.032950 0.047576
1 0.127957 0.744161 0.036508 0.049144
