1 0.872973 0.145444 0.027602 0.058583
0 0.393184 0.433694 0.095883 0.121944
0 0.303211 0.844306 0.144297 0.223111
0 0.714473 0.346056 0.092164 0.166333
0 0.602254 0.670111 0.119383 0.178833
1 0.367047 0.422944 0.034719 0.060167
1 0.667246 0.557201 0.033836 0.066486
1 0.528566 0.292521 0.032945 0.060153
1 0.543660 0.150118 0.029383 0.050653
1 0.736445 0.127938 0.023156 0.041125
1 0.815512 0.047097 0.023148 0.045917
1 0.936355 0.799174 0.034727 0.066486
1 0.282750 0.183368 0.027609 0.047486
1 0.584621 0.596549 0.032945 0.066486
1 0.477773 0.380479 0.035625 0.066486
2 0.896730 0.622667 0.032055 0.068083
3 0.255594 0.313965 0.028500 0.049069
3 0.788148 0.311104 0.028516 0.045875
4 0.835734 0.435069 0.175422 0.351444
5 0.257375 0.449319 0.174531 0.357778
1 0.340512 0.850764 0.037398 0.064917
1 0.418547 0.940056 0.040078 0.066500
1 0.571465 0.931424 0.046305 0.071236
2 0.406082 0.876750 0.046305 0.085500
