1 0.873414 0.145243 0.027609 0.058569
0 0.401379 0.432396 0.082133 0.116236
0 0.270336 0.820090 0.129016 0.217708
0 0.583664 0.328069 0.081016 0.167833
0 0.730633 0.685944 0.109516 0.197944
1 0.429320 0.431437 0.034734 0.071236
1 0.591598 0.541139 0.033836 0.066500
1 0.528242 0.293090 0.032953 0.060153
1 0.543660 0.150118 0.029383 0.050653
1 0.736445 0.127938 0.023156 0.041125
1 0.815703 0.046417 0.023156 0.045917
1 0.936355 0.799174 0.034727 0.066486
1 0.282750 0.183368 0.027609 0.047486
1 0.584621 0.596549 0.032945 0.066486
1 0.467820 0.384417 0.035625 0.066500
2 0.896730 0.622667 0.032055 0.068083
3 0.255594 0.313965 0.028500 0.049069
3 0.787398 0.310146 0.028516 0.045875
4 0.835734 0.435069 0.175422 0.351444
5 0.257375 0.449319 0.174531 0.357778
1 0.303293 0.893361 0.037398 0.064917
1 0.225551 0.953521 0.040070 0.052236
1 0.570879 0.931979 0.046305 0.071236
2 0.397680 0.895382 0.048969 0.088653
