0 0.262210 0.719505 0.104194 0.153691
0 0.256598 0.859815 0.094062 0.155369
0 0.361678 0.912903 0.089915 0.106208
0 0.704350 0.347550 0.074797 0.099866
1 0.083205 0.827798 0.040961 0.050730
1 0.243975 0.157315 0.030278 0.039631
1 0.244225 0.194341 0.029383 0.034874
1 0.186904 0.476103 0.033836 0.058649
1 0.318332 0.396124 0.025825 0.045973
1 0.287559 0.241707 0.025033 0.044673
1 0.276020 0.395759 0.023417 0.043364
1 0.255361 0.511971 0.027988 0.041913
1 0.513810 0.501422 0.030278 0.053901
1 0.515768 0.639279 0.028492 0.057064
1 0.760113 0.206451 0.027606 0.036460
1 0.763499 0.232735 0.024934 0.033289
1 0.682898 0.393293 0.028492 0.041787
1 0.728709 0.384107 0.024929 0.039622
1 0.727161 0.902336 0.032945 0.060243
1 0.714340 0.949727 0.032055 0.057072
1 0.773360 0.939853 0.029387 0.058649
1 0.874072 0.827097 0.032950 0.049144
2 0.313150 0.432366 0.028497 0.045973
2 0.765792 0.641833 0.032055 0.052307
3 0.281093 0.566317 0.034731 0.055487
3 0.725721 0.639455 0.030273 0.057064
4 0.723513 0.522148 0.139769 0.304362
5 0.272003 0.501539 0.150490 0.320210
1 0.270393 0.914224 0.034727 0.061820
1 0.307835 0.912676 0.030278 0.052315
1 0.288499 0.950155 0.032945 0.041216
1 0.226315 0.952664 0.030726 0.050210
1 0.122641 0.749413 0.036508 0.049144
