0 0.674489 0.703662 0.093577 0.134723
0 0.272531 0.684841 0.092564 0.114262
0 0.280950 0.881388 0.100646 0.167810
0 0.651666 0.558343 0.078402 0.144270
1 0.092879 0.820709 0.040961 0.050730
1 0.243975 0.170847 0.030278 0.039631
1 0.246282 0.202009 0.029387 0.034874
1 0.186023 0.496271 0.033836 0.058649
1 0.318332 0.396124 0.025825 0.045973
1 0.287620 0.241565 0.024910 0.044388
1 0.291774 0.389652 0.023313 0.041317
1 0.312088 0.518964 0.027625 0.041183
1 0.539258 0.725214 0.030278 0.054220
1 0.692227 0.909207 0.028497 0.057072
1 0.750895 0.200382 0.027606 0.042760
1 0.767036 0.229216 0.023855 0.032374
1 0.718598 0.412777 0.023153 0.047567
1 0.732844 0.392945 0.024934 0.039614
1 0.725808 0.896355 0.029779 0.051804
1 0.715436 0.945755 0.033624 0.053188
1 0.773360 0.939853 0.029387 0.058649
1 0.876920 0.819581 0.032945 0.049144
2 0.312542 0.434169 0.028497 0.045973
2 0.765792 0.641833 0.032055 0.052307
3 0.281381 0.564929 0.032064 0.047592
3 0.725721 0.639455 0.030273 0.057064
4 0.723911 0.522148 0.138973 0.304362
5 0.271489 0.501539 0.150490 0.320210
1 0.243838 0.688867 0.032926 0.061812
1 0.758716 0.845545 0.032041 0.058591
1 0.229677 0.737378 0.032945 0.053935
1 0.229284 0.953318 0.032950 0.047576
1 0.127764 0.744350 0.036508 0.049136
