1 0.874730 0.144660 0.027602 0.058569
0 0.418102 0.275979 0.072125 0.099736
0 0.389156 0.606035 0.113984 0.215292
0 0.677230 0.278354 0.064117 0.123486
0 0.733773 0.580708 0.087266 0.193139
1 0.529465 0.430590 0.034727 0.071236
1 0.575059 0.427465 0.033836 0.066486
1 0.527277 0.294812 0.032945 0.060153
1 0.543660 0.150118 0.029383 0.050653
1 0.736445 0.127951 0.023156 0.041153
1 0.816273 0.044382 0.023156 0.045903
1 0.936355 0.799174 0.034727 0.066486
1 0.282750 0.183368 0.027609 0.047486
1 0.584621 0.596549 0.032945 0.066486
1 0.674203 0.429375 0.035625 0.066500
2 0.895305 0.610840 0.032062 0.068069
3 0.260934 0.277556 0.028492 0.049083
3 0.751594 0.256979 0.028516 0.045903
4 0.835734 0.435069 0.175422 0.351444
5 0.257215 0.449410 0.174539 0.357764
1 0.428215 0.440368 0.037398 0.064903
1 0.218168 0.953521 0.040070 0.052236
1 0.569105 0.933632 0.046305 0.071236
2 0.398801 0.895618 0.048977 0.088653
