0 0.367283 0.707219 0.081051 0.137827
0 0.232926 0.828775 0.096136 0.155369
0 0.516228 0.892689 0.090844 0.137894
0 0.704350 0.348750 0.074797 0.099866
1 0.084053 0.827177 0.040961 0.050730
1 0.243975 0.158507 0.030278 0.039631
1 0.245681 0.195055 0.029383 0.034874
1 0.190467 0.490898 0.033836 0.058658
1 0.318332 0.396124 0.025825 0.045973
1 0.287620 0.241565 0.024910 0.044388
1 0.291840 0.388503 0.023134 0.042794
1 0.293240 0.479333 0.027620 0.041183
1 0.513855 0.501170 0.030273 0.053901
1 0.518047 0.638909 0.028497 0.057064
1 0.760339 0.207626 0.027606 0.036460
1 0.764295 0.232500 0.024934 0.033289
1 0.682731 0.398977 0.028497 0.042987
1 0.729371 0.385524 0.024934 0.039622
1 0.727377 0.898461 0.032945 0.060243
1 0.716616 0.948826 0.032055 0.057064
1 0.773360 0.939853 0.029387 0.058649
1 0.872387 0.823347 0.032945 0.049144
2 0.312542 0.434169 0.028497 0.045973
2 0.765792 0.641833 0.032055 0.052307
3 0.282455 0.568565 0.032290 0.048255
3 0.725721 0.639455 0.030273 0.057064
4 0.723546 0.522148 0.139703 0.304362
5 0.271960 0.501539 0.150490 0.320210
1 0.260681 0.867534 0.032926 0.061812
1 0.313433 0.895008 0.030278 0.065906
1 0.295090 0.941644 0.032950 0.055151
1 0.229284 0.953318 0.032950 0.047576
1 0.123089 0.748972 0.036508 0.049136
