1 0.872988 0.145437 0.027602 0.058569
0 0.394227 0.433514 0.096969 0.121944
0 0.302766 0.844306 0.144297 0.223111
0 0.714359 0.346264 0.092391 0.167083
0 0.601066 0.673278 0.119383 0.178833
1 0.367840 0.422583 0.034727 0.060167
1 0.666227 0.559458 0.033844 0.066500
1 0.528555 0.292535 0.032953 0.060153
1 0.543660 0.150118 0.029383 0.050653
1 0.736445 0.127938 0.023156 0.041125
1 0.815516 0.047076 0.023156 0.045903
1 0.936355 0.799174 0.034727 0.066486
1 0.282750 0.183368 0.027609 0.047486
1 0.584621 0.596549 0.032945 0.066486
1 0.477754 0.380438 0.035617 0.066486
2 0.896730 0.622667 0.032055 0.068083
3 0.255594 0.313965 0.028500 0.049069
3 0.788125 0.311069 0.028516 0.045861
4 0.835734 0.435069 0.175422 0.351444
5 0.257375 0.449319 0.174531 0.357778
1 0.340793 0.849896 0.037398 0.064903
1 0.416324 0.943222 0.040070 0.066500
1 0.571449 0.931451 0.046305 0.071236
2 0.404746 0.878326 0.048977 0.088653
