1 0.871352 0.146160 0.027609 0.058569
0 0.449703 0.403687 0.094625 0.124125
0 0.502660 0.916215 0.127367 0.167569
0 0.773906 0.197042 0.075547 0.126750
0 0.819258 0.661444 0.089016 0.209000
1 0.351480 0.431910 0.034727 0.060181
1 0.599719 0.538035 0.032078 0.066486
1 0.477762 0.211861 0.032945 0.060167
1 0.543660 0.150118 0.029383 0.050653
1 0.736445 0.127924 0.023156 0.041097
1 0.814809 0.049597 0.023148 0.045917
1 0.936355 0.799174 0.034727 0.066486
1 0.282750 0.183368 0.027609 0.047486
1 0.584621 0.596549 0.032945 0.066486
1 0.516941 0.363201 0.035617 0.066486
2 0.896730 0.622667 0.032055 0.068083
3 0.255594 0.313965 0.028500 0.049069
3 0.791094 0.314847 0.028516 0.045861
4 0.835734 0.435069 0.175422 0.351444
5 0.257375 0.449319 0.174531 0.357778
1 0.638938 0.972035 0.040062 0.055931
1 0.683027 0.976347 0.042758 0.037806
1 0.777410 0.960535 0.046305 0.050431
2 0.584191 0.863340 0.033852 0.068042
