1 0.872340 0.145729 0.027602 0.058569
0 0.450039 0.416000 0.100703 0.166250
0 0.413020 0.914674 0.127367 0.170653
0 0.694625 0.264931 0.074844 0.153611
0 0.809020 0.630500 0.111320 0.185111
1 0.352020 0.431910 0.034727 0.060181
1 0.677652 0.537972 0.032070 0.066500
1 0.529035 0.291687 0.032945 0.060153
1 0.543660 0.150118 0.029383 0.050653
1 0.736445 0.127931 0.023156 0.041111
1 0.815234 0.048076 0.023156 0.045903
1 0.936355 0.799174 0.034727 0.066486
1 0.282750 0.183368 0.027609 0.047486
1 0.584621 0.596549 0.032945 0.066486
1 0.528074 0.419243 0.035617 0.066486
2 0.896730 0.622667 0.032055 0.068083
3 0.255594 0.313965 0.028500 0.049069
3 0.789234 0.312479 0.028516 0.045875
4 0.835734 0.435069 0.175422 0.351444
5 0.257375 0.449319 0.174531 0.357778
1 0.450605 0.946056 0.037398 0.064917
1 0.529160 0.986875 0.040070 0.026250
1 0.572324 0.930632 0.046305 0.071236
2 0.497941 0.935708 0.033852 0.068056
