0 0.703966 0.804845 0.086442 0.148951
0 0.246583 0.674862 0.092422 0.119522
0 0.278282 0.791015 0.091164 0.141409
0 0.622740 0.587353 0.079618 0.137156
1 0.094321 0.819648 0.040961 0.050721
1 0.243975 0.172869 0.030278 0.039631
1 0.245709 0.204299 0.029383 0.034874
1 0.185283 0.497093 0.033836 0.058649
1 0.318332 0.396124 0.025825 0.045973
1 0.287620 0.241565 0.024910 0.044388
1 0.291774 0.389652 0.023313 0.041317
1 0.312088 0.518964 0.027625 0.041183
1 0.540631 0.698691 0.030273 0.055520
1 0.682236 0.928582 0.028497 0.057064
1 0.753629 0.201573 0.027606 0.042760
1 0.764006 0.223335 0.017795 0.020612
1 0.718598 0.412777 0.023153 0.047567
1 0.732844 0.392945 0.024934 0.039614
1 0.721169 0.909455 0.029387 0.050755
1 0.710328 0.953683 0.033624 0.053188
1 0.773360 0.939853 0.029387 0.058649
1 0.876343 0.819375 0.032950 0.049136
2 0.312542 0.434169 0.028497 0.045973
2 0.765792 0.641833 0.032055 0.052307
3 0.281381 0.564929 0.032064 0.047592
3 0.725721 0.639455 0.030273 0.057064
4 0.722571 0.522148 0.138921 0.304362
5 0.271414 0.501539 0.150490 0.320210
1 0.225606 0.669358 0.032191 0.061149
1 0.618970 0.828213 0.032041 0.058591
1 0.204076 0.704274 0.024929 0.053935
1 0.229284 0.953318 0.032950 0.047576
1 0.128527 0.743595 0.036508 0.049136
