0 0.475134 0.671770 0.079298 0.141007
0 0.399076 0.904631 0.091687 0.145940
0 0.492580 0.907064 0.087253 0.131477
0 0.693355 0.315277 0.075438 0.108826
1 0.087743 0.824471 0.040961 0.050721
1 0.243975 0.163666 0.030278 0.039631
1 0.252036 0.198133 0.029387 0.034874
1 0.188662 0.493335 0.033836 0.058649
1 0.318332 0.396124 0.025825 0.045973
1 0.287620 0.241565 0.024910 0.044388
1 0.293539 0.389656 0.023318 0.041326
1 0.312088 0.518964 0.027625 0.041183
1 0.514050 0.500071 0.030278 0.053901
1 0.516878 0.666309 0.028497 0.057064
1 0.760690 0.211669 0.027601 0.036460
1 0.767759 0.231468 0.024934 0.033289
1 0.712467 0.454924 0.026461 0.047567
1 0.732260 0.391690 0.024934 0.039622
1 0.728259 0.888721 0.032238 0.058347
1 0.719484 0.945755 0.033624 0.053188
1 0.773360 0.939853 0.029387 0.058649
1 0.882104 0.820961 0.032945 0.049136
2 0.312542 0.434169 0.028497 0.045973
2 0.765792 0.641833 0.032055 0.052307
3 0.279524 0.566036 0.032064 0.047592
3 0.725721 0.639455 0.030273 0.057064
4 0.723699 0.522148 0.139397 0.304362
5 0.271762 0.501539 0.150490 0.320210
1 0.437820 0.879807 0.032926 0.061812
1 0.649477 0.689354 0.032950 0.066560
1 0.437182 0.937190 0.032950 0.053926
1 0.229284 0.953318 0.032950 0.047576
1 0.125045 0.747039 0.036508 0.049144
