0 0.465705 0.674287 0.079298 0.141007
0 0.475448 0.905470 0.091687 0.145940
0 0.566595 0.907903 0.087253 0.131477
0 0.701602 0.343813 0.074958 0.102106
1 0.087399 0.824727 0.040961 0.050730
1 0.243975 0.163180 0.030278 0.039631
1 0.251440 0.197848 0.029383 0.034874
1 0.188838 0.493138 0.033841 0.058658
1 0.318332 0.396124 0.025825 0.045973
1 0.287620 0.241565 0.024910 0.044388
1 0.293744 0.389656 0.023313 0.041326
1 0.312088 0.518964 0.027625 0.041183
1 0.514032 0.500172 0.030278 0.053901
1 0.519237 0.660436 0.028492 0.057064
1 0.761056 0.211955 0.027606 0.036460
1 0.767434 0.231569 0.024934 0.033289
1 0.688235 0.434379 0.027988 0.047567
1 0.731986 0.391112 0.024934 0.039622
1 0.728186 0.888633 0.032403 0.058792
1 0.719757 0.945755 0.033624 0.053188
1 0.773360 0.939853 0.029387 0.058649
1 0.880919 0.820961 0.032950 0.049136
2 0.312542 0.434169 0.028497 0.045973
2 0.765792 0.641833 0.032055 0.052307
3 0.279307 0.566162 0.032064 0.047592
3 0.725721 0.639455 0.030273 0.057064
4 0.723685 0.522148 0.139425 0.304362
5 0.271781 0.501539 0.150490 0.320210
1 0.511833 0.877290 0.032931 0.061812
1 0.642879 0.707815 0.032950 0.066552
1 0.511666 0.933834 0.032945 0.053926
1 0.229284 0.953318 0.032950 0.047576
1 0.124861 0.747219 0.036508 0.049136
