0 0.653669 0.677806 0.074642 0.136854
0 0.275957 0.714128 0.102347 0.176040
0 0.291621 0.890742 0.087257 0.131485
0 0.650763 0.325784 0.076277 0.102777
1 0.089609 0.823104 0.040961 0.050721
1 0.243975 0.166275 0.030278 0.039631
1 0.264750 0.197336 0.029387 0.034874
1 0.187703 0.494400 0.033841 0.058649
1 0.318332 0.396124 0.025825 0.045973
1 0.287620 0.241565 0.024910 0.044388
1 0.292434 0.389652 0.023313 0.041317
1 0.312088 0.518964 0.027625 0.041183
1 0.515092 0.498201 0.030278 0.053901
1 0.693443 0.751808 0.028497 0.057072
1 0.758723 0.210109 0.027606 0.036460
1 0.769621 0.236229 0.024934 0.042139
1 0.722422 0.409144 0.023148 0.047567
1 0.732844 0.392945 0.024934 0.039614
1 0.728655 0.889207 0.031343 0.055965
1 0.718014 0.945755 0.033624 0.053188
1 0.773360 0.939853 0.029387 0.058649
1 0.882700 0.820612 0.032950 0.049144
2 0.312542 0.434169 0.028497 0.045973
2 0.765792 0.641833 0.032055 0.052307
3 0.280686 0.565344 0.032069 0.047601
3 0.725721 0.639455 0.030273 0.057064
4 0.723775 0.522148 0.139246 0.304362
5 0.271664 0.501539 0.150490 0.320210
1 0.255002 0.743691 0.032926 0.061812
1 0.730839 0.683461 0.028501 0.064958
1 0.240525 0.852265 0.032945 0.053926
1 0.229284 0.953318 0.032950 0.047576
1 0.126032 0.746061 0.036513 0.049136
