1 0.872172 0.145799 0.027609 0.058569
0 0.466195 0.377208 0.100703 0.166250
0 0.426082 0.915083 0.127367 0.169833
0 0.680980 0.172604 0.067742 0.129375
0 0.786758 0.638417 0.111328 0.185111
1 0.351934 0.431910 0.034727 0.060181
1 0.649453 0.531111 0.032078 0.066500
1 0.529156 0.291465 0.032953 0.060153
1 0.543660 0.150118 0.029383 0.050653
1 0.736445 0.127931 0.023156 0.041111
1 0.815164 0.048333 0.023156 0.045917
1 0.936355 0.799174 0.034727 0.066486
1 0.282750 0.183368 0.027609 0.047486
1 0.584621 0.596549 0.032945 0.066486
1 0.511348 0.431160 0.035617 0.066486
2 0.896730 0.622667 0.032055 0.068083
3 0.255594 0.313965 0.028500 0.049069
3 0.789520 0.312840 0.028508 0.045875
4 0.835734 0.435069 0.175422 0.351444
5 0.257375 0.449319 0.174531 0.357778
1 0.468285 0.944812 0.037398 0.064903
1 0.508559 0.989750 0.040273 0.020500
1 0.572215 0.929139 0.046305 0.071250
2 0.511613 0.937215 0.033852 0.068042
