0 0.686421 0.704618 0.093577 0.134723
0 0.272959 0.685206 0.092564 0.114253
0 0.277182 0.871674 0.100650 0.167810
0 0.652370 0.556321 0.078407 0.144270
1 0.092955 0.820650 0.040961 0.050730
1 0.243975 0.170956 0.030278 0.039631
1 0.246251 0.202127 0.029383 0.034874
1 0.185983 0.496313 0.033841 0.058649
1 0.318332 0.396124 0.025825 0.045973
1 0.287620 0.241565 0.024910 0.044388
1 0.291774 0.389652 0.023313 0.041317
1 0.312088 0.518964 0.027625 0.041183
1 0.540325 0.719199 0.030273 0.054874
1 0.692114 0.909329 0.028497 0.057064
1 0.751442 0.200768 0.027606 0.042760
1 0.766866 0.228884 0.023516 0.031711
1 0.718598 0.412777 0.023153 0.047567
1 0.732844 0.392945 0.024934 0.039614
1 0.725509 0.896934 0.029746 0.051703
1 0.715375 0.945755 0.033624 0.053188
1 0.773360 0.939853 0.029387 0.058649
1 0.876786 0.819555 0.032950 0.049144
2 0.312542 0.434169 0.028497 0.045973
2 0.765792 0.641833 0.032055 0.052307
3 0.281381 0.564929 0.032064 0.047592
3 0.725721 0.639455 0.030273 0.057064
4 0.723914 0.522148 0.138968 0.304362
5 0.271484 0.501539 0.150490 0.320210
1 0.242858 0.687999 0.032926 0.061820
1 0.757769 0.846762 0.032041 0.058591
1 0.228754 0.737143 0.032945 0.053935
1 0.229284 0.953318 0.032950 0.047576
1 0.127804 0.744312 0.036513 0.049144
