0 0.654896 0.703662 0.093572 0.134723
0 0.270250 0.683318 0.092564 0.114253
0 0.282568 0.889560 0.100650 0.167810
0 0.651246 0.559836 0.078402 0.144270
1 0.092724 0.820818 0.040961 0.050730
1 0.243975 0.170638 0.030278 0.039631
1 0.246343 0.201766 0.029387 0.034874
1 0.186103 0.496183 0.033836 0.058658
1 0.318332 0.396124 0.025825 0.045973
1 0.287620 0.241565 0.024910 0.044388
1 0.291774 0.389652 0.023313 0.041317
1 0.312088 0.518964 0.027625 0.041183
1 0.539614 0.734568 0.030273 0.053901
1 0.692458 0.908964 0.028497 0.057072
1 0.749797 0.199602 0.027606 0.042760
1 0.767377 0.229878 0.024538 0.033700
1 0.718598 0.412777 0.023153 0.047567
1 0.732844 0.392945 0.024934 0.039614
1 0.726402 0.895197 0.029854 0.052005
1 0.715554 0.945755 0.033624 0.053188
1 0.773360 0.939853 0.029387 0.058649
1 0.877194 0.819631 0.032945 0.049144
2 0.312542 0.434169 0.028497 0.045973
2 0.765792 0.641833 0.032055 0.052307
3 0.281381 0.564929 0.032064 0.047592
3 0.725721 0.639455 0.030273 0.057064
4 0.723904 0.522148 0.138987 0.304362
5 0.271499 0.501539 0.150490 0.320210
1 0.245794 0.690612 0.032926 0.061812
1 0.760610 0.843117 0.032041 0.058599
1 0.230092 0.736581 0.032945 0.053935
1 0.229284 0.953318 0.032950 0.047576
1 0.127681 0.744430 0.036513 0.049144
