1 0.873430 0.145243 0.027609 0.058569
0 0.401645 0.432715 0.080180 0.112431
0 0.271289 0.820424 0.127109 0.217042
0 0.583047 0.328167 0.081016 0.167833
0 0.732113 0.688056 0.109523 0.197944
1 0.429676 0.427951 0.034727 0.071236
1 0.589520 0.537972 0.033836 0.066500
1 0.528230 0.293111 0.032945 0.060167
1 0.543660 0.150118 0.029383 0.050653
1 0.736445 0.127938 0.023156 0.041125
1 0.815707 0.046396 0.023148 0.045903
1 0.936355 0.799174 0.034727 0.066486
1 0.282750 0.183368 0.027609 0.047486
1 0.584621 0.596549 0.032945 0.066486
1 0.469305 0.379667 0.035625 0.066500
2 0.896730 0.622667 0.032055 0.068083
3 0.255594 0.313965 0.028500 0.049069
3 0.787375 0.310118 0.028516 0.045875
4 0.835734 0.435069 0.175422 0.351444
5 0.257375 0.449319 0.174531 0.357778
1 0.302469 0.893361 0.037406 0.064917
1 0.225465 0.953521 0.040070 0.052236
1 0.570855 0.931993 0.046305 0.071236
2 0.397691 0.895382 0.048977 0.088653
