1 0.872715 0.145556 0.027602 0.058583
0 0.411434 0.434222 0.092633 0.121944
0 0.302617 0.852694 0.142203 0.212667
0 0.716449 0.342500 0.088211 0.153611
0 0.682992 0.657444 0.119375 0.178833
1 0.352207 0.431910 0.034727 0.060181
1 0.688949 0.511590 0.033539 0.066486
1 0.528754 0.292181 0.032945 0.060167
1 0.543660 0.150118 0.029383 0.050653
1 0.736445 0.127938 0.023156 0.041125
1 0.815398 0.047493 0.023156 0.045903
1 0.936355 0.799174 0.034727 0.066486
1 0.282750 0.183368 0.027609 0.047486
1 0.584621 0.596549 0.032945 0.066486
1 0.478109 0.381076 0.035625 0.066486
2 0.896730 0.622667 0.032055 0.068083
3 0.255594 0.313965 0.028500 0.049069
3 0.788586 0.311660 0.028516 0.045875
4 0.835734 0.435069 0.175422 0.351444
5 0.257375 0.449319 0.174531 0.357778
1 0.335691 0.865437 0.037398 0.064903
1 0.520059 0.941639 0.040070 0.066500
1 0.571816 0.931104 0.046305 0.071236
2 0.422707 0.912917 0.040945 0.079194
