0 0.354383 0.179292 0.072125 0.099722
0 0.329539 0.862729 0.113984 0.215292
0 0.679656 0.153931 0.064109 0.123472
0 0.790828 0.815215 0.087266 0.193125
1 0.530902 0.427069 0.034727 0.071250
1 0.576719 0.425889 0.033844 0.066500
1 0.526832 0.295604 0.032945 0.060153
1 0.543660 0.150118 0.029383 0.050653
1 0.736445 0.127958 0.023156 0.041167
1 0.816535 0.043451 0.023148 0.045903
1 0.936355 0.799174 0.034727 0.066486
1 0.282750 0.183368 0.027609 0.047486
1 0.584621 0.596549 0.032945 0.066486
1 0.674910 0.429028 0.035617 0.066500
2 0.838422 0.797021 0.032062 0.068069
3 0.318941 0.205257 0.028492 0.049069
3 0.701219 0.123521 0.027609 0.045903
4 0.835734 0.435069 0.175422 0.351444
5 0.255121 0.450653 0.174539 0.357778
1 0.428340 0.439132 0.037398 0.064903
1 0.214777 0.953521 0.040070 0.052236
1 0.568293 0.934396 0.046305 0.071236
2 0.399316 0.895729 0.048977 0.088653
