0 0.482858 0.670529 0.079298 0.141007
0 0.350455 0.904161 0.091682 0.145940
0 0.445153 0.906430 0.087253 0.131485
0 0.689326 0.301883 0.075702 0.110914
1 0.087992 0.824287 0.040961 0.050721
1 0.243975 0.164018 0.030278 0.039631
1 0.252465 0.198343 0.029387 0.034874
1 0.188532 0.493477 0.033841 0.058649
1 0.318332 0.396124 0.025825 0.045973
1 0.287620 0.241565 0.024910 0.044388
1 0.293391 0.389656 0.023313 0.041326
1 0.312088 0.518964 0.027625 0.041183
1 0.514065 0.499996 0.030278 0.053901
1 0.520728 0.669736 0.028497 0.057072
1 0.760429 0.211460 0.027606 0.036460
1 0.767995 0.231401 0.024934 0.033289
1 0.722832 0.439606 0.025353 0.047567
1 0.732453 0.392110 0.024934 0.039622
1 0.728313 0.888784 0.032121 0.058037
1 0.719286 0.945755 0.033624 0.053188
1 0.773360 0.939853 0.029387 0.058649
1 0.882959 0.820961 0.032950 0.049136
2 0.312542 0.434169 0.028497 0.045973
2 0.765792 0.641833 0.032055 0.052307
3 0.279680 0.565944 0.032064 0.047592
3 0.725721 0.639455 0.030273 0.057064
4 0.723709 0.522148 0.139378 0.304362
5 0.271748 0.501539 0.150490 0.320210
1 0.390917 0.883070 0.032926 0.061812
1 0.650636 0.676372 0.032950 0.066552
1 0.390132 0.939459 0.032950 0.053935
1 0.229284 0.953318 0.032950 0.047576
1 0.125177 0.746909 0.036508 0.049136
