0 0.608511 0.739799 0.080905 0.156091
0 0.245153 0.704245 0.095848 0.139245
0 0.252665 0.808658 0.083737 0.171007
0 0.563230 0.579987 0.072163 0.137911
1 0.091282 0.821875 0.040961 0.050730
1 0.243975 0.168616 0.030278 0.039631
1 0.246916 0.199467 0.029383 0.034874
1 0.186843 0.495357 0.033836 0.058649
1 0.318332 0.396124 0.025825 0.045973
1 0.287620 0.241565 0.024910 0.044388
1 0.291774 0.389652 0.023313 0.041317
1 0.312088 0.518964 0.027625 0.041183
1 0.529105 0.688595 0.030273 0.053901
1 0.694611 0.906661 0.028497 0.057064
1 0.751324 0.197433 0.027606 0.047466
1 0.779149 0.229430 0.024934 0.039664
1 0.718883 0.412500 0.023148 0.047567
1 0.732844 0.392945 0.024934 0.039614
1 0.729008 0.889643 0.030542 0.053834
1 0.716694 0.945755 0.033624 0.053188
1 0.773360 0.939853 0.029387 0.058649
1 0.879743 0.820084 0.032945 0.049144
2 0.312542 0.434169 0.028497 0.045973
2 0.765792 0.641833 0.032055 0.052307
3 0.281381 0.564929 0.032064 0.047592
3 0.725721 0.639455 0.030273 0.057064
4 0.723845 0.522148 0.139105 0.304362
5 0.271574 0.501539 0.150490 0.320210
1 0.220832 0.711930 0.032926 0.061812
1 0.772924 0.823826 0.032041 0.058591
1 0.207359 0.725956 0.032945 0.053926
1 0.229284 0.953318 0.032950 0.047576
1 0.126918 0.745185 0.036513 0.049144
