1 0.205368 0.736716 0.027606 0.049153
1 0.768909 0.233637 0.027601 0.047559
0 0.568864 0.898503 0.094675 0.150327
0 0.255396 0.750759 0.095184 0.187861
0 0.321871 0.828184 0.076645 0.161535
0 0.648172 0.845235 0.098907 0.171074
1 0.097938 0.816997 0.040966 0.050721
1 0.243975 0.180369 0.030278 0.039631
1 0.243577 0.212848 0.029387 0.034874
1 0.185325 0.493746 0.033836 0.058649
1 0.318332 0.396124 0.025825 0.045973
1 0.287620 0.241565 0.024910 0.044388
1 0.291774 0.389652 0.023313 0.041317
1 0.312088 0.518964 0.027625 0.041183
1 0.538692 0.711984 0.030278 0.055512
1 0.298428 0.941552 0.033850 0.057064
1 0.754882 0.198284 0.027606 0.042760
1 0.718598 0.412777 0.023153 0.047567
1 0.732844 0.392945 0.024934 0.039614
1 0.724385 0.912097 0.029383 0.050755
1 0.710328 0.953683 0.033624 0.053188
1 0.773360 0.939853 0.029387 0.058649
1 0.880278 0.819375 0.032950 0.049136
2 0.312542 0.434169 0.028497 0.045973
2 0.765792 0.641833 0.032055 0.052307
3 0.281381 0.564929 0.032064 0.047592
3 0.725721 0.639455 0.030273 0.057064
4 0.723047 0.522148 0.138921 0.304362
5 0.271136 0.501539 0.150490 0.320210
1 0.241298 0.645029 0.024943 0.045982
1 0.501112 0.944119 0.033836 0.058591
1 0.229284 0.953318 0.032950 0.047576
1 0.130441 0.741703 0.036508 0.049144
