0 0.378407 0.700499 0.094420 0.156888
0 0.243994 0.831275 0.099675 0.164899
0 0.528028 0.893494 0.090844 0.139455
0 0.704350 0.348884 0.074797 0.099866
1 0.084147 0.827110 0.040961 0.050730
1 0.243975 0.158641 0.030278 0.039631
1 0.245848 0.195130 0.029387 0.034874
1 0.190509 0.491279 0.033836 0.058649
1 0.318332 0.396124 0.025825 0.045973
1 0.287620 0.241565 0.024910 0.044388
1 0.291122 0.387479 0.023139 0.042794
1 0.296951 0.479333 0.027625 0.041183
1 0.513860 0.501141 0.030273 0.053893
1 0.518306 0.638867 0.028497 0.057064
1 0.760365 0.207760 0.027601 0.036460
1 0.764385 0.232466 0.024934 0.033289
1 0.682712 0.399622 0.028497 0.043121
1 0.729446 0.385684 0.024934 0.039622
1 0.727403 0.898020 0.032950 0.060235
1 0.716873 0.948725 0.032059 0.057064
1 0.773360 0.939853 0.029387 0.058649
1 0.872194 0.822919 0.032945 0.049144
2 0.312542 0.434169 0.028497 0.045973
2 0.765792 0.641833 0.032055 0.052307
3 0.280269 0.569685 0.032064 0.047592
3 0.725721 0.639455 0.030273 0.057064
4 0.723551 0.522148 0.139694 0.304362
5 0.271956 0.501539 0.150490 0.320210
1 0.264022 0.876451 0.032926 0.061812
1 0.315351 0.896149 0.030278 0.066560
1 0.296821 0.941913 0.032945 0.055503
1 0.229284 0.953318 0.032950 0.047576
1 0.123141 0.748922 0.036508 0.049136
