1 0.874762 0.144646 0.027602 0.058569
0 0.400293 0.252229 0.072133 0.099736
0 0.379359 0.658285 0.113984 0.215292
0 0.681238 0.259354 0.064117 0.123486
0 0.747133 0.629792 0.087266 0.193139
1 0.529535 0.430410 0.034727 0.071236
1 0.575141 0.427382 0.033844 0.066486
1 0.527254 0.294854 0.032945 0.060153
1 0.543660 0.150118 0.029383 0.050653
1 0.736445 0.127951 0.023156 0.041153
1 0.816285 0.044340 0.023148 0.045903
1 0.936355 0.799174 0.034727 0.066486
1 0.282750 0.183368 0.027609 0.047486
1 0.584621 0.596549 0.032945 0.066486
1 0.674449 0.430396 0.035617 0.066486
2 0.894613 0.608021 0.032055 0.068069
3 0.262715 0.271222 0.028492 0.049083
3 0.737344 0.239563 0.028516 0.045903
4 0.835734 0.435069 0.175422 0.351444
5 0.257109 0.449472 0.174531 0.357778
1 0.428332 0.439632 0.037398 0.064903
1 0.218004 0.953521 0.040070 0.052236
1 0.569066 0.933674 0.046305 0.071236
2 0.398824 0.895618 0.048977 0.088653
