0 0.641807 0.706992 0.093577 0.134723
0 0.266831 0.681036 0.092568 0.114253
0 0.272222 0.863528 0.100646 0.167810
0 0.645815 0.569681 0.082403 0.147433
1 0.092493 0.820986 0.040961 0.050730
1 0.243975 0.170310 0.030278 0.039631
1 0.246435 0.201397 0.029383 0.034874
1 0.186221 0.496053 0.033836 0.058649
1 0.318332 0.396124 0.025825 0.045973
1 0.287620 0.241565 0.024910 0.044388
1 0.291774 0.389652 0.023313 0.041317
1 0.312088 0.518964 0.027625 0.041183
1 0.544786 0.749518 0.030278 0.053901
1 0.692802 0.908595 0.028497 0.057072
1 0.748153 0.198427 0.027606 0.042760
1 0.767891 0.230872 0.025566 0.035688
1 0.718598 0.412777 0.023153 0.047567
1 0.732844 0.392945 0.024934 0.039614
1 0.727300 0.893456 0.029962 0.052299
1 0.715738 0.945755 0.033624 0.053188
1 0.773360 0.939853 0.029387 0.058649
1 0.877601 0.819702 0.032950 0.049136
2 0.312542 0.434169 0.028497 0.045973
2 0.765792 0.641833 0.032055 0.052307
3 0.281381 0.564929 0.032064 0.047592
3 0.725721 0.639455 0.030273 0.057064
4 0.723895 0.522148 0.139006 0.304362
5 0.271508 0.501539 0.150490 0.320210
1 0.245950 0.689488 0.032926 0.061812
1 0.763452 0.839476 0.032041 0.058599
1 0.222514 0.721879 0.032945 0.053926
1 0.229284 0.953318 0.032950 0.047576
1 0.127559 0.744551 0.036513 0.049136
