0 0.479399 0.678867 0.079298 0.141007
0 0.536159 0.905747 0.091687 0.145940
0 0.629149 0.910994 0.087253 0.131485
0 0.704350 0.352613 0.074797 0.099874
1 0.086781 0.825176 0.040961 0.050721
1 0.243975 0.162324 0.030278 0.039631
1 0.250382 0.197332 0.029387 0.034883
1 0.189154 0.492785 0.033841 0.058658
1 0.318332 0.396124 0.025825 0.045973
1 0.287620 0.241565 0.024910 0.044388
1 0.294107 0.389656 0.023313 0.041326
1 0.312088 0.518964 0.027625 0.041183
1 0.514001 0.500357 0.030273 0.053901
1 0.522653 0.646300 0.028492 0.057064
1 0.761070 0.211401 0.027606 0.036460
1 0.766859 0.231737 0.024934 0.033289
1 0.682187 0.417336 0.028492 0.046854
1 0.731506 0.390088 0.024934 0.039622
1 0.728056 0.888469 0.032700 0.059572
1 0.720243 0.945755 0.033624 0.053188
1 0.773360 0.939853 0.029387 0.058649
1 0.878815 0.820961 0.032945 0.049136
2 0.312542 0.434169 0.028497 0.045973
2 0.765792 0.641833 0.032055 0.052307
3 0.278926 0.566388 0.032064 0.047592
3 0.725721 0.639455 0.030273 0.057064
4 0.723659 0.522148 0.139477 0.304362
5 0.271814 0.501539 0.150490 0.320210
1 0.579555 0.898750 0.032926 0.061812
1 0.628836 0.749954 0.032950 0.066552
1 0.581748 0.928968 0.032950 0.053926
1 0.229284 0.953318 0.032950 0.047576
1 0.124536 0.747542 0.036508 0.049144
