0 0.605935 0.714346 0.072201 0.149748
0 0.268438 0.696523 0.096103 0.141166
0 0.320907 0.886674 0.091730 0.161703
0 0.555214 0.509442 0.072163 0.137911
1 0.090782 0.822244 0.040961 0.050730
1 0.243975 0.167919 0.030278 0.039631
1 0.247919 0.198695 0.029383 0.034874
1 0.187099 0.495071 0.033841 0.058649
1 0.318332 0.396124 0.025825 0.045973
1 0.287620 0.241565 0.024910 0.044388
1 0.291774 0.389652 0.023313 0.041317
1 0.312088 0.518964 0.027625 0.041183
1 0.515125 0.576044 0.030278 0.053901
1 0.695358 0.905864 0.028492 0.057064
1 0.749946 0.189941 0.027601 0.036460
1 0.778513 0.224375 0.024934 0.040059
1 0.719941 0.411502 0.023153 0.047567
1 0.732844 0.392945 0.024934 0.039614
1 0.728902 0.889513 0.030782 0.054480
1 0.717085 0.945755 0.033624 0.053188
1 0.773360 0.939853 0.029387 0.058649
1 0.880627 0.820243 0.032950 0.049144
2 0.312542 0.434169 0.028497 0.045973
2 0.765792 0.641833 0.032055 0.052307
3 0.281381 0.564929 0.032064 0.047592
3 0.725721 0.639455 0.030273 0.057064
4 0.723824 0.522148 0.139147 0.304362
5 0.271602 0.501539 0.150490 0.320210
1 0.234380 0.713289 0.032926 0.061812
1 0.772924 0.819866 0.032041 0.058591
1 0.206256 0.743620 0.032945 0.053935
1 0.229284 0.953318 0.032950 0.047576
1 0.126652 0.745445 0.036508 0.049144
