0 0.712279 0.802731 0.086442 0.148951
0 0.245092 0.673951 0.092484 0.117265
0 0.277392 0.785986 0.087300 0.129773
0 0.636885 0.563482 0.086532 0.133456
1 0.094147 0.819778 0.040961 0.050730
1 0.243975 0.172626 0.030278 0.039631
1 0.245778 0.204031 0.029387 0.034874
1 0.185370 0.496997 0.033841 0.058658
1 0.318332 0.396124 0.025825 0.045973
1 0.287620 0.241565 0.024910 0.044388
1 0.291774 0.389652 0.023313 0.041317
1 0.312088 0.518964 0.027625 0.041183
1 0.543372 0.691518 0.030278 0.055520
1 0.680900 0.918276 0.028492 0.057072
1 0.753407 0.201523 0.027606 0.042760
1 0.718598 0.412777 0.023153 0.047567
1 0.732844 0.392945 0.024934 0.039614
1 0.715382 0.904702 0.029387 0.050747
1 0.710328 0.953683 0.033624 0.053188
1 0.773360 0.939853 0.029387 0.058649
1 0.876218 0.819375 0.032945 0.049136
2 0.312542 0.434169 0.028497 0.045973
2 0.765792 0.641833 0.032055 0.052307
3 0.281381 0.564929 0.032064 0.047592
3 0.725721 0.639455 0.030273 0.057064
4 0.722434 0.522148 0.138921 0.304362
5 0.271423 0.501539 0.150490 0.320210
1 0.225893 0.670092 0.032399 0.061342
1 0.641232 0.831560 0.032041 0.058591
1 0.202335 0.704912 0.024934 0.053935
1 0.229284 0.953318 0.032950 0.047576
1 0.128435 0.743683 0.036513 0.049144
