0 0.658459 0.703662 0.093572 0.134723
0 0.270820 0.683700 0.092564 0.114262
0 0.284510 0.893016 0.100650 0.167810
0 0.651352 0.559463 0.078407 0.144279
1 0.092764 0.820793 0.040966 0.050730
1 0.243975 0.170688 0.030278 0.039631
1 0.246329 0.201825 0.029387 0.034874
1 0.186082 0.496204 0.033841 0.058649
1 0.318332 0.396124 0.025825 0.045973
1 0.287620 0.241565 0.024910 0.044388
1 0.291774 0.389652 0.023313 0.041317
1 0.312088 0.518964 0.027625 0.041183
1 0.539317 0.732454 0.030273 0.053901
1 0.692401 0.909023 0.028497 0.057072
1 0.750071 0.199794 0.027606 0.042760
1 0.767293 0.229715 0.024369 0.033372
1 0.718598 0.412777 0.023153 0.047567
1 0.732844 0.392945 0.024934 0.039614
1 0.726256 0.895487 0.029835 0.051946
1 0.715525 0.945755 0.033624 0.053188
1 0.773360 0.939853 0.029387 0.058649
1 0.877125 0.819618 0.032950 0.049136
2 0.312542 0.434169 0.028497 0.045973
2 0.765792 0.641833 0.032055 0.052307
3 0.281381 0.564929 0.032064 0.047592
3 0.725721 0.639455 0.030273 0.057064
4 0.723907 0.522148 0.138982 0.304362
5 0.271494 0.501539 0.150490 0.320210
1 0.245304 0.690176 0.032926 0.061812
1 0.760134 0.843725 0.032041 0.058591
1 0.231063 0.737731 0.032945 0.053935
1 0.229284 0.953318 0.032950 0.047576
1 0.127703 0.744413 0.036508 0.049144
