0 0.700700 0.806430 0.086442 0.148951
0 0.247078 0.675168 0.092403 0.120268
0 0.276949 0.790701 0.093483 0.148398
0 0.616953 0.597651 0.075170 0.136644
1 0.094378 0.819606 0.040961 0.050721
1 0.243975 0.172945 0.030278 0.039631
1 0.245686 0.204392 0.029383 0.034874
1 0.185252 0.497127 0.033841 0.058649
1 0.318332 0.396124 0.025825 0.045973
1 0.287620 0.241565 0.024910 0.044388
1 0.291774 0.389652 0.023313 0.041317
1 0.312088 0.518964 0.027625 0.041183
1 0.540059 0.702089 0.030278 0.055520
1 0.682681 0.932013 0.028492 0.057064
1 0.753702 0.201594 0.027601 0.042768
1 0.764006 0.223335 0.017795 0.020612
1 0.718598 0.412777 0.023153 0.047567
1 0.732844 0.392945 0.024934 0.039614
1 0.723098 0.911040 0.029383 0.050755
1 0.710328 0.953683 0.033624 0.053188
1 0.773360 0.939853 0.029387 0.058649
1 0.876385 0.819375 0.032950 0.049136
2 0.312542 0.434169 0.028497 0.045973
2 0.765792 0.641833 0.032055 0.052307
3 0.281381 0.564929 0.032064 0.047592
3 0.725721 0.639455 0.030273 0.057064
4 0.722618 0.522148 0.138921 0.304362
5 0.271409 0.501539 0.150490 0.320210
1 0.225514 0.669119 0.032121 0.061091
1 0.613033 0.827685 0.032041 0.058591
1 0.204208 0.704144 0.024929 0.053926
1 0.229284 0.953318 0.032950 0.047576
1 0.128556 0.743565 0.036508 0.049144
