1 0.874883 0.144590 0.027609 0.058569
0 0.368828 0.207375 0.072125 0.099722
0 0.352641 0.762757 0.113984 0.215292
0 0.680348 0.205000 0.064117 0.123472
0 0.778000 0.730049 0.087266 0.193125
1 0.529824 0.429708 0.034727 0.071250
1 0.575473 0.427069 0.033836 0.066500
1 0.527164 0.295007 0.032953 0.060153
1 0.543660 0.150118 0.029383 0.050653
1 0.736445 0.127951 0.023156 0.041153
1 0.816340 0.044153 0.023148 0.045917
1 0.936355 0.799174 0.034727 0.066486
1 0.282750 0.183368 0.027609 0.047486
1 0.584621 0.596549 0.032945 0.066486
1 0.674551 0.430111 0.035617 0.066500
2 0.896730 0.598132 0.032055 0.068069
3 0.269840 0.246847 0.028492 0.049083
3 0.711523 0.183632 0.028516 0.045903
4 0.835734 0.435069 0.175422 0.351444
5 0.256691 0.449722 0.174539 0.357778
1 0.428332 0.439521 0.037398 0.064903
1 0.217324 0.953521 0.040070 0.052236
1 0.568902 0.933826 0.046305 0.071236
2 0.398926 0.895646 0.048977 0.088653
