0 0.637399 0.713100 0.093572 0.134723
0 0.259757 0.678335 0.092568 0.114253
0 0.256390 0.807546 0.077512 0.166183
0 0.640700 0.584832 0.086404 0.137735
1 0.092283 0.821145 0.040966 0.050730
1 0.243975 0.170017 0.030278 0.039631
1 0.246520 0.201061 0.029383 0.034874
1 0.186329 0.495931 0.033836 0.058658
1 0.318332 0.396124 0.025825 0.045973
1 0.287620 0.241565 0.024910 0.044388
1 0.291774 0.389652 0.023313 0.041317
1 0.312088 0.518964 0.027625 0.041183
1 0.548742 0.761988 0.030273 0.053893
1 0.693117 0.908255 0.028497 0.057064
1 0.746647 0.197353 0.027601 0.042760
1 0.768360 0.231783 0.026503 0.037508
1 0.718598 0.412777 0.023153 0.047567
1 0.732844 0.392945 0.024934 0.039614
1 0.728120 0.891862 0.030066 0.052567
1 0.715902 0.945755 0.033624 0.053188
1 0.773360 0.939853 0.029387 0.058649
1 0.877976 0.819769 0.032945 0.049136
2 0.312542 0.434169 0.028497 0.045973
2 0.765792 0.641833 0.032055 0.052307
3 0.281381 0.564929 0.032064 0.047592
3 0.725721 0.639455 0.030273 0.057064
4 0.723885 0.522148 0.139025 0.304362
5 0.271522 0.501539 0.150490 0.320210
1 0.238457 0.678205 0.032926 0.061812
1 0.766053 0.836133 0.032041 0.058591
1 0.216079 0.699685 0.032950 0.053935
1 0.229284 0.953318 0.032950 0.047576
1 0.127448 0.744664 0.036508 0.049144
