1 0.873582 0.145174 0.027602 0.058569
0 0.367016 0.431132 0.080172 0.112431
0 0.280527 0.841139 0.126477 0.175611
0 0.580547 0.330437 0.083469 0.170625
0 0.734566 0.710847 0.099820 0.195556
1 0.391488 0.426368 0.034727 0.071236
1 0.570371 0.475438 0.033836 0.066486
1 0.528121 0.293312 0.032945 0.060153
1 0.543660 0.150118 0.029383 0.050653
1 0.736445 0.127944 0.023156 0.041139
1 0.815773 0.046160 0.023156 0.045903
1 0.936355 0.799174 0.034727 0.066486
1 0.282750 0.183368 0.027609 0.047486
1 0.584621 0.596549 0.032945 0.066486
1 0.521395 0.350778 0.035617 0.066500
2 0.896730 0.622667 0.032055 0.068083
3 0.255594 0.313965 0.028500 0.049069
3 0.787117 0.309785 0.028516 0.045875
4 0.835734 0.435069 0.175422 0.351444
5 0.257375 0.449319 0.174531 0.357778
1 0.311691 0.826875 0.037398 0.064917
1 0.224613 0.953521 0.040070 0.052236
1 0.570652 0.932187 0.046305 0.071236
2 0.397824 0.895410 0.048977 0.088653
