0 0.481991 0.679446 0.079298 0.141007
0 0.541583 0.905747 0.091687 0.145940
0 0.634979 0.911422 0.087253 0.131485
0 0.704350 0.352504 0.074797 0.099874
1 0.086706 0.825231 0.040961 0.050730
1 0.243975 0.162215 0.030278 0.039631
1 0.250247 0.197269 0.029383 0.034874
1 0.189194 0.492743 0.033836 0.058658
1 0.318332 0.396124 0.025825 0.045973
1 0.287620 0.241565 0.024910 0.044388
1 0.294154 0.389656 0.023313 0.041326
1 0.312088 0.518964 0.027625 0.041183
1 0.513996 0.500382 0.030273 0.053901
1 0.523058 0.644425 0.028492 0.057072
1 0.761049 0.211300 0.027601 0.036460
1 0.766784 0.231758 0.024934 0.033297
1 0.682203 0.416820 0.028497 0.046745
1 0.731447 0.389958 0.024929 0.039614
1 0.728042 0.888448 0.032738 0.059681
1 0.720304 0.945755 0.033624 0.053188
1 0.773360 0.939853 0.029387 0.058649
1 0.878551 0.820961 0.032945 0.049136
2 0.312542 0.434169 0.028497 0.045973
2 0.765792 0.641833 0.032055 0.052307
3 0.278878 0.566418 0.032064 0.047601
3 0.725721 0.639455 0.030273 0.057064
4 0.723657 0.522148 0.139482 0.304362
5 0.271819 0.501539 0.150490 0.320210
1 0.583730 0.898972 0.032926 0.061820
1 0.628303 0.755348 0.032950 0.066552
1 0.588709 0.928389 0.032950 0.053926
1 0.229284 0.953318 0.032950 0.047576
1 0.124493 0.747584 0.036508 0.049144
