0 0.633080 0.714761 0.093577 0.134723
0 0.258308 0.677412 0.092564 0.114253
0 0.252891 0.793465 0.077507 0.166191
0 0.638473 0.593444 0.086409 0.130025
1 0.092187 0.821212 0.040961 0.050730
1 0.243975 0.169883 0.030278 0.039631
1 0.246557 0.200902 0.029383 0.034874
1 0.186378 0.495877 0.033841 0.058649
1 0.318332 0.396124 0.025825 0.045973
1 0.287620 0.241565 0.024910 0.044388
1 0.291774 0.389652 0.023313 0.041317
1 0.312088 0.518964 0.027625 0.041183
1 0.550542 0.767655 0.030273 0.053901
1 0.693261 0.908104 0.028492 0.057064
1 0.745961 0.196867 0.027606 0.042760
1 0.768574 0.232198 0.026932 0.038339
1 0.718598 0.412777 0.023153 0.047567
1 0.732844 0.392945 0.024934 0.039614
1 0.728492 0.891141 0.030113 0.052685
1 0.715978 0.945755 0.033624 0.053188
1 0.773360 0.939853 0.029387 0.058649
1 0.878146 0.819799 0.032945 0.049144
2 0.312542 0.434169 0.028497 0.045973
2 0.765792 0.641833 0.032055 0.052307
3 0.281381 0.564929 0.032064 0.047592
3 0.725721 0.639455 0.030273 0.057064
4 0.723881 0.522148 0.139034 0.304362
5 0.271527 0.501539 0.150490 0.320210
1 0.235869 0.675134 0.032926 0.061812
1 0.767241 0.834618 0.032041 0.058599
1 0.215158 0.699685 0.032945 0.053935
1 0.229284 0.953318 0.032950 0.047576
1 0.127396 0.744715 0.036508 0.049144
