1 0.871609 0.146049 0.027609 0.058569
0 0.498336 0.307500 0.089203 0.111694
0 0.502660 0.916215 0.127367 0.167569
0 0.692680 0.147611 0.065078 0.126750
0 0.801344 0.706146 0.106141 0.208153
1 0.351660 0.431910 0.034727 0.060181
1 0.594391 0.539549 0.032078 0.066486
1 0.528520 0.285951 0.032945 0.060153
1 0.543660 0.150118 0.029383 0.050653
1 0.736445 0.127924 0.023156 0.041097
1 0.814918 0.049201 0.023148 0.045903
1 0.936355 0.799174 0.034727 0.066486
1 0.282750 0.183368 0.027609 0.047486
1 0.584621 0.596549 0.032945 0.066486
1 0.506848 0.399938 0.035617 0.066486
2 0.896730 0.622667 0.032055 0.068083
3 0.255594 0.313965 0.028500 0.049069
3 0.790477 0.314056 0.028516 0.045861
4 0.835734 0.435069 0.175422 0.351444
5 0.257375 0.449319 0.174531 0.357778
1 0.634043 0.945208 0.037398 0.064917
1 0.646074 0.981097 0.042758 0.037806
1 0.686355 0.952729 0.046305 0.071236
2 0.585082 0.861361 0.033852 0.068056
