0 0.491148 0.671082 0.079298 0.141007
0 0.329811 0.904161 0.091687 0.145940
0 0.424133 0.905885 0.087257 0.131485
0 0.691169 0.310080 0.075702 0.105461
1 0.088186 0.824148 0.040961 0.050730
1 0.243975 0.164287 0.030278 0.039631
1 0.252797 0.198503 0.029383 0.034874
1 0.188433 0.493586 0.033841 0.058649
1 0.318332 0.396124 0.025825 0.045973
1 0.287620 0.241565 0.024910 0.044388
1 0.293278 0.389656 0.023313 0.041326
1 0.312088 0.518964 0.027625 0.041183
1 0.514074 0.499937 0.030278 0.053901
1 0.537924 0.670285 0.028497 0.057064
1 0.760226 0.211300 0.027606 0.036460
1 0.768174 0.231342 0.024934 0.033289
1 0.730245 0.426258 0.024505 0.047567
1 0.732604 0.392429 0.024934 0.039622
1 0.728355 0.888834 0.032026 0.057785
1 0.719135 0.945755 0.033624 0.053188
1 0.773360 0.939853 0.029387 0.058649
1 0.883617 0.820961 0.032945 0.049136
2 0.312542 0.434169 0.028497 0.045973
2 0.765792 0.641833 0.032055 0.052307
3 0.279800 0.565868 0.032069 0.047592
3 0.725721 0.639455 0.030273 0.057064
4 0.723718 0.522148 0.139359 0.304362
5 0.271739 0.501539 0.150490 0.320210
1 0.371642 0.889295 0.032926 0.061812
1 0.642276 0.667286 0.032950 0.066552
1 0.371237 0.940805 0.032945 0.053926
1 0.229284 0.953318 0.032950 0.047576
1 0.125278 0.746808 0.036513 0.049136
