0 0.431475 0.645784 0.084797 0.152122
0 0.425214 0.903633 0.091682 0.145940
0 0.622901 0.887362 0.090844 0.163213
0 0.704350 0.350109 0.074797 0.099866
1 0.085014 0.826472 0.040961 0.050730
1 0.243975 0.159849 0.030278 0.039631
1 0.247337 0.195852 0.029387 0.034874
1 0.190064 0.491774 0.033841 0.058649
1 0.318332 0.396124 0.025825 0.045973
1 0.287620 0.241565 0.024910 0.044388
1 0.295153 0.389656 0.023313 0.041326
1 0.310851 0.506472 0.027620 0.041183
1 0.513907 0.500881 0.030273 0.053893
1 0.520639 0.638490 0.028497 0.057064
1 0.760596 0.208960 0.027601 0.036460
1 0.765196 0.232232 0.024934 0.033289
1 0.682538 0.405440 0.028497 0.044354
1 0.730123 0.387127 0.024929 0.039622
1 0.727625 0.894056 0.032950 0.060243
1 0.719201 0.947806 0.032059 0.057072
1 0.773360 0.939853 0.029387 0.058649
1 0.872762 0.820961 0.032950 0.049136
2 0.312542 0.434169 0.028497 0.045973
2 0.765792 0.641833 0.032055 0.052307
3 0.282172 0.564006 0.032064 0.047592
3 0.725721 0.639455 0.030273 0.057064
4 0.723586 0.522148 0.139623 0.304362
5 0.271909 0.501539 0.150490 0.320210
1 0.443598 0.909740 0.032926 0.061812
1 0.471786 0.882005 0.032950 0.066560
1 0.472382 0.936669 0.032945 0.055503
1 0.229284 0.953318 0.032950 0.047576
1 0.123598 0.748469 0.036508 0.049136
