0 0.746619 0.779740 0.093586 0.163221
0 0.247917 0.673205 0.092564 0.114262
0 0.235540 0.782836 0.102436 0.134497
0 0.666958 0.506233 0.087319 0.129950
1 0.093803 0.820029 0.040961 0.050730
1 0.243975 0.172139 0.030278 0.039631
1 0.245914 0.203477 0.029387 0.034874
1 0.185549 0.496799 0.033841 0.058649
1 0.318332 0.396124 0.025825 0.045973
1 0.287620 0.241565 0.024910 0.044388
1 0.291774 0.389652 0.023313 0.041317
1 0.312088 0.518964 0.027625 0.041183
1 0.550299 0.673700 0.030278 0.055520
1 0.685648 0.913695 0.028497 0.057072
1 0.752969 0.201405 0.027606 0.042760
1 0.718598 0.412777 0.023153 0.047567
1 0.732844 0.392945 0.024934 0.039614
1 0.716369 0.908926 0.029383 0.050755
1 0.710328 0.953683 0.033624 0.053188
1 0.773360 0.939853 0.029387 0.058649
1 0.875964 0.819375 0.032945 0.049136
2 0.312542 0.434169 0.028497 0.045973
2 0.765792 0.641833 0.032055 0.052307
3 0.281381 0.564929 0.032064 0.047592
3 0.725721 0.639455 0.030273 0.057064
4 0.722156 0.522148 0.138921 0.304362
5 0.271440 0.501539 0.150485 0.320210
1 0.226463 0.671552 0.032813 0.061711
1 0.723056 0.860621 0.032041 0.058591
1 0.229284 0.953318 0.032950 0.047576
1 0.128252 0.743867 0.036513 0.049144
