0 0.621697 0.705126 0.084647 0.148960
0 0.255297 0.686275 0.096107 0.129379
0 0.320302 0.896397 0.094901 0.145965
0 0.590954 0.374602 0.065057 0.106233
1 0.090108 0.822739 0.040961 0.050730
1 0.243975 0.166976 0.030278 0.039622
1 0.257578 0.197915 0.029387 0.034874
1 0.187446 0.494685 0.033836 0.058649
1 0.318332 0.396124 0.025825 0.045973
1 0.287620 0.241565 0.024910 0.044388
1 0.292137 0.389652 0.023313 0.041317
1 0.312088 0.518964 0.027625 0.041183
1 0.515448 0.497588 0.030273 0.053901
1 0.705980 0.903872 0.033525 0.057072
1 0.757253 0.207290 0.027606 0.036460
1 0.771100 0.236317 0.024934 0.044681
1 0.721367 0.410143 0.023148 0.047567
1 0.732844 0.392945 0.024934 0.039614
1 0.728758 0.889337 0.031107 0.055336
1 0.717618 0.945755 0.033624 0.053188
1 0.773360 0.939853 0.029387 0.058649
1 0.881817 0.820453 0.032945 0.049144
2 0.312542 0.434169 0.028497 0.045973
2 0.765792 0.641833 0.032055 0.052307
3 0.280997 0.565159 0.032069 0.047601
3 0.725721 0.639455 0.030273 0.057064
4 0.723796 0.522148 0.139204 0.304362
5 0.271635 0.501539 0.150490 0.320210
1 0.227689 0.695101 0.032926 0.061812
1 0.776105 0.769358 0.032041 0.058599
1 0.215926 0.766040 0.032945 0.053926
1 0.229284 0.953318 0.032950 0.047576
1 0.126296 0.745797 0.036513 0.049144
