1 0.872156 0.145806 0.027609 0.058583
0 0.467969 0.372465 0.100703 0.166236
0 0.427270 0.915125 0.127367 0.169750
0 0.679570 0.166139 0.066406 0.128056
0 0.787414 0.639417 0.110297 0.185111
1 0.351926 0.431910 0.034727 0.060181
1 0.647523 0.530583 0.032078 0.066500
1 0.529168 0.291451 0.032945 0.060153
1 0.543660 0.150118 0.029383 0.050653
1 0.736445 0.127931 0.023156 0.041111
1 0.815156 0.048361 0.023156 0.045917
1 0.936355 0.799174 0.034727 0.066486
1 0.282750 0.183368 0.027609 0.047486
1 0.584621 0.596549 0.032945 0.066486
1 0.509086 0.431507 0.035625 0.066486
2 0.896730 0.622667 0.032055 0.068083
3 0.255594 0.313965 0.028500 0.049069
3 0.789547 0.312875 0.028516 0.045861
4 0.835734 0.435069 0.175422 0.351444
5 0.257375 0.449319 0.174531 0.357778
1 0.469684 0.944021 0.037398 0.064903
1 0.510852 0.988896 0.040484 0.022208
1 0.572066 0.928479 0.046305 0.071236
2 0.512059 0.936160 0.033852 0.068042
