1 0.874551 0.144743 0.027602 0.058569
0 0.488906 0.377660 0.080172 0.112431
0 0.414914 0.479035 0.097094 0.189958
0 0.673395 0.346875 0.069430 0.133000
0 0.692652 0.453687 0.081055 0.180514
1 0.529035 0.431646 0.034727 0.071236
1 0.574559 0.427938 0.033836 0.066486
1 0.527410 0.294576 0.032945 0.060153
1 0.543660 0.150118 0.029383 0.050653
1 0.736445 0.127951 0.023156 0.041153
1 0.816195 0.044667 0.023156 0.045917
1 0.936355 0.799174 0.034727 0.066486
1 0.282750 0.183368 0.027609 0.047486
1 0.584621 0.596549 0.032945 0.066486
1 0.671371 0.416660 0.035617 0.066486
2 0.899582 0.620979 0.032055 0.068069
3 0.255594 0.313965 0.028500 0.049069
3 0.785461 0.307688 0.028516 0.045875
4 0.835734 0.435069 0.175422 0.351444
5 0.257375 0.449319 0.174531 0.357778
1 0.426828 0.449132 0.037406 0.064903
1 0.219191 0.953521 0.040070 0.052236
1 0.569348 0.933410 0.046305 0.071236
2 0.398645 0.895576 0.048977 0.088653
