0 0.610721 0.712307 0.081772 0.145671
0 0.262882 0.691187 0.096103 0.135529
0 0.328120 0.891946 0.098577 0.156074
0 0.576308 0.417085 0.066697 0.113549
1 0.090339 0.822567 0.040961 0.050721
1 0.243975 0.167299 0.030278 0.039631
1 0.254265 0.198184 0.029387 0.034874
1 0.187328 0.494820 0.033836 0.058649
1 0.318332 0.396124 0.025825 0.045973
1 0.287620 0.241565 0.024910 0.044388
1 0.292003 0.389652 0.023318 0.041317
1 0.312088 0.518964 0.027625 0.041183
1 0.515613 0.497307 0.030273 0.053893
1 0.700000 0.906749 0.031640 0.057072
1 0.754748 0.201342 0.027601 0.036460
1 0.773640 0.232227 0.024934 0.043096
1 0.720877 0.410612 0.023148 0.047567
1 0.732844 0.392945 0.024934 0.039614
1 0.728808 0.889400 0.030999 0.055042
1 0.717434 0.945755 0.033624 0.053188
1 0.773360 0.939853 0.029387 0.058649
1 0.881407 0.820378 0.032945 0.049144
2 0.312542 0.434169 0.028497 0.045973
2 0.765792 0.641833 0.032055 0.052307
3 0.281140 0.565071 0.032064 0.047592
3 0.725721 0.639455 0.030273 0.057064
4 0.723805 0.522148 0.139185 0.304362
5 0.271626 0.501539 0.150490 0.320210
1 0.230629 0.701284 0.032926 0.061812
1 0.779771 0.795017 0.032041 0.058591
1 0.209555 0.749316 0.032945 0.053935
1 0.229284 0.953318 0.032950 0.047576
1 0.126418 0.745680 0.036513 0.049144
