1 0.217929 0.684237 0.030721 0.051527
0 0.566287 0.899446 0.089340 0.152081
0 0.261350 0.747706 0.097413 0.160126
0 0.300749 0.901040 0.094015 0.137282
0 0.647083 0.841837 0.098907 0.171074
1 0.097938 0.816997 0.040966 0.050721
1 0.243975 0.177953 0.030278 0.039631
1 0.244265 0.210088 0.029387 0.034874
1 0.183445 0.499102 0.033836 0.058658
1 0.318332 0.396124 0.025825 0.045973
1 0.287620 0.241565 0.024910 0.044388
1 0.291774 0.389652 0.023313 0.041317
1 0.312088 0.518964 0.027625 0.041183
1 0.538452 0.711913 0.030278 0.055520
1 0.252052 0.894480 0.033850 0.057064
1 0.758186 0.202697 0.027606 0.042760
1 0.718598 0.412777 0.023153 0.047567
1 0.732844 0.392945 0.024934 0.039614
1 0.722703 0.915923 0.029383 0.050755
1 0.710328 0.953683 0.033624 0.053188
1 0.773360 0.939853 0.029387 0.058649
1 0.879010 0.819375 0.032950 0.049136
2 0.312542 0.434169 0.028497 0.045973
2 0.765792 0.641833 0.032055 0.052307
3 0.281381 0.564929 0.032064 0.047592
3 0.725721 0.639455 0.030273 0.057064
4 0.723047 0.522148 0.138921 0.304362
5 0.271218 0.501539 0.150485 0.320210
1 0.233070 0.638251 0.024943 0.045982
1 0.499901 0.946770 0.033836 0.058591
1 0.229284 0.953318 0.032950 0.047576
1 0.130441 0.741703 0.036508 0.049144
