0 0.249969 0.728750 0.102861 0.151057
0 0.251680 0.858679 0.075424 0.153112
0 0.343709 0.915965 0.085485 0.106208
0 0.704350 0.347391 0.074797 0.099866
1 0.083089 0.827882 0.040966 0.050730
1 0.243975 0.157156 0.030278 0.039631
1 0.244027 0.194249 0.029383 0.034874
1 0.186418 0.474086 0.033836 0.058658
1 0.318332 0.396124 0.025825 0.045973
1 0.287191 0.242571 0.025768 0.046401
1 0.270554 0.412622 0.025123 0.046837
1 0.251600 0.517596 0.030165 0.046233
1 0.513805 0.501456 0.030278 0.053901
1 0.515457 0.639329 0.028492 0.057064
1 0.760080 0.206292 0.027606 0.036460
1 0.763391 0.232764 0.024934 0.033297
1 0.682922 0.392513 0.028492 0.041619
1 0.728617 0.383914 0.024934 0.039622
1 0.727132 0.902865 0.032945 0.060243
1 0.714029 0.949849 0.032055 0.057064
1 0.773360 0.939853 0.029387 0.058649
1 0.874300 0.827609 0.032945 0.049144
2 0.311449 0.431070 0.028497 0.045965
2 0.765792 0.641833 0.032055 0.052307
3 0.282064 0.569778 0.034731 0.055478
3 0.725721 0.639455 0.030273 0.057064
4 0.723506 0.522148 0.139783 0.304362
5 0.272012 0.501539 0.150490 0.320210
1 0.261213 0.913133 0.034727 0.061820
1 0.304632 0.916355 0.030273 0.052307
1 0.283801 0.949979 0.032945 0.041216
1 0.225127 0.952399 0.029830 0.051258
1 0.122580 0.749476 0.036508 0.049136
