0 0.643810 0.704220 0.093577 0.134715
0 0.268254 0.681988 0.092568 0.114262
0 0.275768 0.877454 0.100650 0.167810
0 0.650078 0.562408 0.079072 0.144799
1 0.092592 0.820919 0.040961 0.050730
1 0.243975 0.170445 0.030278 0.039631
1 0.246397 0.201548 0.029383 0.034874
1 0.186171 0.496107 0.033841 0.058658
1 0.318332 0.396124 0.025825 0.045973
1 0.287620 0.241565 0.024910 0.044388
1 0.291774 0.389652 0.023313 0.041317
1 0.312088 0.518964 0.027625 0.041183
1 0.541393 0.742492 0.030278 0.053893
1 0.692658 0.908746 0.028492 0.057072
1 0.748841 0.198914 0.027606 0.042760
1 0.767677 0.230457 0.025137 0.034857
1 0.718598 0.412777 0.023153 0.047567
1 0.732844 0.392945 0.024934 0.039614
1 0.726925 0.894182 0.029920 0.052173
1 0.715662 0.945755 0.033624 0.053188
1 0.773360 0.939853 0.029387 0.058649
1 0.877432 0.819673 0.032950 0.049144
2 0.312542 0.434169 0.028497 0.045973
2 0.765792 0.641833 0.032055 0.052307
3 0.281381 0.564929 0.032064 0.047592
3 0.725721 0.639455 0.030273 0.057064
4 0.723900 0.522148 0.138996 0.304362
5 0.271503 0.501539 0.150490 0.320210
1 0.247505 0.692131 0.032926 0.061812
1 0.762264 0.840990 0.032041 0.058591
1 0.226692 0.732546 0.032950 0.053935
1 0.229284 0.953318 0.032950 0.047576
1 0.127608 0.744501 0.036508 0.049136
