0 0.636105 0.677416 0.079298 0.141007
0 0.265127 0.799971 0.084354 0.176049
0 0.318287 0.905541 0.087253 0.131485
0 0.683728 0.311216 0.075702 0.096728
1 0.089340 0.823301 0.040961 0.050730
1 0.243975 0.165898 0.030278 0.039631
1 0.264849 0.197395 0.029387 0.034874
1 0.187842 0.494249 0.033836 0.058649
1 0.318332 0.396124 0.025825 0.045973
1 0.287620 0.241565 0.024910 0.044388
1 0.292594 0.389652 0.023313 0.041317
1 0.312088 0.518964 0.027625 0.041183
1 0.514899 0.498528 0.030278 0.053901
1 0.666949 0.681376 0.028497 0.057064
1 0.759008 0.210336 0.027601 0.036460
1 0.769343 0.235025 0.024934 0.040000
1 0.722992 0.408599 0.023148 0.047567
1 0.732844 0.392945 0.024934 0.039614
1 0.728598 0.889136 0.031475 0.056309
1 0.718226 0.945755 0.033624 0.053188
1 0.773360 0.939853 0.029387 0.058649
1 0.883174 0.820696 0.032945 0.049144
2 0.312542 0.434169 0.028497 0.045973
2 0.765792 0.641833 0.032055 0.052307
3 0.280518 0.565440 0.032064 0.047592
3 0.725721 0.639455 0.030273 0.057064
4 0.723765 0.522148 0.139265 0.304362
5 0.271678 0.501539 0.150490 0.320210
1 0.262538 0.846334 0.032926 0.061812
1 0.683570 0.649249 0.028497 0.064958
1 0.263812 0.924086 0.032950 0.053926
1 0.229284 0.953318 0.032950 0.047576
1 0.125888 0.746200 0.036508 0.049144
