0 0.632714 0.877865 0.094892 0.163985
0 0.252373 0.678423 0.092191 0.128289
0 0.250250 0.798511 0.079434 0.164153
0 0.605382 0.694316 0.093591 0.145780
1 0.094995 0.819157 0.040961 0.050730
1 0.243975 0.173809 0.030278 0.039631
1 0.245441 0.205373 0.029383 0.034874
1 0.184936 0.497479 0.033841 0.058649
1 0.318332 0.396124 0.025825 0.045973
1 0.287620 0.241565 0.024910 0.044388
1 0.291774 0.389652 0.023313 0.041317
1 0.312088 0.518964 0.027625 0.041183
1 0.539910 0.714904 0.030273 0.055512
1 0.560688 0.948574 0.028492 0.057064
1 0.754484 0.201791 0.027601 0.042760
1 0.718598 0.412777 0.023153 0.047567
1 0.732844 0.392945 0.024934 0.039614
1 0.719823 0.922471 0.029383 0.050747
1 0.710328 0.953683 0.033624 0.053188
1 0.773360 0.939853 0.029387 0.058649
1 0.876838 0.819375 0.032950 0.049136
2 0.312542 0.434169 0.028497 0.045973
2 0.765792 0.641833 0.032055 0.052307
3 0.281381 0.564929 0.032064 0.047592
3 0.725721 0.639455 0.030273 0.057064
4 0.723047 0.522148 0.138921 0.304362
5 0.271376 0.501539 0.150490 0.320210
1 0.224498 0.666514 0.031381 0.060428
1 0.576129 0.867227 0.032342 0.058599
1 0.205584 0.702773 0.024929 0.053935
1 0.229284 0.953318 0.032950 0.047576
1 0.128883 0.743242 0.036513 0.049136
