0 0.470705 0.687500 0.079298 0.141007
0 0.580243 0.899706 0.091682 0.145940
0 0.672368 0.912303 0.087253 0.131485
0 0.704350 0.351690 0.074797 0.099874
1 0.086126 0.825654 0.040961 0.050721
1 0.243975 0.161409 0.030278 0.039631
1 0.249255 0.196783 0.029387 0.034874
1 0.189491 0.492412 0.033836 0.058649
1 0.318332 0.396124 0.025825 0.045973
1 0.287620 0.241565 0.024910 0.044388
1 0.294493 0.389656 0.023313 0.041326
1 0.312088 0.518964 0.027625 0.041183
1 0.513966 0.500549 0.030278 0.053901
1 0.523645 0.638003 0.028497 0.057064
1 0.760895 0.210503 0.027606 0.036460
1 0.766244 0.231921 0.024929 0.033289
1 0.682316 0.412940 0.028497 0.045931
1 0.730997 0.388993 0.024934 0.039614
1 0.727912 0.888951 0.032950 0.060235
1 0.720756 0.945755 0.033624 0.053188
1 0.773360 0.939853 0.029387 0.058649
1 0.876576 0.820961 0.032945 0.049136
2 0.312542 0.434169 0.028497 0.045973
2 0.765792 0.641833 0.032055 0.052307
3 0.280264 0.566514 0.032064 0.047592
3 0.725721 0.639455 0.030273 0.057064
4 0.723633 0.522148 0.139529 0.304362
5 0.271847 0.501539 0.150490 0.320210
1 0.608131 0.901267 0.032926 0.061812
1 0.630660 0.809086 0.032950 0.066560
1 0.622764 0.924568 0.032945 0.054371
1 0.229284 0.953318 0.032950 0.047576
1 0.124187 0.747886 0.036508 0.049144
