0 0.256039 0.454861 0.086375 0.118722
0 0.687023 0.133500 0.075687 0.137722
0 0.722199 0.427944 0.108633 0.163056
0 0.502254 0.910667 0.137133 0.178667
1 0.065918 0.670951 0.040961 0.072819
1 0.212848 0.594174 0.040961 0.061736
1 0.281414 0.186535 0.026719 0.047486
1 0.470195 0.215819 0.033844 0.058583
1 0.527184 0.298924 0.040961 0.075986
1 0.541879 0.154076 0.034727 0.055403
1 0.687027 0.104215 0.031164 0.044319
1 0.821488 0.340882 0.032945 0.058569
1 0.645602 0.970833 0.042703 0.058333
1 0.689652 0.976479 0.038383 0.037986
1 0.818371 0.057514 0.026711 0.052250
1 0.866457 0.146951 0.023148 0.044319
1 0.806793 0.925826 0.042742 0.069653
1 0.936801 0.798382 0.035617 0.077569
1 0.850426 0.411326 0.033836 0.063319
2 0.589027 0.864076 0.038383 0.069653
2 0.896285 0.623451 0.040070 0.069653
3 0.254656 0.313174 0.030359 0.050653
3 0.789430 0.309215 0.031172 0.055403
4 0.834844 0.443799 0.173641 0.365653
5 0.257375 0.451694 0.179875 0.365694
