1 0.219020 0.692278 0.028539 0.049857
0 0.566261 0.899694 0.090891 0.151569
0 0.263549 0.756246 0.098992 0.147978
0 0.295947 0.889279 0.098058 0.142064
0 0.647229 0.842223 0.098907 0.171074
1 0.097938 0.816997 0.040966 0.050721
1 0.243975 0.178138 0.030278 0.039631
1 0.244211 0.210306 0.029383 0.034874
1 0.183591 0.498687 0.033836 0.058649
1 0.318332 0.396124 0.025825 0.045973
1 0.287620 0.241565 0.024910 0.044388
1 0.291774 0.389652 0.023313 0.041317
1 0.312088 0.518964 0.027625 0.041183
1 0.538494 0.711711 0.030278 0.055520
1 0.247026 0.879081 0.033845 0.057072
1 0.757929 0.202353 0.027601 0.042760
1 0.718598 0.412777 0.023153 0.047567
1 0.732844 0.392945 0.024934 0.039614
1 0.722835 0.915625 0.029383 0.050747
1 0.710328 0.953683 0.033624 0.053188
1 0.773360 0.939853 0.029387 0.058649
1 0.879107 0.819375 0.032945 0.049136
2 0.312542 0.434169 0.028497 0.045973
2 0.765792 0.641833 0.032055 0.052307
3 0.281381 0.564929 0.032064 0.047592
3 0.725721 0.639455 0.030273 0.057064
4 0.723047 0.522148 0.138921 0.304362
5 0.271211 0.501539 0.150490 0.320210
1 0.234788 0.640164 0.024939 0.045982
1 0.499731 0.946468 0.033836 0.058591
1 0.229284 0.953318 0.032950 0.047576
1 0.130441 0.741703 0.036508 0.049144
