1 0.872188 0.145792 0.027609 0.058583
0 0.464414 0.381958 0.100703 0.166250
0 0.424895 0.915049 0.127367 0.169903
0 0.682387 0.179063 0.069070 0.130681
0 0.790469 0.638417 0.111328 0.185111
1 0.351941 0.431910 0.034727 0.060181
1 0.651383 0.531639 0.032078 0.066500
1 0.529145 0.291493 0.032945 0.060153
1 0.543660 0.150118 0.029383 0.050653
1 0.736445 0.127931 0.023156 0.041111
1 0.815168 0.048313 0.023148 0.045903
1 0.936355 0.799174 0.034727 0.066486
1 0.282750 0.183368 0.027609 0.047486
1 0.584621 0.596549 0.032945 0.066486
1 0.513613 0.430812 0.035617 0.066486
2 0.896730 0.622667 0.032055 0.068083
3 0.255594 0.313965 0.028500 0.049069
3 0.789492 0.312813 0.028516 0.045875
4 0.835734 0.435069 0.175422 0.351444
5 0.257375 0.449319 0.174531 0.357778
1 0.466887 0.945604 0.037398 0.064903
1 0.506262 0.990604 0.040070 0.018792
1 0.572363 0.929799 0.046305 0.071236
2 0.511168 0.938271 0.033852 0.068042
