0 0.644663 0.886200 0.090881 0.155285
0 0.251546 0.677915 0.092224 0.127039
0 0.245796 0.787299 0.076173 0.163372
0 0.602413 0.686657 0.094769 0.143129
1 0.094901 0.819224 0.040961 0.050730
1 0.243975 0.173674 0.030278 0.039631
1 0.245481 0.205222 0.029387 0.034874
1 0.184986 0.497424 0.033836 0.058658
1 0.318332 0.396124 0.025825 0.045973
1 0.287620 0.241565 0.024910 0.044388
1 0.291774 0.389652 0.023313 0.041317
1 0.312088 0.518964 0.027625 0.041183
1 0.538426 0.718205 0.030273 0.055520
1 0.580575 0.949102 0.028492 0.057064
1 0.754361 0.201762 0.027601 0.042768
1 0.718598 0.412777 0.023153 0.047567
1 0.732844 0.392945 0.024934 0.039614
1 0.719731 0.922685 0.029387 0.050755
1 0.710328 0.953683 0.033624 0.053188
1 0.773360 0.939853 0.029387 0.058649
1 0.876767 0.819375 0.032950 0.049136
2 0.312542 0.434169 0.028497 0.045973
2 0.765792 0.641833 0.032055 0.052307
3 0.281381 0.564929 0.032064 0.047592
3 0.725721 0.639455 0.030273 0.057064
4 0.723033 0.522148 0.138921 0.304362
5 0.271381 0.501539 0.150490 0.320210
1 0.224656 0.666921 0.031499 0.060537
1 0.586817 0.878058 0.032041 0.058599
1 0.205368 0.702987 0.024929 0.053926
1 0.229284 0.953318 0.032950 0.047576
1 0.128834 0.743293 0.036508 0.049136
