1 0.872441 0.145674 0.027602 0.058569
0 0.447367 0.421542 0.100703 0.166250
0 0.363617 0.889632 0.138906 0.195653
0 0.707648 0.313208 0.078188 0.153611
0 0.800988 0.624167 0.127383 0.185111
1 0.352070 0.431910 0.034719 0.060181
1 0.691230 0.544306 0.032070 0.066500
1 0.528957 0.291826 0.032945 0.060153
1 0.543660 0.150118 0.029383 0.050653
1 0.736445 0.127931 0.023156 0.041111
1 0.815281 0.047917 0.023156 0.045917
1 0.936355 0.799174 0.034727 0.066486
1 0.282750 0.183368 0.027609 0.047486
1 0.584621 0.596549 0.032945 0.066486
1 0.519613 0.391937 0.035617 0.066486
2 0.896730 0.622667 0.032055 0.068083
3 0.255594 0.313965 0.028500 0.049069
3 0.789055 0.312250 0.028516 0.045861
4 0.835734 0.435069 0.175422 0.351444
5 0.257375 0.449319 0.174531 0.357778
1 0.401629 0.920271 0.037398 0.064903
1 0.546207 0.983028 0.040070 0.033944
1 0.572184 0.930757 0.046305 0.071236
2 0.446168 0.920333 0.033852 0.068056
