0 0.568471 0.897471 0.089119 0.152156
0 0.256859 0.710403 0.093812 0.171359
0 0.341706 0.896900 0.095457 0.140864
0 0.646758 0.840965 0.098907 0.171074
1 0.097648 0.817211 0.040961 0.050730
1 0.243975 0.177517 0.030278 0.039631
1 0.244387 0.209602 0.029387 0.034874
1 0.183572 0.498997 0.033836 0.058649
1 0.318332 0.396124 0.025825 0.045973
1 0.287620 0.241565 0.024910 0.044388
1 0.291774 0.389652 0.023313 0.041317
1 0.312088 0.518964 0.027625 0.041183
1 0.538351 0.712383 0.030273 0.055520
1 0.281402 0.947483 0.033850 0.057064
1 0.757856 0.202651 0.027606 0.042768
1 0.718598 0.412777 0.023153 0.047567
1 0.732844 0.392945 0.024934 0.039614
1 0.722403 0.916607 0.029387 0.050747
1 0.710328 0.953683 0.033624 0.053188
1 0.773360 0.939853 0.029387 0.058649
1 0.878784 0.819375 0.032950 0.049136
2 0.312542 0.434169 0.028497 0.045973
2 0.765792 0.641833 0.032055 0.052307
3 0.281381 0.564929 0.032064 0.047592
3 0.725721 0.639455 0.030273 0.057064
4 0.723047 0.522148 0.138921 0.304362
5 0.271235 0.501539 0.150490 0.320210
1 0.229041 0.639434 0.024943 0.045982
1 0.500278 0.947458 0.033836 0.058591
1 0.229284 0.953318 0.032950 0.047576
1 0.130290 0.741854 0.036508 0.049144
