0 0.438438 0.673683 0.079298 0.141007
0 0.585686 0.901586 0.091682 0.145940
0 0.678296 0.906598 0.087253 0.131485
0 0.704350 0.351036 0.074797 0.099874
1 0.085664 0.825994 0.040961 0.050730
1 0.243975 0.160763 0.030278 0.039631
1 0.248461 0.196397 0.029383 0.034874
1 0.189727 0.492148 0.033836 0.058658
1 0.318332 0.396124 0.025825 0.045973
1 0.287620 0.241565 0.024910 0.044388
1 0.294767 0.389656 0.023313 0.041326
1 0.312088 0.518964 0.027625 0.041183
1 0.513942 0.500688 0.030278 0.053893
1 0.522401 0.638205 0.028497 0.057064
1 0.760770 0.209857 0.027601 0.036460
1 0.765811 0.232047 0.024929 0.033289
1 0.682410 0.409836 0.028497 0.045277
1 0.730634 0.388221 0.024934 0.039614
1 0.727795 0.891061 0.032950 0.060243
1 0.720959 0.947110 0.032059 0.057072
1 0.773360 0.939853 0.029387 0.058649
1 0.874998 0.820961 0.032945 0.049136
2 0.312542 0.434169 0.028497 0.045973
2 0.765792 0.641833 0.032055 0.052307
3 0.282594 0.566514 0.032069 0.047592
3 0.725721 0.639455 0.030273 0.057064
4 0.723615 0.522148 0.139566 0.304362
5 0.271873 0.501539 0.150485 0.320210
1 0.609470 0.904832 0.032926 0.061812
1 0.627158 0.867739 0.032950 0.066552
1 0.632830 0.936959 0.032945 0.055512
1 0.229284 0.953318 0.032950 0.047576
1 0.123944 0.748125 0.036513 0.049136
