1 0.871793 0.145965 0.027602 0.058569
0 0.502273 0.313056 0.090953 0.117111
0 0.502660 0.916215 0.127367 0.167569
0 0.687703 0.151750 0.065078 0.126750
0 0.799258 0.694667 0.102422 0.202611
1 0.351746 0.431910 0.034727 0.060181
1 0.616465 0.542271 0.032070 0.066486
1 0.532973 0.286264 0.032945 0.060167
1 0.543660 0.150118 0.029383 0.050653
1 0.736445 0.127924 0.023156 0.041097
1 0.814996 0.048917 0.023148 0.045917
1 0.936355 0.799174 0.034727 0.066486
1 0.282750 0.183368 0.027609 0.047486
1 0.584621 0.596549 0.032945 0.066486
1 0.488668 0.400243 0.035617 0.066486
2 0.896730 0.622667 0.032055 0.068083
3 0.255594 0.313965 0.028500 0.049069
3 0.790164 0.313660 0.028516 0.045875
4 0.835734 0.435069 0.175422 0.351444
5 0.257375 0.449319 0.174531 0.357778
1 0.574508 0.931354 0.037406 0.064903
1 0.596910 0.979174 0.042758 0.039847
1 0.632262 0.919493 0.046305 0.071236
2 0.586418 0.887875 0.033852 0.068056
