0 0.428565 0.648293 0.082248 0.150277
0 0.436494 0.903893 0.091687 0.145940
0 0.627910 0.887827 0.090844 0.163205
0 0.704350 0.350164 0.074797 0.099874
1 0.085052 0.826447 0.040961 0.050730
1 0.243975 0.159899 0.030278 0.039631
1 0.247403 0.195885 0.029387 0.034874
1 0.190045 0.491795 0.033841 0.058658
1 0.318332 0.396124 0.025825 0.045973
1 0.287620 0.241565 0.024910 0.044388
1 0.295132 0.389656 0.023318 0.041326
1 0.310980 0.507789 0.027625 0.041183
1 0.513909 0.500872 0.030278 0.053893
1 0.520742 0.638473 0.028497 0.057064
1 0.760608 0.209010 0.027606 0.036460
1 0.765233 0.232219 0.024934 0.033297
1 0.682531 0.405701 0.028492 0.044404
1 0.730153 0.387194 0.024934 0.039622
1 0.727637 0.893880 0.032945 0.060243
1 0.719305 0.947764 0.032059 0.057072
1 0.773360 0.939853 0.029387 0.058649
1 0.872893 0.820961 0.032950 0.049136
2 0.312542 0.434169 0.028497 0.045973
2 0.765792 0.641833 0.032055 0.052307
3 0.282370 0.564270 0.032064 0.047601
3 0.725721 0.639455 0.030273 0.057064
4 0.723589 0.522148 0.139618 0.304362
5 0.271904 0.501539 0.150490 0.320210
1 0.455917 0.910004 0.032926 0.061820
1 0.484698 0.882005 0.032950 0.066560
1 0.484701 0.937466 0.032945 0.055503
1 0.229284 0.953318 0.032950 0.047576
1 0.123617 0.748448 0.036508 0.049144
