0 0.529767 0.672978 0.079298 0.141007
0 0.315372 0.896980 0.091687 0.145940
0 0.405888 0.905013 0.087253 0.131485
0 0.692484 0.319874 0.075702 0.096728
1 0.088704 0.823767 0.040961 0.050721
1 0.243975 0.165008 0.030278 0.039631
1 0.256206 0.198419 0.029387 0.034874
1 0.188167 0.493884 0.033836 0.058658
1 0.318332 0.396124 0.025825 0.045973
1 0.287620 0.241565 0.024910 0.044388
1 0.292971 0.389652 0.023313 0.041317
1 0.312088 0.518964 0.027625 0.041183
1 0.514446 0.499304 0.030278 0.053893
1 0.575808 0.677311 0.028497 0.057072
1 0.759677 0.210864 0.027601 0.036460
1 0.768683 0.232202 0.024934 0.034975
1 0.717802 0.410646 0.023153 0.047567
1 0.732844 0.392945 0.024934 0.039614
1 0.728464 0.888972 0.031781 0.057122
1 0.718725 0.945755 0.033624 0.053188
1 0.773360 0.939853 0.029387 0.058649
1 0.884295 0.820893 0.032945 0.049136
2 0.312542 0.434169 0.028497 0.045973
2 0.765792 0.641833 0.032055 0.052307
3 0.280123 0.565675 0.032064 0.047592
3 0.725721 0.639455 0.030273 0.057064
4 0.723739 0.522148 0.139317 0.304362
5 0.271711 0.501539 0.150490 0.320210
1 0.353122 0.883163 0.032926 0.061812
1 0.620514 0.677513 0.032950 0.066552
1 0.350177 0.941015 0.032945 0.053926
1 0.229284 0.953318 0.032950 0.047576
1 0.125554 0.746535 0.036508 0.049144
