1 0.874340 0.144840 0.027602 0.058569
0 0.493895 0.394403 0.080164 0.112417
0 0.405613 0.514215 0.097102 0.189958
0 0.670562 0.346424 0.069437 0.152014
0 0.697699 0.545861 0.081055 0.180528
1 0.530969 0.429660 0.034734 0.071236
1 0.573977 0.428486 0.033844 0.066500
1 0.527566 0.294299 0.032945 0.060153
1 0.543660 0.150118 0.029383 0.050653
1 0.736445 0.127944 0.023156 0.041139
1 0.816102 0.044993 0.023156 0.045903
1 0.936355 0.799174 0.034727 0.066486
1 0.282750 0.183368 0.027609 0.047486
1 0.584621 0.596549 0.032945 0.066486
1 0.668770 0.385208 0.035617 0.066500
2 0.898766 0.622667 0.032062 0.068083
3 0.255594 0.313965 0.028500 0.049069
3 0.785820 0.308146 0.028516 0.045875
4 0.835734 0.435069 0.175422 0.351444
5 0.257375 0.449319 0.174531 0.357778
1 0.426387 0.458979 0.037398 0.064903
1 0.220379 0.953521 0.040070 0.052236
1 0.569637 0.933139 0.046305 0.071250
2 0.398465 0.895549 0.048977 0.088653
