0 0.610005 0.711485 0.080339 0.144027
0 0.264776 0.692416 0.096103 0.137064
0 0.328120 0.891762 0.097549 0.155705
0 0.573944 0.429153 0.067512 0.117198
1 0.090398 0.822525 0.040966 0.050721
1 0.243975 0.167383 0.030278 0.039631
1 0.253438 0.198251 0.029383 0.034874
1 0.187297 0.494853 0.033841 0.058649
1 0.318332 0.396124 0.025825 0.045973
1 0.287620 0.241565 0.024910 0.044388
1 0.291967 0.389652 0.023313 0.041317
1 0.312088 0.518964 0.027625 0.041183
1 0.515653 0.497236 0.030278 0.053901
1 0.698506 0.907471 0.031169 0.057072
1 0.754123 0.199857 0.027606 0.036460
1 0.774277 0.231200 0.024934 0.042701
1 0.720754 0.410721 0.023148 0.047567
1 0.732844 0.392945 0.024934 0.039614
1 0.728820 0.889413 0.030966 0.054966
1 0.717392 0.945755 0.033624 0.053188
1 0.773360 0.939853 0.029387 0.058649
1 0.881305 0.820361 0.032950 0.049144
2 0.312542 0.434169 0.028497 0.045973
2 0.765792 0.641833 0.032055 0.052307
3 0.281178 0.565055 0.032064 0.047592
3 0.725721 0.639455 0.030273 0.057064
4 0.723808 0.522148 0.139180 0.304362
5 0.271621 0.501539 0.150490 0.320210
1 0.231364 0.702836 0.032926 0.061812
1 0.778744 0.798674 0.032041 0.058591
1 0.209041 0.748767 0.032945 0.053926
1 0.229284 0.953318 0.032950 0.047576
1 0.126449 0.745646 0.036508 0.049144
