0 0.610702 0.895046 0.089114 0.152156
0 0.264616 0.685940 0.091692 0.146846
0 0.329526 0.857441 0.098666 0.161393
0 0.661645 0.816317 0.098907 0.171074
1 0.096418 0.818112 0.040961 0.050721
1 0.243975 0.175797 0.030278 0.039631
1 0.244875 0.207638 0.029383 0.034874
1 0.184204 0.498293 0.033836 0.058649
1 0.318332 0.396124 0.025825 0.045973
1 0.287620 0.241565 0.024910 0.044388
1 0.291774 0.389652 0.023313 0.041317
1 0.312088 0.518964 0.027625 0.041183
1 0.537945 0.714245 0.030273 0.055520
1 0.385940 0.944480 0.033850 0.057064
1 0.756291 0.202253 0.027606 0.042760
1 0.718598 0.412777 0.023153 0.047567
1 0.732844 0.392945 0.024934 0.039614
1 0.721209 0.919325 0.029383 0.050747
1 0.710328 0.953683 0.033624 0.053188
1 0.773360 0.939853 0.029387 0.058649
1 0.877882 0.819375 0.032945 0.049136
2 0.312542 0.434169 0.028497 0.045973
2 0.765792 0.641833 0.032055 0.052307
3 0.281381 0.564929 0.032064 0.047592
3 0.725721 0.639455 0.030273 0.057064
4 0.723047 0.522148 0.138921 0.304362
5 0.271301 0.501539 0.150490 0.320210
1 0.216070 0.668620 0.029680 0.058901
1 0.501791 0.950206 0.033836 0.058599
1 0.214493 0.718528 0.024934 0.053935
1 0.229284 0.953318 0.032950 0.047576
1 0.129637 0.742496 0.036513 0.049136
