0 0.693438 0.815751 0.088732 0.154153
0 0.247740 0.675575 0.092380 0.121267
0 0.275170 0.790281 0.096569 0.157710
0 0.610247 0.607685 0.072201 0.136292
1 0.094458 0.819551 0.040961 0.050730
1 0.243975 0.173054 0.030278 0.039631
1 0.245655 0.204518 0.029387 0.034874
1 0.185212 0.497173 0.033836 0.058658
1 0.318332 0.396124 0.025825 0.045973
1 0.287620 0.241565 0.024910 0.044388
1 0.291774 0.389652 0.023313 0.041317
1 0.312088 0.518964 0.027625 0.041183
1 0.539295 0.706619 0.030278 0.055520
1 0.679771 0.934937 0.028497 0.057072
1 0.753798 0.201619 0.027606 0.042768
1 0.718598 0.412777 0.023153 0.047567
1 0.732844 0.392945 0.024934 0.039614
1 0.725808 0.914635 0.029383 0.050747
1 0.710328 0.953683 0.033624 0.053188
1 0.773360 0.939853 0.029387 0.058649
1 0.876442 0.819375 0.032950 0.049136
2 0.312542 0.434169 0.028497 0.045973
2 0.765792 0.641833 0.032055 0.052307
3 0.281381 0.564929 0.032064 0.047592
3 0.725721 0.639455 0.030273 0.057064
4 0.722679 0.522148 0.138921 0.304362
5 0.271404 0.501539 0.150490 0.320210
1 0.225384 0.668792 0.032031 0.061007
1 0.607297 0.829866 0.032041 0.058591
1 0.204378 0.703972 0.024929 0.053935
1 0.229284 0.953318 0.032950 0.047576
1 0.128598 0.743523 0.036508 0.049144
