0 0.583358 0.893595 0.089119 0.152156
0 0.263640 0.688175 0.091541 0.152357
0 0.340144 0.853280 0.099788 0.144111
0 0.650217 0.833029 0.098907 0.171074
1 0.096843 0.817802 0.040961 0.050721
1 0.243975 0.176393 0.030278 0.039631
1 0.244708 0.208314 0.029387 0.034883
1 0.183987 0.498536 0.033836 0.058649
1 0.318332 0.396124 0.025825 0.045973
1 0.287620 0.241565 0.024910 0.044388
1 0.291774 0.389652 0.023313 0.041317
1 0.312088 0.518964 0.027625 0.041183
1 0.538084 0.713607 0.030278 0.055520
1 0.347328 0.948012 0.033845 0.057064
1 0.756828 0.202391 0.027606 0.042768
1 0.718598 0.412777 0.023153 0.047567
1 0.732844 0.392945 0.024934 0.039614
1 0.721619 0.918389 0.029383 0.050755
1 0.710328 0.953683 0.033624 0.053188
1 0.773360 0.939853 0.029387 0.058649
1 0.878190 0.819375 0.032950 0.049136
2 0.312542 0.434169 0.028497 0.045973
2 0.765792 0.641833 0.032055 0.052307
3 0.281381 0.564929 0.032064 0.047592
3 0.725721 0.639455 0.030273 0.057064
4 0.723047 0.522148 0.138921 0.304362
5 0.271277 0.501539 0.150490 0.320210
1 0.216020 0.666384 0.027648 0.053691
1 0.501268 0.949262 0.033836 0.058591
1 0.218153 0.728221 0.024929 0.053926
1 0.229284 0.953318 0.032950 0.047576
1 0.129861 0.742273 0.036508 0.049144
