0 0.712109 0.729224 0.093577 0.134723
0 0.269126 0.683343 0.092568 0.114253
0 0.259303 0.836556 0.100650 0.167810
0 0.657302 0.543150 0.078402 0.144270
1 0.093129 0.820524 0.040961 0.050730
1 0.243975 0.171200 0.030278 0.039631
1 0.246183 0.202404 0.029387 0.034874
1 0.185893 0.496414 0.033841 0.058649
1 0.318332 0.396124 0.025825 0.045973
1 0.287620 0.241565 0.024910 0.044388
1 0.291774 0.389652 0.023313 0.041317
1 0.312088 0.518964 0.027625 0.041183
1 0.540280 0.702282 0.030278 0.055520
1 0.691854 0.909606 0.028497 0.057064
1 0.752111 0.201191 0.027606 0.042768
1 0.766482 0.228138 0.022747 0.030218
1 0.718598 0.412777 0.023153 0.047567
1 0.732844 0.392945 0.024934 0.039614
1 0.724840 0.898242 0.029661 0.051485
1 0.715238 0.945755 0.033624 0.053188
1 0.773360 0.939853 0.029387 0.058649
1 0.876480 0.819505 0.032950 0.049144
2 0.312542 0.434169 0.028497 0.045973
2 0.765792 0.641833 0.032055 0.052307
3 0.281381 0.564929 0.032064 0.047592
3 0.725721 0.639455 0.030273 0.057064
4 0.723921 0.522148 0.138954 0.304362
5 0.271475 0.501539 0.150490 0.320210
1 0.240657 0.686040 0.032926 0.061812
1 0.755634 0.849492 0.032041 0.058599
1 0.226678 0.736615 0.032950 0.053935
1 0.229284 0.953318 0.032950 0.047576
1 0.127896 0.744220 0.036508 0.049144
