1 0.218084 0.685382 0.030410 0.051284
0 0.566284 0.899480 0.089562 0.152013
0 0.261664 0.748926 0.097644 0.158389
0 0.300064 0.899362 0.094595 0.137970
0 0.647107 0.841892 0.098907 0.171065
1 0.097938 0.816997 0.040966 0.050721
1 0.243975 0.177978 0.030278 0.039631
1 0.244255 0.210122 0.029387 0.034874
1 0.183466 0.499044 0.033841 0.058658
1 0.318332 0.396124 0.025825 0.045973
1 0.287620 0.241565 0.024910 0.044388
1 0.291774 0.389652 0.023313 0.041317
1 0.312088 0.518964 0.027625 0.041183
1 0.538457 0.711883 0.030278 0.055512
1 0.251334 0.892282 0.033845 0.057064
1 0.758150 0.202647 0.027601 0.042760
1 0.718598 0.412777 0.023153 0.047567
1 0.732844 0.392945 0.024934 0.039614
1 0.722721 0.915881 0.029383 0.050755
1 0.710328 0.953683 0.033624 0.053188
1 0.773360 0.939853 0.029387 0.058649
1 0.879025 0.819375 0.032950 0.049136
2 0.312542 0.434169 0.028497 0.045973
2 0.765792 0.641833 0.032055 0.052307
3 0.281381 0.564929 0.032064 0.047592
3 0.725721 0.639455 0.030273 0.057064
4 0.723047 0.522148 0.138921 0.304362
5 0.271216 0.501539 0.150490 0.320210
1 0.233315 0.638523 0.024943 0.045990
1 0.499877 0.946728 0.033836 0.058591
1 0.229284 0.953318 0.032950 0.047576
1 0.130441 0.741703 0.036508 0.049144
