0 0.484578 0.680025 0.079298 0.141007
0 0.547008 0.905747 0.091687 0.145940
0 0.640808 0.911858 0.087253 0.131485
0 0.704350 0.352395 0.074797 0.099874
1 0.086628 0.825289 0.040966 0.050730
1 0.243975 0.162106 0.030278 0.039631
1 0.250115 0.197202 0.029383 0.034874
1 0.189234 0.492697 0.033841 0.058649
1 0.318332 0.396124 0.025825 0.045973
1 0.287620 0.241565 0.024910 0.044388
1 0.294199 0.389656 0.023318 0.041326
1 0.312088 0.518964 0.027625 0.041183
1 0.513992 0.500403 0.030273 0.053893
1 0.523461 0.642550 0.028497 0.057064
1 0.761027 0.211191 0.027606 0.036460
1 0.766713 0.231779 0.024934 0.033289
1 0.682217 0.416305 0.028497 0.046636
1 0.731388 0.389828 0.024934 0.039622
1 0.728025 0.888427 0.032771 0.059773
1 0.720365 0.945755 0.033624 0.053188
1 0.773360 0.939853 0.029387 0.058649
1 0.878287 0.820961 0.032945 0.049136
2 0.312542 0.434169 0.028497 0.045973
2 0.765792 0.641833 0.032055 0.052307
3 0.278829 0.566447 0.032069 0.047592
3 0.725721 0.639455 0.030273 0.057064
4 0.723652 0.522148 0.139491 0.304362
5 0.271824 0.501539 0.150490 0.320210
1 0.587905 0.899190 0.032926 0.061820
1 0.627766 0.760734 0.032950 0.066552
1 0.595672 0.927815 0.032945 0.053935
1 0.229284 0.953318 0.032950 0.047576
1 0.124453 0.747622 0.036513 0.049136
