0 0.641331 0.687760 0.080881 0.144480
0 0.259828 0.691959 0.098308 0.143196
0 0.302962 0.897366 0.087253 0.131477
0 0.619635 0.342672 0.070005 0.106233
1 0.089840 0.822932 0.040961 0.050730
1 0.243975 0.166602 0.030278 0.039631
1 0.261440 0.197601 0.029383 0.034883
1 0.187582 0.494534 0.033836 0.058649
1 0.318332 0.396124 0.025825 0.045973
1 0.287620 0.241565 0.024910 0.044388
1 0.292297 0.389652 0.023313 0.041317
1 0.312088 0.518964 0.027625 0.041183
1 0.515254 0.497919 0.030273 0.053893
1 0.699164 0.843482 0.028497 0.057064
1 0.758480 0.209916 0.027601 0.036460
1 0.769861 0.237253 0.024934 0.043968
1 0.721934 0.409606 0.023153 0.047567
1 0.732844 0.392945 0.024934 0.039614
1 0.728704 0.889266 0.031235 0.055680
1 0.717830 0.945755 0.033624 0.053188
1 0.773360 0.939853 0.029387 0.058649
1 0.882293 0.820537 0.032945 0.049144
2 0.312542 0.434169 0.028497 0.045973
2 0.765792 0.641833 0.032055 0.052307
3 0.280829 0.565256 0.032064 0.047592
3 0.725721 0.639455 0.030273 0.057064
4 0.723784 0.522148 0.139227 0.304362
5 0.271649 0.501539 0.150490 0.320210
1 0.235789 0.706648 0.032926 0.061820
1 0.756211 0.724195 0.030792 0.060839
1 0.228706 0.808695 0.032945 0.053935
1 0.229284 0.953318 0.032950 0.047576
1 0.126152 0.745940 0.036508 0.049144
