1 0.872883 0.145479 0.027609 0.058569
0 0.385801 0.434222 0.092633 0.121944
0 0.300195 0.846062 0.144297 0.223125
0 0.715172 0.344799 0.090766 0.161847
0 0.612770 0.663778 0.119383 0.178833
1 0.359328 0.424792 0.034719 0.060167
1 0.673582 0.541771 0.033836 0.066486
1 0.528633 0.292396 0.032953 0.060153
1 0.543660 0.150118 0.029383 0.050653
1 0.736445 0.127938 0.023156 0.041125
1 0.815473 0.047236 0.023148 0.045917
1 0.936355 0.799174 0.034727 0.066486
1 0.282750 0.183368 0.027609 0.047486
1 0.584621 0.596549 0.032945 0.066486
1 0.477895 0.380687 0.035617 0.066486
2 0.896730 0.622667 0.032055 0.068083
3 0.255594 0.313965 0.028500 0.049069
3 0.788305 0.311299 0.028516 0.045875
4 0.835734 0.435069 0.175422 0.351444
5 0.257375 0.449319 0.174531 0.357778
1 0.338809 0.855944 0.037398 0.064917
1 0.459066 0.938472 0.040070 0.066500
1 0.571590 0.931313 0.046305 0.071236
2 0.416328 0.892597 0.040953 0.079194
