0 0.474866 0.677861 0.079298 0.141007
0 0.526668 0.905747 0.091687 0.145940
0 0.618951 0.910235 0.087253 0.131477
0 0.704350 0.352806 0.074797 0.099874
1 0.086918 0.825080 0.040961 0.050730
1 0.243975 0.162508 0.030278 0.039631
1 0.250613 0.197445 0.029387 0.034874
1 0.189086 0.492865 0.033836 0.058649
1 0.318332 0.396124 0.025825 0.045973
1 0.287620 0.241565 0.024910 0.044388
1 0.294027 0.389656 0.023313 0.041326
1 0.312088 0.518964 0.027625 0.041183
1 0.514008 0.500315 0.030278 0.053901
1 0.521944 0.649576 0.028497 0.057072
1 0.761105 0.211594 0.027601 0.036460
1 0.766984 0.231699 0.024929 0.033297
1 0.682161 0.418242 0.028497 0.047055
1 0.731612 0.390310 0.024929 0.039614
1 0.728084 0.888503 0.032634 0.059404
1 0.720134 0.945755 0.033624 0.053188
1 0.773360 0.939853 0.029387 0.058649
1 0.879274 0.820961 0.032950 0.049136
2 0.312542 0.434169 0.028497 0.045973
2 0.765792 0.641833 0.032055 0.052307
3 0.279008 0.566338 0.032069 0.047592
3 0.725721 0.639455 0.030273 0.057064
4 0.723664 0.522148 0.139467 0.304362
5 0.271805 0.501539 0.150490 0.320210
1 0.568933 0.894018 0.032926 0.061812
1 0.631513 0.740323 0.032950 0.066552
1 0.569564 0.929975 0.032945 0.053926
1 0.229284 0.953318 0.032950 0.047576
1 0.124607 0.747471 0.036508 0.049136
