1 0.873566 0.145181 0.027602 0.058583
0 0.367809 0.431132 0.080180 0.112431
0 0.279637 0.837333 0.124695 0.183222
0 0.577539 0.329056 0.081016 0.167833
0 0.734434 0.709868 0.099211 0.193847
1 0.392277 0.426368 0.034727 0.071236
1 0.571410 0.482563 0.033836 0.066486
1 0.528129 0.293285 0.032945 0.060153
1 0.543660 0.150118 0.029383 0.050653
1 0.736445 0.127944 0.023156 0.041139
1 0.815766 0.046188 0.023156 0.045903
1 0.936355 0.799174 0.034727 0.066486
1 0.282750 0.183368 0.027609 0.047486
1 0.584621 0.596549 0.032945 0.066486
1 0.513828 0.354340 0.035625 0.066486
2 0.896730 0.622667 0.032055 0.068083
3 0.255594 0.313965 0.028500 0.049069
3 0.787141 0.309819 0.028516 0.045861
4 0.835734 0.435069 0.175422 0.351444
5 0.257375 0.449319 0.174531 0.357778
1 0.311691 0.845868 0.037398 0.064903
1 0.224699 0.953521 0.040070 0.052236
1 0.570676 0.932174 0.046305 0.071236
2 0.397809 0.895410 0.048977 0.088653
