1 0.872777 0.145535 0.027602 0.058569
0 0.391430 0.434222 0.092625 0.121944
0 0.299652 0.849708 0.143398 0.218639
0 0.715984 0.343333 0.089141 0.156611
0 0.650934 0.659028 0.119383 0.178833
1 0.353098 0.428743 0.034727 0.060181
1 0.683020 0.517396 0.033836 0.066486
1 0.528711 0.292257 0.032953 0.060153
1 0.543660 0.150118 0.029383 0.050653
1 0.736445 0.127938 0.023156 0.041125
1 0.815426 0.047403 0.023148 0.045917
1 0.936355 0.799174 0.034727 0.066486
1 0.282750 0.183368 0.027609 0.047486
1 0.584621 0.596549 0.032945 0.066486
1 0.478031 0.380937 0.035625 0.066486
2 0.896730 0.622667 0.032055 0.068083
3 0.255594 0.313965 0.028500 0.049069
3 0.788484 0.311528 0.028516 0.045861
4 0.835734 0.435069 0.175422 0.351444
5 0.257375 0.449319 0.174531 0.357778
1 0.336824 0.861993 0.037398 0.064903
1 0.502254 0.941639 0.040070 0.066500
1 0.571730 0.931181 0.046305 0.071250
2 0.417961 0.911861 0.040953 0.079194
