1 0.873098 0.145389 0.027602 0.058583
0 0.398539 0.431875 0.102391 0.136250
0 0.299648 0.844306 0.144297 0.223111
0 0.684855 0.341722 0.092633 0.167833
0 0.676758 0.674861 0.119375 0.178833
1 0.373574 0.413444 0.034727 0.060167
1 0.651852 0.566465 0.033844 0.066486
1 0.528477 0.292674 0.032953 0.060153
1 0.543660 0.150118 0.029383 0.050653
1 0.736445 0.127938 0.023156 0.041125
1 0.815563 0.046910 0.023156 0.045903
1 0.936355 0.799174 0.034727 0.066486
1 0.282750 0.183368 0.027609 0.047486
1 0.584621 0.596549 0.032945 0.066486
1 0.477613 0.380194 0.035617 0.066500
2 0.896730 0.622667 0.032055 0.068083
3 0.255594 0.313965 0.028500 0.049069
3 0.787941 0.310840 0.028508 0.045875
4 0.835734 0.435069 0.175422 0.351444
5 0.257375 0.449319 0.174531 0.357778
1 0.335734 0.861701 0.037406 0.064903
1 0.353988 0.943229 0.040070 0.066514
1 0.571301 0.931576 0.046305 0.071236
2 0.402836 0.882924 0.048969 0.088653
