0 0.468848 0.673448 0.079298 0.141007
0 0.449991 0.905185 0.091687 0.145940
0 0.541923 0.907622 0.087257 0.131485
0 0.698852 0.334299 0.075123 0.104354
1 0.087512 0.824639 0.040961 0.050721
1 0.243975 0.163347 0.030278 0.039631
1 0.251638 0.197940 0.029383 0.034874
1 0.188779 0.493205 0.033836 0.058658
1 0.318332 0.396124 0.025825 0.045973
1 0.287620 0.241565 0.024910 0.044388
1 0.293673 0.389656 0.023313 0.041326
1 0.312088 0.518964 0.027625 0.041183
1 0.514039 0.500138 0.030273 0.053901
1 0.518452 0.662395 0.028497 0.057072
1 0.760933 0.211862 0.027606 0.036460
1 0.767542 0.231535 0.024934 0.033289
1 0.694828 0.446485 0.027479 0.047567
1 0.732078 0.391305 0.024929 0.039622
1 0.728212 0.888658 0.032352 0.058641
1 0.719665 0.945755 0.033629 0.053188
1 0.773360 0.939853 0.029387 0.058649
1 0.881315 0.820961 0.032950 0.049136
2 0.312542 0.434169 0.028497 0.045973
2 0.765792 0.641833 0.032055 0.052307
3 0.279380 0.566120 0.032069 0.047592
3 0.725721 0.639455 0.030273 0.057064
4 0.723690 0.522148 0.139416 0.304362
5 0.271777 0.501539 0.150490 0.320210
1 0.487161 0.878129 0.032926 0.061812
1 0.645080 0.701665 0.032950 0.066552
1 0.486838 0.934954 0.032950 0.053935
1 0.229284 0.953318 0.032950 0.047576
1 0.124922 0.747160 0.036508 0.049136
