0 0.615337 0.711011 0.084642 0.148968
0 0.257825 0.687911 0.096103 0.131426
0 0.325514 0.893679 0.098718 0.153196
0 0.584338 0.386829 0.065057 0.106242
1 0.090189 0.822680 0.040961 0.050730
1 0.243975 0.167081 0.030278 0.039631
1 0.256473 0.197999 0.029383 0.034874
1 0.187406 0.494732 0.033841 0.058658
1 0.318332 0.396124 0.025825 0.045973
1 0.287620 0.241565 0.024910 0.044388
1 0.292095 0.389652 0.023313 0.041317
1 0.312088 0.518964 0.027625 0.041183
1 0.515502 0.497496 0.030278 0.053901
1 0.703987 0.904832 0.032893 0.057064
1 0.756418 0.205310 0.027606 0.036460
1 0.771949 0.234954 0.024934 0.044153
1 0.721202 0.410302 0.023148 0.047567
1 0.732844 0.392945 0.024934 0.039614
1 0.728777 0.889358 0.031070 0.055243
1 0.717557 0.945755 0.033624 0.053188
1 0.773360 0.939853 0.029387 0.058649
1 0.881680 0.820428 0.032945 0.049144
2 0.312542 0.434169 0.028497 0.045973
2 0.765792 0.641833 0.032055 0.052307
3 0.281046 0.565130 0.032064 0.047592
3 0.725721 0.639455 0.030273 0.057064
4 0.723801 0.522148 0.139194 0.304362
5 0.271631 0.501539 0.150490 0.320210
1 0.228669 0.697164 0.032926 0.061812
1 0.779920 0.781586 0.032045 0.058591
1 0.212363 0.755625 0.032945 0.053935
1 0.229284 0.953318 0.032950 0.047576
1 0.126336 0.745759 0.036508 0.049136
