0 0.644651 0.894648 0.089114 0.139463
0 0.259816 0.682991 0.091885 0.139572
0 0.302571 0.868389 0.099345 0.177383
0 0.671885 0.770940 0.098907 0.171074
1 0.095862 0.818519 0.040961 0.050730
1 0.243975 0.175017 0.030278 0.039631
1 0.245097 0.206749 0.029383 0.034874
1 0.184491 0.497974 0.033836 0.058649
1 0.318332 0.396124 0.025825 0.045973
1 0.287620 0.241565 0.024910 0.044388
1 0.291774 0.389652 0.023313 0.041317
1 0.312088 0.518964 0.027625 0.041183
1 0.536942 0.722697 0.030273 0.055512
1 0.448789 0.937475 0.033845 0.057064
1 0.755584 0.202076 0.027606 0.042760
1 0.718598 0.412777 0.023153 0.047567
1 0.732844 0.392945 0.024934 0.039614
1 0.720667 0.920558 0.029383 0.050747
1 0.710328 0.953683 0.033624 0.053188
1 0.773360 0.939853 0.029387 0.058649
1 0.877472 0.819375 0.032945 0.049136
2 0.312542 0.434169 0.028497 0.045973
2 0.765792 0.641833 0.032055 0.052307
3 0.281381 0.564929 0.032064 0.047592
3 0.725721 0.639455 0.030273 0.057064
4 0.723047 0.522148 0.138921 0.304362
5 0.271329 0.501539 0.150490 0.320210
1 0.223073 0.662857 0.030349 0.059505
1 0.499543 0.933540 0.033836 0.058591
1 0.207521 0.700847 0.024929 0.053926
1 0.229284 0.953318 0.032950 0.047576
1 0.129343 0.742789 0.036508 0.049136
