0 0.479607 0.684857 0.079298 0.141007
0 0.571633 0.902349 0.091682 0.145940
0 0.669625 0.914526 0.087253 0.131485
0 0.704350 0.351879 0.074797 0.099866
1 0.086263 0.825558 0.040961 0.050730
1 0.243975 0.161594 0.030278 0.039631
1 0.249486 0.196900 0.029387 0.034874
1 0.189420 0.492487 0.033836 0.058649
1 0.318332 0.396124 0.025825 0.045973
1 0.287620 0.241565 0.024910 0.044388
1 0.294413 0.389656 0.023313 0.041326
1 0.312088 0.518964 0.027625 0.041183
1 0.513973 0.500512 0.030273 0.053893
1 0.524008 0.637945 0.028497 0.057064
1 0.760931 0.210688 0.027601 0.036460
1 0.766369 0.231879 0.024934 0.033289
1 0.682290 0.413846 0.028492 0.046116
1 0.731100 0.389216 0.024934 0.039622
1 0.727948 0.888331 0.032945 0.060235
1 0.720653 0.945755 0.033624 0.053188
1 0.773360 0.939853 0.029387 0.058649
1 0.877038 0.820961 0.032945 0.049136
2 0.312542 0.434169 0.028497 0.045973
2 0.765792 0.641833 0.032055 0.052307
3 0.279583 0.566514 0.032069 0.047592
3 0.725721 0.639455 0.030273 0.057064
4 0.723638 0.522148 0.139519 0.304362
5 0.271843 0.501539 0.150490 0.320210
1 0.607740 0.900227 0.032926 0.061812
1 0.629105 0.797991 0.032950 0.066552
1 0.617528 0.924786 0.032945 0.053935
1 0.229284 0.953318 0.032950 0.047576
1 0.124260 0.747815 0.036513 0.049136
