0 0.536680 0.673255 0.079298 0.141007
0 0.312858 0.895025 0.091682 0.145940
0 0.401963 0.905013 0.087253 0.131485
0 0.692038 0.318968 0.075707 0.096728
1 0.088765 0.823725 0.040961 0.050721
1 0.243975 0.165092 0.030278 0.039631
1 0.256993 0.198326 0.029387 0.034874
1 0.188136 0.493918 0.033841 0.058658
1 0.318332 0.396124 0.025825 0.045973
1 0.287620 0.241565 0.024910 0.044388
1 0.292936 0.389652 0.023318 0.041317
1 0.312088 0.518964 0.027625 0.041183
1 0.514486 0.499232 0.030273 0.053901
1 0.578636 0.678993 0.028497 0.057064
1 0.759616 0.210814 0.027601 0.036460
1 0.768744 0.232458 0.024934 0.035419
1 0.717099 0.408767 0.023153 0.047567
1 0.732844 0.392945 0.024934 0.039614
1 0.728475 0.888985 0.031748 0.057047
1 0.718678 0.945755 0.033624 0.053188
1 0.773360 0.939853 0.029387 0.058649
1 0.884194 0.820877 0.032950 0.049136
2 0.312542 0.434169 0.028497 0.045973
2 0.765792 0.641833 0.032055 0.052307
3 0.280158 0.565659 0.032069 0.047592
3 0.725721 0.639455 0.030273 0.057064
4 0.723742 0.522148 0.139312 0.304362
5 0.271708 0.501539 0.150485 0.320210
1 0.349979 0.884564 0.032926 0.061812
1 0.617681 0.677513 0.032950 0.066552
1 0.346720 0.942412 0.032950 0.053935
1 0.229284 0.953318 0.032950 0.047576
1 0.125582 0.746506 0.036508 0.049136
