1 0.874473 0.144778 0.027602 0.058583
0 0.493359 0.386451 0.080172 0.112431
0 0.411449 0.486069 0.097102 0.189944
0 0.671371 0.353347 0.069430 0.133000
0 0.691168 0.468639 0.081055 0.180528
1 0.528855 0.432083 0.034727 0.071250
1 0.574352 0.428132 0.033844 0.066486
1 0.527465 0.294479 0.032945 0.060153
1 0.543660 0.150118 0.029383 0.050653
1 0.736445 0.127951 0.023156 0.041153
1 0.816160 0.044785 0.023148 0.045903
1 0.936355 0.799174 0.034727 0.066486
1 0.282750 0.183368 0.027609 0.047486
1 0.584621 0.596549 0.032945 0.066486
1 0.670187 0.411354 0.035625 0.066486
2 0.899910 0.622667 0.032055 0.068083
3 0.255594 0.313965 0.028500 0.049069
3 0.785586 0.307854 0.028516 0.045875
4 0.835734 0.435069 0.175422 0.351444
5 0.257375 0.449319 0.174531 0.357778
1 0.426250 0.452785 0.037406 0.064903
1 0.219613 0.953521 0.040070 0.052236
1 0.569449 0.933312 0.046305 0.071236
2 0.398582 0.895563 0.048977 0.088653
