0 0.482029 0.670478 0.079298 0.141007
0 0.352519 0.904161 0.091682 0.145940
0 0.447257 0.906489 0.087257 0.131485
0 0.689142 0.301065 0.075702 0.111460
1 0.087974 0.824299 0.040961 0.050730
1 0.243975 0.163993 0.030278 0.039631
1 0.252432 0.198326 0.029387 0.034874
1 0.188541 0.493469 0.033841 0.058649
1 0.318332 0.396124 0.025825 0.045973
1 0.287620 0.241565 0.024910 0.044388
1 0.293402 0.389656 0.023318 0.041326
1 0.312088 0.518964 0.027625 0.041183
1 0.514065 0.500004 0.030278 0.053901
1 0.519008 0.669681 0.028497 0.057064
1 0.760448 0.211477 0.027606 0.036460
1 0.767976 0.231401 0.024934 0.033289
1 0.722090 0.440940 0.025443 0.047567
1 0.732439 0.392076 0.024934 0.039622
1 0.728308 0.888779 0.032130 0.058062
1 0.719300 0.945755 0.033624 0.053188
1 0.773360 0.939853 0.029387 0.058649
1 0.882893 0.820961 0.032950 0.049136
2 0.312542 0.434169 0.028497 0.045973
2 0.765792 0.641833 0.032055 0.052307
3 0.279668 0.565948 0.032069 0.047601
3 0.725721 0.639455 0.030273 0.057064
4 0.723709 0.522148 0.139378 0.304362
5 0.271748 0.501539 0.150490 0.320210
1 0.392844 0.882450 0.032926 0.061812
1 0.651475 0.677278 0.032950 0.066552
1 0.392022 0.939325 0.032950 0.053935
1 0.229284 0.953318 0.032950 0.047576
1 0.125167 0.746917 0.036508 0.049136
