1 0.874156 0.144917 0.027609 0.058583
0 0.497969 0.425021 0.080234 0.112431
0 0.401047 0.520986 0.106234 0.203500
0 0.665684 0.331653 0.089898 0.154139
0 0.721297 0.713660 0.090844 0.199542
1 0.530305 0.427035 0.034734 0.071236
1 0.573480 0.428958 0.033836 0.066500
1 0.527699 0.294063 0.032945 0.060153
1 0.543660 0.150118 0.029383 0.050653
1 0.736445 0.127944 0.023156 0.041139
1 0.816023 0.045271 0.023156 0.045903
1 0.936355 0.799174 0.034727 0.066486
1 0.282750 0.183368 0.027609 0.047486
1 0.584621 0.596549 0.032945 0.066486
1 0.650070 0.363840 0.035625 0.066486
2 0.897238 0.622667 0.032055 0.068083
3 0.255594 0.313965 0.028500 0.049069
3 0.786133 0.308535 0.028516 0.045875
4 0.835734 0.435069 0.175422 0.351444
5 0.257375 0.449319 0.174531 0.357778
1 0.421520 0.480715 0.037398 0.064903
1 0.221395 0.953521 0.040070 0.052236
1 0.569879 0.932910 0.046305 0.071236
2 0.398309 0.895507 0.048977 0.088653
