0 0.608089 0.709287 0.076508 0.139631
0 0.269833 0.695692 0.096103 0.141166
0 0.328122 0.891275 0.094811 0.154732
0 0.567646 0.461342 0.069703 0.126946
1 0.090551 0.822412 0.040961 0.050730
1 0.243975 0.167592 0.030278 0.039631
1 0.251230 0.198427 0.029387 0.034874
1 0.187217 0.494941 0.033841 0.058658
1 0.318332 0.396124 0.025825 0.045973
1 0.287620 0.241565 0.024910 0.044388
1 0.291878 0.389652 0.023313 0.041317
1 0.312088 0.518964 0.027625 0.041183
1 0.514696 0.512882 0.030278 0.053901
1 0.694522 0.909388 0.029910 0.057064
1 0.752451 0.195889 0.027606 0.036460
1 0.775973 0.228469 0.024934 0.041636
1 0.720429 0.411032 0.023148 0.047567
1 0.732844 0.392945 0.024934 0.039614
1 0.728852 0.889451 0.030891 0.054773
1 0.717269 0.945755 0.033624 0.053188
1 0.773360 0.939853 0.029387 0.058649
1 0.881034 0.820315 0.032945 0.049136
2 0.312542 0.434169 0.028497 0.045973
2 0.765792 0.641833 0.032055 0.052307
3 0.281272 0.564996 0.032064 0.047592
3 0.725721 0.639455 0.030273 0.057064
4 0.723815 0.522148 0.139166 0.304362
5 0.271612 0.501539 0.150490 0.320210
1 0.233320 0.706955 0.032926 0.061812
1 0.776006 0.808431 0.032041 0.058591
1 0.207672 0.747303 0.032950 0.053935
1 0.229284 0.953318 0.032950 0.047576
1 0.126529 0.745570 0.036508 0.049144
