0 0.493636 0.671242 0.079298 0.141007
0 0.328834 0.904161 0.091682 0.145940
0 0.423414 0.905726 0.087253 0.131485
0 0.691722 0.312542 0.075707 0.103826
1 0.088242 0.824107 0.040961 0.050730
1 0.243975 0.164367 0.030278 0.039622
1 0.252896 0.198553 0.029383 0.034874
1 0.188402 0.493620 0.033836 0.058649
1 0.318332 0.396124 0.025825 0.045973
1 0.287620 0.241565 0.024910 0.044388
1 0.293245 0.389656 0.023313 0.041326
1 0.312088 0.518964 0.027625 0.041183
1 0.514116 0.499870 0.030278 0.053901
1 0.543082 0.670449 0.028492 0.057072
1 0.760165 0.211250 0.027606 0.036460
1 0.768230 0.231330 0.024934 0.033297
1 0.728395 0.424622 0.024255 0.047567
1 0.732651 0.392529 0.024934 0.039622
1 0.728365 0.888851 0.031998 0.057718
1 0.719088 0.945755 0.033624 0.053188
1 0.773360 0.939853 0.029387 0.058649
1 0.883815 0.820961 0.032945 0.049136
2 0.312542 0.434169 0.028497 0.045973
2 0.765792 0.641833 0.032055 0.052307
3 0.279835 0.565852 0.032064 0.047592
3 0.725721 0.639455 0.030273 0.057064
4 0.723721 0.522148 0.139354 0.304362
5 0.271734 0.501539 0.150490 0.320210
1 0.370332 0.887185 0.032926 0.061820
1 0.640141 0.669207 0.032950 0.066552
1 0.369665 0.939883 0.032950 0.053926
1 0.229284 0.953318 0.032950 0.047576
1 0.125309 0.746779 0.036508 0.049144
