0 0.337118 0.707416 0.081051 0.137836
0 0.229958 0.821376 0.096136 0.155369
0 0.493518 0.885675 0.075273 0.156938
0 0.704350 0.348532 0.074797 0.099866
1 0.083897 0.827290 0.040961 0.050721
1 0.243975 0.158289 0.030278 0.039631
1 0.245417 0.194920 0.029383 0.034874
1 0.189819 0.488209 0.033841 0.058649
1 0.318332 0.396124 0.025825 0.045973
1 0.287620 0.241565 0.024910 0.044388
1 0.292988 0.390138 0.023139 0.042794
1 0.284929 0.479333 0.027625 0.041183
1 0.513848 0.501212 0.030278 0.053901
1 0.517632 0.638977 0.028497 0.057064
1 0.760297 0.207416 0.027606 0.036460
1 0.764149 0.232542 0.024934 0.033289
1 0.682759 0.397945 0.028497 0.042768
1 0.729248 0.385264 0.024934 0.039622
1 0.727340 0.899165 0.032945 0.060243
1 0.716202 0.948989 0.032055 0.057072
1 0.773360 0.939853 0.029387 0.058649
1 0.872693 0.824027 0.032945 0.049144
2 0.312542 0.434169 0.028497 0.045973
2 0.765792 0.641833 0.032055 0.052307
3 0.283937 0.559593 0.034067 0.053515
3 0.725721 0.639455 0.030273 0.057064
4 0.723541 0.522148 0.139713 0.304362
5 0.271967 0.501539 0.150485 0.320210
1 0.262019 0.877047 0.032926 0.061812
1 0.313433 0.897596 0.030278 0.060730
1 0.294378 0.943393 0.032950 0.052290
1 0.229284 0.953318 0.032950 0.047576
1 0.123007 0.749052 0.036513 0.049144
