0 0.645938 0.684027 0.078369 0.141493
0 0.266221 0.697932 0.099774 0.155143
0 0.298353 0.894383 0.087253 0.131485
0 0.629934 0.337689 0.073308 0.106233
1 0.089764 0.822991 0.040961 0.050730
1 0.243975 0.166493 0.030278 0.039631
1 0.262545 0.197513 0.029387 0.034874
1 0.187623 0.494488 0.033841 0.058658
1 0.318332 0.396124 0.025825 0.045973
1 0.287620 0.241565 0.024910 0.044388
1 0.292344 0.389652 0.023313 0.041317
1 0.312088 0.518964 0.027625 0.041183
1 0.515200 0.498012 0.030278 0.053893
1 0.697486 0.812525 0.028497 0.057064
1 0.758563 0.209975 0.027606 0.036460
1 0.769781 0.236913 0.024934 0.043356
1 0.722097 0.409446 0.023148 0.047567
1 0.732844 0.392945 0.024934 0.039614
1 0.728685 0.889249 0.031272 0.055780
1 0.717891 0.945755 0.033624 0.053188
1 0.773360 0.939853 0.029387 0.058649
1 0.882427 0.820562 0.032950 0.049144
2 0.312542 0.434169 0.028497 0.045973
2 0.765792 0.641833 0.032055 0.052307
3 0.280782 0.565289 0.032064 0.047592
3 0.725721 0.639455 0.030273 0.057064
4 0.723782 0.522148 0.139232 0.304362
5 0.271654 0.501539 0.150490 0.320210
1 0.242491 0.717089 0.032926 0.061812
1 0.748037 0.710394 0.029958 0.062332
1 0.232476 0.823242 0.032945 0.053935
1 0.229284 0.953318 0.032950 0.047576
1 0.126115 0.745982 0.036508 0.049144
