1 0.872488 0.145660 0.027602 0.058569
0 0.443477 0.417569 0.094453 0.177361
0 0.336605 0.871986 0.138898 0.196250
0 0.714668 0.329833 0.088211 0.153611
0 0.785848 0.637361 0.120867 0.185111
1 0.352090 0.431910 0.034727 0.060181
1 0.697242 0.539556 0.032078 0.066500
1 0.528922 0.291882 0.032953 0.060153
1 0.543660 0.150118 0.029383 0.050653
1 0.736445 0.127931 0.023156 0.041111
1 0.815301 0.047847 0.023148 0.045917
1 0.936355 0.799174 0.034727 0.066486
1 0.282750 0.183368 0.027609 0.047486
1 0.584621 0.596549 0.032945 0.066486
1 0.502254 0.386000 0.035617 0.066500
2 0.896730 0.622667 0.032055 0.068083
3 0.255594 0.313965 0.028500 0.049069
3 0.788977 0.312153 0.028516 0.045861
4 0.835734 0.435069 0.175422 0.351444
5 0.257375 0.449319 0.174531 0.357778
1 0.369574 0.901278 0.037398 0.064917
1 0.550785 0.980313 0.040070 0.039375
1 0.572121 0.930819 0.046305 0.071250
2 0.438863 0.917639 0.035273 0.070278
