0 0.733996 0.796254 0.087634 0.151334
0 0.243909 0.672806 0.092568 0.114253
0 0.249267 0.772915 0.089826 0.130562
0 0.661765 0.523410 0.087319 0.129941
1 0.093897 0.819958 0.040961 0.050721
1 0.243975 0.172273 0.030278 0.039631
1 0.245877 0.203628 0.029387 0.034874
1 0.185500 0.496854 0.033836 0.058658
1 0.318332 0.396124 0.025825 0.045973
1 0.287620 0.241565 0.024910 0.044388
1 0.291774 0.389652 0.023313 0.041317
1 0.312088 0.518964 0.027625 0.041183
1 0.550299 0.680185 0.030278 0.055520
1 0.683742 0.913695 0.028492 0.057072
1 0.753091 0.201439 0.027606 0.042760
1 0.718598 0.412777 0.023153 0.047567
1 0.732844 0.392945 0.024934 0.039614
1 0.715099 0.906665 0.029387 0.050747
1 0.710328 0.953683 0.033624 0.053188
1 0.773360 0.939853 0.029387 0.058649
1 0.876034 0.819375 0.032945 0.049136
2 0.312542 0.434169 0.028497 0.045973
2 0.765792 0.641833 0.032055 0.052307
3 0.281381 0.564929 0.032064 0.047592
3 0.725721 0.639455 0.030273 0.057064
4 0.722231 0.522148 0.138921 0.304362
5 0.271433 0.501539 0.150490 0.320210
1 0.226305 0.671149 0.032696 0.061611
1 0.685214 0.852697 0.032041 0.058599
1 0.229284 0.953318 0.032950 0.047576
1 0.128301 0.743817 0.036508 0.049144
