0 0.641407 0.707546 0.093577 0.134723
0 0.266546 0.680843 0.092564 0.114253
0 0.271687 0.860046 0.100650 0.167810
0 0.644962 0.571133 0.083073 0.147953
1 0.092474 0.821003 0.040961 0.050730
1 0.243975 0.170285 0.030278 0.039631
1 0.246442 0.201363 0.029387 0.034874
1 0.186230 0.496040 0.033836 0.058658
1 0.318332 0.396124 0.025825 0.045973
1 0.287620 0.241565 0.024910 0.044388
1 0.291774 0.389652 0.023313 0.041317
1 0.312088 0.518964 0.027625 0.041183
1 0.545144 0.750650 0.030278 0.053901
1 0.692830 0.908565 0.028497 0.057064
1 0.748016 0.198331 0.027606 0.042768
1 0.767934 0.230956 0.025650 0.035856
1 0.718598 0.412777 0.023153 0.047567
1 0.732844 0.392945 0.024934 0.039614
1 0.727373 0.893314 0.029976 0.052315
1 0.715752 0.945755 0.033624 0.053188
1 0.773360 0.939853 0.029387 0.058649
1 0.877634 0.819706 0.032950 0.049144
2 0.312542 0.434169 0.028497 0.045973
2 0.765792 0.641833 0.032055 0.052307
3 0.281381 0.564929 0.032064 0.047592
3 0.725721 0.639455 0.030273 0.057064
4 0.723895 0.522148 0.139006 0.304362
5 0.271510 0.501539 0.150485 0.320210
1 0.245266 0.688465 0.032926 0.061812
1 0.763688 0.839169 0.032041 0.058591
1 0.221447 0.718708 0.032950 0.053926
1 0.229284 0.953318 0.032950 0.047576
1 0.127549 0.744564 0.036513 0.049144
