0 0.740174 0.755965 0.093582 0.163221
0 0.263033 0.679862 0.092568 0.114253
0 0.239538 0.799476 0.104204 0.156686
0 0.661176 0.519719 0.077950 0.129958
1 0.093398 0.820323 0.040961 0.050730
1 0.243975 0.171577 0.030278 0.039631
1 0.246074 0.202831 0.029387 0.034874
1 0.185756 0.496569 0.033841 0.058658
1 0.318332 0.396124 0.025825 0.045973
1 0.287620 0.241565 0.024910 0.044388
1 0.291774 0.389652 0.023313 0.041317
1 0.312088 0.518964 0.027625 0.041183
1 0.543843 0.691586 0.030278 0.055520
1 0.691451 0.910038 0.028492 0.057072
1 0.752455 0.201279 0.027606 0.042760
1 0.765884 0.226980 0.021550 0.027903
1 0.718598 0.412777 0.023153 0.047567
1 0.732844 0.392945 0.024934 0.039614
1 0.723796 0.900268 0.029533 0.051141
1 0.715026 0.945755 0.033624 0.053188
1 0.773360 0.939853 0.029387 0.058649
1 0.876004 0.819417 0.032950 0.049136
2 0.312542 0.434169 0.028497 0.045973
2 0.765792 0.641833 0.032055 0.052307
3 0.281381 0.564929 0.032064 0.047592
3 0.725721 0.639455 0.030273 0.057064
4 0.723933 0.522148 0.138930 0.304362
5 0.271461 0.501539 0.150490 0.320210
1 0.237236 0.682995 0.032926 0.061812
1 0.752321 0.853742 0.032041 0.058591
1 0.218820 0.732978 0.032945 0.053926
1 0.229284 0.953318 0.032950 0.047576
1 0.128037 0.744077 0.036508 0.049144
