1 0.871656 0.146028 0.027609 0.058583
0 0.502258 0.309160 0.089516 0.109319
0 0.502660 0.916215 0.127367 0.167569
0 0.691434 0.148639 0.065070 0.126750
0 0.802344 0.708125 0.108594 0.207361
1 0.351680 0.431910 0.034719 0.060181
1 0.601219 0.538493 0.032078 0.066486
1 0.532590 0.285361 0.032945 0.060167
1 0.543660 0.150118 0.029383 0.050653
1 0.736445 0.127924 0.023156 0.041097
1 0.814937 0.049132 0.023156 0.045903
1 0.936355 0.799174 0.034727 0.066486
1 0.282750 0.183368 0.027609 0.047486
1 0.584621 0.596549 0.032945 0.066486
1 0.501715 0.394729 0.035617 0.066486
2 0.896730 0.622667 0.032055 0.068083
3 0.255594 0.313965 0.028500 0.049069
3 0.790398 0.313958 0.028516 0.045861
4 0.835734 0.435069 0.175422 0.351444
5 0.257375 0.449319 0.174531 0.357778
1 0.623355 0.939271 0.037398 0.064903
1 0.631379 0.981097 0.042758 0.037806
1 0.675004 0.945604 0.046305 0.071236
2 0.587754 0.855431 0.033852 0.068056
