0 0.605935 0.721875 0.072201 0.164807
0 0.268091 0.696728 0.096107 0.141158
0 0.313697 0.882626 0.091730 0.169782
0 0.549873 0.521334 0.072158 0.137919
1 0.090839 0.822202 0.040961 0.050730
1 0.243975 0.167995 0.030278 0.039631
1 0.247092 0.198763 0.029387 0.034874
1 0.187069 0.495105 0.033836 0.058649
1 0.318332 0.396124 0.025825 0.045973
1 0.287620 0.241565 0.024910 0.044388
1 0.291774 0.389652 0.023313 0.041317
1 0.312088 0.518964 0.027625 0.041183
1 0.517352 0.610919 0.030273 0.053901
1 0.695271 0.905956 0.028497 0.057064
1 0.749319 0.188456 0.027601 0.036460
1 0.779149 0.223347 0.024934 0.039664
1 0.719819 0.411611 0.023153 0.047567
1 0.732844 0.392945 0.024934 0.039614
1 0.728914 0.889526 0.030759 0.054404
1 0.717043 0.945755 0.033624 0.053188
1 0.773360 0.939853 0.029387 0.058649
1 0.880523 0.820222 0.032950 0.049136
2 0.312542 0.434169 0.028497 0.045973
2 0.765792 0.641833 0.032055 0.052307
3 0.281381 0.564929 0.032064 0.047592
3 0.725721 0.639455 0.030273 0.057064
4 0.723827 0.522148 0.139142 0.304362
5 0.271598 0.501539 0.150490 0.320210
1 0.233235 0.714987 0.032926 0.061820
1 0.772924 0.820319 0.032041 0.058591
1 0.206383 0.741581 0.032945 0.053935
1 0.229284 0.953318 0.032950 0.047576
1 0.126685 0.745419 0.036508 0.049144
