0 0.709112 0.802731 0.086442 0.148951
0 0.245754 0.674358 0.092460 0.118263
0 0.280509 0.791535 0.087304 0.129782
0 0.631744 0.571594 0.085749 0.136963
1 0.094227 0.819719 0.040961 0.050730
1 0.243975 0.172735 0.030278 0.039631
1 0.245747 0.204148 0.029383 0.034874
1 0.185330 0.497039 0.033836 0.058658
1 0.318332 0.396124 0.025825 0.045973
1 0.287620 0.241565 0.024910 0.044388
1 0.291774 0.389652 0.023313 0.041317
1 0.312088 0.518964 0.027625 0.041183
1 0.541788 0.693633 0.030278 0.055520
1 0.681494 0.922857 0.028492 0.057072
1 0.753506 0.201548 0.027606 0.042760
1 0.718598 0.412777 0.023153 0.047567
1 0.732844 0.392945 0.024934 0.039614
1 0.717952 0.906816 0.029383 0.050747
1 0.710328 0.953683 0.033624 0.053188
1 0.773360 0.939853 0.029387 0.058649
1 0.876275 0.819375 0.032945 0.049136
2 0.312542 0.434169 0.028497 0.045973
2 0.765792 0.641833 0.032055 0.052307
3 0.281381 0.564929 0.032064 0.047592
3 0.725721 0.639455 0.030273 0.057064
4 0.722495 0.522148 0.138921 0.304362
5 0.271418 0.501539 0.150490 0.320210
1 0.225766 0.669765 0.032304 0.061258
1 0.629757 0.829446 0.032041 0.058591
1 0.203591 0.704534 0.024929 0.053935
1 0.229284 0.953318 0.032950 0.047576
1 0.128475 0.743645 0.036508 0.049136
