1 0.872656 0.145583 0.027609 0.058583
0 0.424195 0.433167 0.092625 0.121944
0 0.305586 0.855681 0.141000 0.206694
0 0.715973 0.339125 0.088211 0.153611
0 0.728406 0.646361 0.119375 0.178833
1 0.352176 0.431910 0.034727 0.060181
1 0.694871 0.520035 0.032367 0.066486
1 0.528801 0.292104 0.032945 0.060153
1 0.543660 0.150118 0.029383 0.050653
1 0.736445 0.127931 0.023156 0.041111
1 0.815371 0.047590 0.023148 0.045903
1 0.936355 0.799174 0.034727 0.066486
1 0.282750 0.183368 0.027609 0.047486
1 0.584621 0.596549 0.032945 0.066486
1 0.478191 0.381215 0.035617 0.066486
2 0.896730 0.622667 0.032055 0.068083
3 0.255594 0.313965 0.028500 0.049069
3 0.788695 0.311792 0.028516 0.045861
4 0.835734 0.435069 0.175422 0.351444
5 0.257375 0.449319 0.174531 0.357778
1 0.336402 0.870007 0.037398 0.064903
1 0.533418 0.945201 0.040070 0.066514
1 0.571895 0.931028 0.046305 0.071250
2 0.431906 0.913181 0.040953 0.079194
