0 0.619727 0.716346 0.081998 0.134723
0 0.255990 0.675935 0.092564 0.114253
0 0.251110 0.791481 0.077507 0.166183
0 0.634559 0.601703 0.086404 0.130017
1 0.092031 0.821326 0.040961 0.050721
1 0.243975 0.169664 0.030278 0.039631
1 0.246619 0.200659 0.029383 0.034874
1 0.186456 0.495789 0.033836 0.058658
1 0.318332 0.396124 0.025825 0.045973
1 0.287620 0.241565 0.024910 0.044388
1 0.291774 0.389652 0.023313 0.041317
1 0.312088 0.518964 0.027625 0.041183
1 0.548959 0.766137 0.030273 0.053901
1 0.693490 0.907857 0.028497 0.057072
1 0.744868 0.196086 0.027606 0.042760
1 0.768914 0.232861 0.027611 0.039664
1 0.718598 0.412777 0.023153 0.047567
1 0.732844 0.392945 0.024934 0.039614
1 0.729088 0.889979 0.030184 0.052878
1 0.716100 0.945755 0.033624 0.053188
1 0.773360 0.939853 0.029387 0.058649
1 0.878417 0.819849 0.032950 0.049144
2 0.312542 0.434169 0.028497 0.045973
2 0.765792 0.641833 0.032055 0.052307
3 0.281381 0.564929 0.032064 0.047592
3 0.725721 0.639455 0.030273 0.057064
4 0.723876 0.522148 0.139043 0.304362
5 0.271534 0.501539 0.150485 0.320210
1 0.233697 0.675134 0.032926 0.061812
1 0.769135 0.832190 0.032041 0.058591
1 0.213683 0.699685 0.032945 0.053935
1 0.229284 0.953318 0.032950 0.047576
1 0.127316 0.744790 0.036508 0.049144
