0 0.435606 0.672383 0.079298 0.141007
0 0.585648 0.901787 0.091682 0.145940
0 0.678110 0.906598 0.087257 0.131485
0 0.704350 0.351007 0.074797 0.099866
1 0.085646 0.826007 0.040961 0.050721
1 0.243975 0.160738 0.030278 0.039631
1 0.248428 0.196384 0.029383 0.034883
1 0.189738 0.492135 0.033841 0.058649
1 0.318332 0.396124 0.025825 0.045973
1 0.287620 0.241565 0.024910 0.044388
1 0.294781 0.389656 0.023313 0.041326
1 0.312088 0.518964 0.027625 0.041183
1 0.513940 0.500692 0.030273 0.053901
1 0.522349 0.638213 0.028497 0.057064
1 0.760766 0.209832 0.027601 0.036460
1 0.765794 0.232055 0.024934 0.033289
1 0.682413 0.409706 0.028492 0.045252
1 0.730620 0.388192 0.024934 0.039622
1 0.727790 0.891149 0.032950 0.060235
1 0.720907 0.947131 0.032059 0.057064
1 0.773360 0.939853 0.029387 0.058649
1 0.874932 0.820961 0.032945 0.049136
2 0.312542 0.434169 0.028497 0.045973
2 0.765792 0.641833 0.032055 0.052307
3 0.282691 0.566514 0.032064 0.047592
3 0.725721 0.639455 0.030273 0.057064
4 0.723612 0.522148 0.139571 0.304362
5 0.271876 0.501539 0.150490 0.320210
1 0.609522 0.904983 0.032926 0.061812
1 0.626838 0.869325 0.032950 0.066552
1 0.632262 0.939119 0.032950 0.055503
1 0.229284 0.953318 0.032950 0.047576
1 0.123933 0.748138 0.036508 0.049144
