0 0.423490 0.666804 0.079298 0.141007
0 0.580825 0.902576 0.091687 0.145940
0 0.677172 0.906598 0.087257 0.131485
0 0.704350 0.350872 0.074797 0.099866
1 0.085551 0.826078 0.040961 0.050730
1 0.243975 0.160604 0.030278 0.039631
1 0.248263 0.196305 0.029383 0.034874
1 0.189788 0.492081 0.033836 0.058658
1 0.318332 0.396124 0.025825 0.045973
1 0.287620 0.241565 0.024910 0.044388
1 0.294837 0.389656 0.023313 0.041326
1 0.312088 0.518964 0.027625 0.041183
1 0.513935 0.500721 0.030273 0.053893
1 0.522090 0.638255 0.028497 0.057064
1 0.760740 0.209698 0.027606 0.036460
1 0.765702 0.232081 0.024929 0.033289
1 0.682432 0.409060 0.028492 0.045117
1 0.730544 0.388029 0.024934 0.039614
1 0.727764 0.891590 0.032945 0.060243
1 0.720648 0.947232 0.032059 0.057064
1 0.773360 0.939853 0.029387 0.058649
1 0.874604 0.820961 0.032950 0.049136
2 0.312542 0.434169 0.028497 0.045973
2 0.765792 0.641833 0.032055 0.052307
3 0.283176 0.566514 0.032064 0.047592
3 0.725721 0.639455 0.030273 0.057064
4 0.723610 0.522148 0.139576 0.304362
5 0.271880 0.501539 0.150490 0.320210
1 0.600620 0.914497 0.032926 0.061812
1 0.622648 0.878440 0.032950 0.066560
1 0.625766 0.947768 0.032945 0.055503
1 0.229284 0.953318 0.032950 0.047576
1 0.123883 0.748188 0.036513 0.049144
