0 0.611946 0.895113 0.089114 0.152156
0 0.264449 0.685839 0.091697 0.146594
0 0.329253 0.857697 0.098582 0.162727
0 0.662163 0.815554 0.098907 0.171074
1 0.096400 0.818125 0.040961 0.050730
1 0.243975 0.175772 0.030278 0.039631
1 0.244882 0.207613 0.029387 0.034874
1 0.184213 0.498284 0.033836 0.058649
1 0.318332 0.396124 0.025825 0.045973
1 0.287620 0.241565 0.024910 0.044388
1 0.291774 0.389652 0.023313 0.041317
1 0.312088 0.518964 0.027625 0.041183
1 0.537938 0.714279 0.030278 0.055520
1 0.387750 0.944534 0.033850 0.057072
1 0.756268 0.202248 0.027606 0.042768
1 0.718598 0.412777 0.023153 0.047567
1 0.732844 0.392945 0.024934 0.039614
1 0.721190 0.919367 0.029383 0.050747
1 0.710328 0.953683 0.033624 0.053188
1 0.773360 0.939853 0.029387 0.058649
1 0.877868 0.819375 0.032945 0.049136
2 0.312542 0.434169 0.028497 0.045973
2 0.765792 0.641833 0.032055 0.052307
3 0.281381 0.564929 0.032064 0.047592
3 0.725721 0.639455 0.030273 0.057064
4 0.723047 0.522148 0.138921 0.304362
5 0.271301 0.501539 0.150490 0.320210
1 0.216355 0.668364 0.029703 0.058926
1 0.501814 0.950252 0.033836 0.058591
1 0.214213 0.717781 0.024929 0.053935
1 0.229284 0.953318 0.032950 0.047576
1 0.129625 0.742508 0.036508 0.049144
