0 0.633612 0.872177 0.098893 0.177492
0 0.257337 0.681472 0.091989 0.135814
0 0.276967 0.865768 0.098977 0.168817
0 0.648890 0.727118 0.091466 0.154656
1 0.095570 0.818733 0.040961 0.050721
1 0.243975 0.174614 0.030278 0.039631
1 0.245212 0.206296 0.029387 0.034874
1 0.184639 0.497810 0.033841 0.058658
1 0.318332 0.396124 0.025825 0.045973
1 0.287620 0.241565 0.024910 0.044388
1 0.291774 0.389652 0.023313 0.041317
1 0.312088 0.518964 0.027625 0.041183
1 0.541037 0.710650 0.030273 0.055512
1 0.487161 0.943528 0.033850 0.057072
1 0.755217 0.201980 0.027606 0.042768
1 0.718598 0.412777 0.023153 0.047567
1 0.732844 0.392945 0.024934 0.039614
1 0.720384 0.921195 0.029383 0.050747
1 0.710328 0.953683 0.033624 0.053188
1 0.773360 0.939853 0.029387 0.058649
1 0.877260 0.819375 0.032945 0.049136
2 0.312542 0.434169 0.028497 0.045973
2 0.765792 0.641833 0.032055 0.052307
3 0.281381 0.564929 0.032064 0.047592
3 0.725721 0.639455 0.030273 0.057064
4 0.723047 0.522148 0.138921 0.304362
5 0.271345 0.501539 0.150485 0.320210
1 0.223546 0.664077 0.030693 0.059815
1 0.511282 0.889446 0.033836 0.058591
1 0.206876 0.701489 0.024929 0.053935
1 0.229284 0.953318 0.032950 0.047576
1 0.129187 0.742940 0.036508 0.049136
