0 0.608016 0.738259 0.081697 0.155294
0 0.245405 0.701699 0.095598 0.137324
0 0.250214 0.804295 0.083737 0.171007
0 0.565012 0.581573 0.072163 0.137911
1 0.091301 0.821862 0.040961 0.050721
1 0.243975 0.168641 0.030278 0.039631
1 0.246909 0.199497 0.029387 0.034883
1 0.186833 0.495369 0.033836 0.058658
1 0.318332 0.396124 0.025825 0.045973
1 0.287620 0.241565 0.024910 0.044388
1 0.291774 0.389652 0.023313 0.041317
1 0.312088 0.518964 0.027625 0.041183
1 0.529460 0.690180 0.030278 0.053901
1 0.694583 0.906690 0.028497 0.057072
1 0.750283 0.198138 0.027606 0.047282
1 0.779149 0.229690 0.024934 0.039664
1 0.718843 0.412542 0.023153 0.047567
1 0.732844 0.392945 0.024934 0.039614
1 0.729010 0.889652 0.030537 0.053817
1 0.716678 0.945755 0.033629 0.053188
1 0.773360 0.939853 0.029387 0.058649
1 0.879708 0.820076 0.032950 0.049144
2 0.312542 0.434169 0.028497 0.045973
2 0.765792 0.641833 0.032055 0.052307
3 0.281381 0.564929 0.032064 0.047592
3 0.725721 0.639455 0.030273 0.057064
4 0.723845 0.522148 0.139105 0.304362
5 0.271574 0.501539 0.150490 0.320210
1 0.221279 0.709102 0.032926 0.061812
1 0.772924 0.823977 0.032041 0.058591
1 0.207401 0.725277 0.032945 0.053926
1 0.229284 0.953318 0.032950 0.047576
1 0.126927 0.745176 0.036513 0.049144
