0 0.640205 0.709216 0.093577 0.134723
0 0.264123 0.680021 0.092564 0.114253
0 0.266876 0.844199 0.091395 0.167156
0 0.642403 0.575495 0.085071 0.149547
1 0.092418 0.821044 0.040961 0.050730
1 0.243975 0.170201 0.030278 0.039631
1 0.246466 0.201271 0.029387 0.034874
1 0.186258 0.496007 0.033836 0.058658
1 0.318332 0.396124 0.025825 0.045973
1 0.287620 0.241565 0.024910 0.044388
1 0.291774 0.389652 0.023313 0.041317
1 0.312088 0.518964 0.027625 0.041183
1 0.546223 0.754052 0.030278 0.053893
1 0.692917 0.908473 0.028492 0.057064
1 0.747606 0.198037 0.027606 0.042768
1 0.768061 0.231204 0.025905 0.036351
1 0.718598 0.412777 0.023153 0.047567
1 0.732844 0.392945 0.024934 0.039614
1 0.727597 0.892878 0.030000 0.052399
1 0.715799 0.945755 0.033624 0.053188
1 0.773360 0.939853 0.029387 0.058649
1 0.877738 0.819727 0.032950 0.049136
2 0.312542 0.434169 0.028497 0.045973
2 0.765792 0.641833 0.032055 0.052307
3 0.281381 0.564929 0.032064 0.047592
3 0.725721 0.639455 0.030273 0.057064
4 0.723893 0.522148 0.139010 0.304362
5 0.271513 0.501539 0.150490 0.320210
1 0.243226 0.685386 0.032926 0.061812
1 0.764399 0.838259 0.032041 0.058599
1 0.218951 0.709199 0.032945 0.053935
1 0.229284 0.953318 0.032950 0.047576
1 0.127519 0.744589 0.036508 0.049144
