0 0.631239 0.696292 0.084647 0.148960
0 0.251506 0.683817 0.096103 0.126309
0 0.312481 0.900478 0.089166 0.135101
0 0.600877 0.356254 0.065052 0.106233
1 0.089995 0.822823 0.040961 0.050730
1 0.243975 0.166812 0.030278 0.039631
1 0.259232 0.197781 0.029387 0.034874
1 0.187505 0.494622 0.033841 0.058658
1 0.318332 0.396124 0.025825 0.045973
1 0.287620 0.241565 0.024910 0.044388
1 0.292208 0.389652 0.023313 0.041317
1 0.312088 0.518964 0.027625 0.041183
1 0.515365 0.497731 0.030278 0.053901
1 0.703443 0.894409 0.030278 0.057072
1 0.758318 0.209782 0.027606 0.036460
1 0.770021 0.237940 0.024934 0.045193
1 0.721609 0.409916 0.023153 0.047567
1 0.732844 0.392945 0.024934 0.039614
1 0.728735 0.889308 0.031164 0.055478
1 0.717707 0.945755 0.033624 0.053188
1 0.773360 0.939853 0.029387 0.058649
1 0.882019 0.820487 0.032945 0.049144
2 0.312542 0.434169 0.028497 0.045973
2 0.765792 0.641833 0.032055 0.052307
3 0.280924 0.565201 0.032064 0.047601
3 0.725721 0.639455 0.030273 0.057064
4 0.723791 0.522148 0.139213 0.304362
5 0.271642 0.501539 0.150485 0.320210
1 0.226218 0.692013 0.032926 0.061812
1 0.770379 0.751015 0.032041 0.058591
1 0.221268 0.781665 0.032950 0.053935
1 0.229284 0.953318 0.032950 0.047576
1 0.126235 0.745860 0.036513 0.049136
