1 0.872004 0.145875 0.027602 0.058583
0 0.484172 0.340278 0.098062 0.147278
0 0.449828 0.915424 0.127359 0.169153
0 0.681898 0.156583 0.065078 0.126750
0 0.793977 0.649417 0.099984 0.185111
1 0.351855 0.431910 0.034727 0.060181
1 0.640789 0.551424 0.032078 0.066486
1 0.529277 0.291250 0.032945 0.060167
1 0.543660 0.150118 0.029383 0.050653
1 0.736445 0.127931 0.023156 0.041111
1 0.815090 0.048590 0.023148 0.045903
1 0.936355 0.799174 0.034727 0.066486
1 0.282750 0.183368 0.027609 0.047486
1 0.584621 0.596549 0.032945 0.066486
1 0.489582 0.426104 0.035617 0.066486
2 0.896730 0.622667 0.032055 0.068083
3 0.255594 0.313965 0.028500 0.049069
3 0.789805 0.313201 0.028516 0.045875
4 0.835734 0.435069 0.175422 0.351444
5 0.257375 0.449319 0.174531 0.357778
1 0.492160 0.937688 0.037398 0.064903
1 0.533805 0.980368 0.042547 0.039264
1 0.580895 0.923549 0.046305 0.071236
2 0.534027 0.928250 0.033852 0.068056
