1 0.874535 0.144750 0.027602 0.058583
0 0.489797 0.379417 0.080172 0.112417
0 0.414219 0.480444 0.097094 0.189944
0 0.672992 0.348167 0.069437 0.133000
0 0.692355 0.456681 0.081055 0.180528
1 0.528996 0.431729 0.034727 0.071236
1 0.574520 0.427979 0.033836 0.066486
1 0.527418 0.294556 0.032945 0.060167
1 0.543660 0.150118 0.029383 0.050653
1 0.736445 0.127951 0.023156 0.041153
1 0.816188 0.044688 0.023156 0.045903
1 0.936355 0.799174 0.034727 0.066486
1 0.282750 0.183368 0.027609 0.047486
1 0.584621 0.596549 0.032945 0.066486
1 0.671133 0.415590 0.035625 0.066486
2 0.899934 0.621826 0.032055 0.068069
3 0.255594 0.313965 0.028500 0.049069
3 0.785484 0.307715 0.028516 0.045875
4 0.835734 0.435069 0.175422 0.351444
5 0.257375 0.449319 0.174531 0.357778
1 0.426715 0.449868 0.037398 0.064903
1 0.219273 0.953521 0.040078 0.052236
1 0.569371 0.933382 0.046305 0.071236
2 0.398629 0.895576 0.048977 0.088653
