0 0.637799 0.712542 0.093572 0.134715
0 0.260047 0.678519 0.092564 0.114253
0 0.257408 0.812076 0.077512 0.166183
0 0.640700 0.583544 0.086404 0.140310
1 0.092304 0.821128 0.040961 0.050730
1 0.243975 0.170042 0.030278 0.039631
1 0.246510 0.201086 0.029383 0.034874
1 0.186320 0.495940 0.033836 0.058658
1 0.318332 0.396124 0.025825 0.045973
1 0.287620 0.241565 0.024910 0.044388
1 0.291774 0.389652 0.023313 0.041317
1 0.312088 0.518964 0.027625 0.041183
1 0.548384 0.760852 0.030273 0.053901
1 0.693089 0.908289 0.028497 0.057064
1 0.746784 0.197454 0.027601 0.042760
1 0.768318 0.231699 0.026418 0.037341
1 0.718598 0.412777 0.023153 0.047567
1 0.732844 0.392945 0.024934 0.039614
1 0.728044 0.892009 0.030057 0.052542
1 0.715888 0.945755 0.033624 0.053188
1 0.773360 0.939853 0.029387 0.058649
1 0.877941 0.819765 0.032950 0.049144
2 0.312542 0.434169 0.028497 0.045973
2 0.765792 0.641833 0.032055 0.052307
3 0.281381 0.564929 0.032064 0.047592
3 0.725721 0.639455 0.030273 0.057064
4 0.723885 0.522148 0.139025 0.304362
5 0.271520 0.501539 0.150485 0.320210
1 0.239140 0.679237 0.032926 0.061812
1 0.765818 0.836439 0.032041 0.058599
1 0.216263 0.699685 0.032950 0.053935
1 0.229284 0.953318 0.032950 0.047576
1 0.127458 0.744652 0.036508 0.049136
