0 0.515935 0.672416 0.079298 0.141007
0 0.320401 0.900898 0.091687 0.145940
0 0.413749 0.905013 0.087253 0.131485
0 0.693374 0.321686 0.075702 0.096728
1 0.088591 0.823851 0.040961 0.050721
1 0.243975 0.164849 0.030278 0.039631
1 0.254635 0.198603 0.029383 0.034874
1 0.188226 0.493821 0.033841 0.058649
1 0.318332 0.396124 0.025825 0.045973
1 0.287620 0.241565 0.024910 0.044388
1 0.293037 0.389652 0.023313 0.041317
1 0.312088 0.518964 0.027625 0.041183
1 0.514364 0.499446 0.030273 0.053893
1 0.570151 0.673956 0.028492 0.057072
1 0.759797 0.210956 0.027606 0.036460
1 0.768565 0.231690 0.024934 0.034052
1 0.719208 0.414404 0.023148 0.047567
1 0.732844 0.392945 0.024934 0.039614
1 0.728438 0.888939 0.031833 0.057273
1 0.718815 0.945755 0.033624 0.053188
1 0.773360 0.939853 0.029387 0.058649
1 0.884500 0.820931 0.032950 0.049144
2 0.312542 0.434169 0.028497 0.045973
2 0.765792 0.641833 0.032055 0.052307
3 0.280052 0.565721 0.032064 0.047601
3 0.725721 0.639455 0.030273 0.057064
4 0.723735 0.522148 0.139326 0.304362
5 0.271715 0.501539 0.150490 0.320210
1 0.359404 0.880369 0.032926 0.061812
1 0.626169 0.677513 0.032950 0.066552
1 0.357092 0.938217 0.032950 0.053935
1 0.229284 0.953318 0.032950 0.047576
1 0.125492 0.746594 0.036508 0.049144
