0 0.462561 0.675126 0.079298 0.141007
0 0.500905 0.905747 0.091687 0.145940
0 0.591265 0.908184 0.087253 0.131485
0 0.704350 0.353322 0.074797 0.099866
1 0.087281 0.824811 0.040961 0.050730
1 0.243975 0.163020 0.030278 0.039631
1 0.251242 0.197747 0.029383 0.034874
1 0.188897 0.493070 0.033836 0.058658
1 0.318332 0.396124 0.025825 0.045973
1 0.287620 0.241565 0.024910 0.044388
1 0.293810 0.389656 0.023313 0.041326
1 0.312088 0.518964 0.027625 0.041183
1 0.514027 0.500206 0.030278 0.053901
1 0.520021 0.658477 0.028497 0.057072
1 0.761178 0.212055 0.027606 0.036460
1 0.767326 0.231594 0.024934 0.033289
1 0.682088 0.420696 0.028492 0.047567
1 0.731897 0.390919 0.024934 0.039622
1 0.728162 0.888599 0.032460 0.058943
1 0.719847 0.945755 0.033624 0.053188
1 0.773360 0.939853 0.029387 0.058649
1 0.880525 0.820961 0.032945 0.049136
2 0.312542 0.434169 0.028497 0.045973
2 0.765792 0.641833 0.032055 0.052307
3 0.279237 0.566204 0.032064 0.047592
3 0.725721 0.639455 0.030273 0.057064
4 0.723680 0.522148 0.139434 0.304362
5 0.271786 0.501539 0.150490 0.320210
1 0.536506 0.876451 0.032926 0.061812
1 0.640679 0.713972 0.032950 0.066552
1 0.536496 0.932714 0.032945 0.053935
1 0.229284 0.953318 0.032950 0.047576
1 0.124800 0.747282 0.036508 0.049144
