0 0.611722 0.749618 0.072201 0.164807
0 0.262486 0.699262 0.096103 0.141158
0 0.285825 0.853452 0.091734 0.180545
0 0.539632 0.550659 0.072158 0.137911
1 0.091032 0.822060 0.040961 0.050730
1 0.243975 0.168263 0.030278 0.039631
1 0.247017 0.199065 0.029387 0.034874
1 0.186970 0.495214 0.033836 0.058649
1 0.318332 0.396124 0.025825 0.045973
1 0.287620 0.241565 0.024910 0.044388
1 0.291774 0.389652 0.023313 0.041317
1 0.312088 0.518964 0.027625 0.041183
1 0.522250 0.652534 0.030278 0.053893
1 0.694984 0.906263 0.028497 0.057072
1 0.760888 0.188960 0.027601 0.049815
1 0.779149 0.225990 0.024934 0.039664
1 0.719411 0.412005 0.023148 0.047567
1 0.732844 0.392945 0.024934 0.039614
1 0.728956 0.889581 0.030664 0.054161
1 0.716892 0.945755 0.033624 0.053188
1 0.773360 0.939853 0.029387 0.058649
1 0.880184 0.820159 0.032950 0.049144
2 0.312542 0.434169 0.028497 0.045973
2 0.765792 0.641833 0.032055 0.052307
3 0.281381 0.564929 0.032064 0.047592
3 0.725721 0.639455 0.030273 0.057064
4 0.723834 0.522148 0.139128 0.304362
5 0.271588 0.501539 0.150490 0.320210
1 0.228782 0.718834 0.032926 0.061812
1 0.772924 0.821846 0.032041 0.058591
1 0.206807 0.734790 0.032945 0.053926
1 0.229284 0.953318 0.032950 0.047576
1 0.126784 0.745319 0.036508 0.049144
