0 0.605686 0.675696 0.079298 0.141007
0 0.272050 0.854748 0.079218 0.176040
0 0.344310 0.909769 0.087253 0.131485
0 0.688923 0.312626 0.075707 0.096728
1 0.089166 0.823427 0.040961 0.050730
1 0.243975 0.165654 0.030278 0.039631
1 0.262493 0.197672 0.029387 0.034874
1 0.187929 0.494148 0.033841 0.058649
1 0.318332 0.396124 0.025825 0.045973
1 0.287620 0.241565 0.024910 0.044388
1 0.292698 0.389652 0.023313 0.041317
1 0.312088 0.518964 0.027625 0.041183
1 0.514776 0.498742 0.030278 0.053893
1 0.633273 0.675340 0.028497 0.057072
1 0.759189 0.210478 0.027606 0.036460
1 0.769164 0.234258 0.024934 0.038633
1 0.722055 0.408255 0.023148 0.047567
1 0.732844 0.392945 0.024934 0.039614
1 0.728560 0.889090 0.031560 0.056535
1 0.718362 0.945755 0.033624 0.053188
1 0.773360 0.939853 0.029387 0.058649
1 0.883480 0.820747 0.032945 0.049144
2 0.312542 0.434169 0.028497 0.045973
2 0.765792 0.641833 0.032055 0.052307
3 0.280410 0.565508 0.032064 0.047592
3 0.725721 0.639455 0.030273 0.057064
4 0.723758 0.522148 0.139279 0.304362
5 0.271687 0.501539 0.150490 0.320210
1 0.286878 0.897588 0.032926 0.061820
1 0.653754 0.650063 0.028497 0.064958
1 0.292507 0.953322 0.032950 0.053926
1 0.229284 0.953318 0.032950 0.047576
1 0.125799 0.746292 0.036508 0.049144
