0 0.612467 0.752127 0.074576 0.162424
0 0.250799 0.704216 0.096103 0.141166
0 0.273033 0.836007 0.085735 0.173389
0 0.546089 0.562546 0.072158 0.137911
1 0.091131 0.821988 0.040961 0.050721
1 0.243975 0.168398 0.030278 0.039631
1 0.246977 0.199224 0.029383 0.034874
1 0.186923 0.495273 0.033836 0.058649
1 0.318332 0.396124 0.025825 0.045973
1 0.287620 0.241565 0.024910 0.044388
1 0.291774 0.389652 0.023313 0.041317
1 0.312088 0.518964 0.027625 0.041183
1 0.525589 0.661447 0.030273 0.053901
1 0.694842 0.906418 0.028497 0.057064
1 0.759654 0.191795 0.027601 0.048909
1 0.779149 0.227315 0.024934 0.039664
1 0.719208 0.412198 0.023148 0.047567
1 0.732844 0.392945 0.024934 0.039614
1 0.728975 0.889602 0.030617 0.054035
1 0.716812 0.945755 0.033624 0.053188
1 0.773360 0.939853 0.029387 0.058649
1 0.880014 0.820134 0.032950 0.049144
2 0.312542 0.434169 0.028497 0.045973
2 0.765792 0.641833 0.032055 0.052307
3 0.281381 0.564929 0.032064 0.047592
3 0.725721 0.639455 0.030273 0.057064
4 0.723838 0.522148 0.139119 0.304362
5 0.271583 0.501539 0.150490 0.320210
1 0.225285 0.717139 0.032926 0.061812
1 0.772924 0.822609 0.032041 0.058591
1 0.207019 0.731393 0.032945 0.053926
1 0.229284 0.953318 0.032950 0.047576
1 0.126836 0.745268 0.036508 0.049144
