0 0.596496 0.715076 0.077705 0.139463
0 0.250481 0.672437 0.092564 0.114253
0 0.246880 0.786779 0.077512 0.166191
0 0.608553 0.602248 0.082130 0.132383
1 0.091668 0.821594 0.040961 0.050721
1 0.243975 0.169153 0.030278 0.039631
1 0.246762 0.200080 0.029387 0.034874
1 0.186645 0.495579 0.033836 0.058658
1 0.318332 0.396124 0.025825 0.045973
1 0.287620 0.241565 0.024910 0.044388
1 0.291774 0.389652 0.023313 0.041317
1 0.312088 0.518964 0.027625 0.041183
1 0.539524 0.733142 0.030273 0.053901
1 0.694036 0.907273 0.028497 0.057064
1 0.744420 0.196053 0.027606 0.043851
1 0.777022 0.231275 0.026767 0.039664
1 0.718598 0.412777 0.023153 0.047567
1 0.732844 0.392945 0.024934 0.039614
1 0.729088 0.889744 0.030363 0.053347
1 0.716388 0.945755 0.033624 0.053188
1 0.773360 0.939853 0.029387 0.058649
1 0.879062 0.819962 0.032950 0.049136
2 0.312542 0.434169 0.028497 0.045973
2 0.765792 0.641833 0.032055 0.052307
3 0.281381 0.564929 0.032064 0.047592
3 0.725721 0.639455 0.030273 0.057064
4 0.723860 0.522148 0.139076 0.304362
5 0.271555 0.501539 0.150490 0.320210
1 0.228527 0.675134 0.032926 0.061812
1 0.772924 0.826875 0.032041 0.058599
1 0.209691 0.708406 0.032945 0.053926
1 0.229284 0.953318 0.032950 0.047576
1 0.127121 0.744983 0.036513 0.049144
