0 0.622406 0.866456 0.098016 0.178146
0 0.253530 0.679132 0.092139 0.130042
0 0.256482 0.814203 0.083992 0.165235
0 0.609145 0.699069 0.091409 0.144715
1 0.095132 0.819056 0.040961 0.050730
1 0.243975 0.173993 0.030278 0.039631
1 0.245386 0.205591 0.029387 0.034874
1 0.184866 0.497559 0.033841 0.058658
1 0.318332 0.396124 0.025825 0.045973
1 0.287620 0.241565 0.024910 0.044388
1 0.291774 0.389652 0.023313 0.041317
1 0.312088 0.518964 0.027625 0.041183
1 0.541788 0.707727 0.030278 0.055520
1 0.540306 0.948574 0.029689 0.057064
1 0.754656 0.201837 0.027606 0.042768
1 0.718598 0.412777 0.023153 0.047567
1 0.732844 0.392945 0.024934 0.039614
1 0.719955 0.922173 0.029383 0.050755
1 0.710328 0.953683 0.033624 0.053188
1 0.773360 0.939853 0.029387 0.058649
1 0.876937 0.819375 0.032950 0.049136
2 0.312542 0.434169 0.028497 0.045973
2 0.765792 0.641833 0.032055 0.052307
3 0.281381 0.564929 0.032064 0.047592
3 0.725721 0.639455 0.030273 0.057064
4 0.723047 0.522148 0.138921 0.304362
5 0.271369 0.501539 0.150485 0.320210
1 0.224277 0.665948 0.031221 0.060285
1 0.551979 0.834203 0.033836 0.058591
1 0.205886 0.702475 0.024929 0.053926
1 0.229284 0.953318 0.032950 0.047576
1 0.128954 0.743171 0.036513 0.049144
