0 0.642208 0.706439 0.093577 0.134723
0 0.267116 0.681229 0.092564 0.114253
0 0.272757 0.867018 0.100650 0.167810
0 0.646671 0.568226 0.081739 0.146904
1 0.092514 0.820973 0.040966 0.050721
1 0.243975 0.170336 0.030278 0.039631
1 0.246428 0.201422 0.029387 0.034874
1 0.186211 0.496061 0.033836 0.058649
1 0.318332 0.396124 0.025825 0.045973
1 0.287620 0.241565 0.024910 0.044388
1 0.291774 0.389652 0.023313 0.041317
1 0.312088 0.518964 0.027625 0.041183
1 0.544425 0.748381 0.030273 0.053893
1 0.692773 0.908624 0.028497 0.057064
1 0.748292 0.198528 0.027601 0.042760
1 0.767849 0.230789 0.025481 0.035520
1 0.718598 0.412777 0.023153 0.047567
1 0.732844 0.392945 0.024934 0.039614
1 0.727224 0.893603 0.029953 0.052273
1 0.715723 0.945755 0.033624 0.053188
1 0.773360 0.939853 0.029387 0.058649
1 0.877566 0.819698 0.032945 0.049144
2 0.312542 0.434169 0.028497 0.045973
2 0.765792 0.641833 0.032055 0.052307
3 0.281381 0.564929 0.032064 0.047592
3 0.725721 0.639455 0.030273 0.057064
4 0.723895 0.522148 0.139006 0.304362
5 0.271508 0.501539 0.150490 0.320210
1 0.246628 0.690516 0.032926 0.061820
1 0.763212 0.839778 0.032041 0.058599
1 0.223584 0.725050 0.032945 0.053926
1 0.229284 0.953318 0.032950 0.047576
1 0.127571 0.744539 0.036508 0.049144
