0 0.597210 0.715705 0.078954 0.141040
0 0.250191 0.672253 0.092568 0.114253
0 0.246656 0.786531 0.077507 0.166183
0 0.605259 0.600424 0.080707 0.133180
1 0.091649 0.821607 0.040961 0.050730
1 0.243975 0.169128 0.030278 0.039631
1 0.246772 0.200046 0.029387 0.034874
1 0.186654 0.495566 0.033836 0.058649
1 0.318332 0.396124 0.025825 0.045973
1 0.287620 0.241565 0.024910 0.044388
1 0.291774 0.389652 0.023313 0.041317
1 0.312088 0.518964 0.027625 0.041183
1 0.538900 0.731078 0.030278 0.053901
1 0.694065 0.907244 0.028497 0.057072
1 0.744642 0.196258 0.027606 0.044027
1 0.777184 0.231275 0.026631 0.039664
1 0.718598 0.412777 0.023153 0.047567
1 0.732844 0.392945 0.024934 0.039614
1 0.729083 0.889740 0.030372 0.053372
1 0.716407 0.945755 0.033624 0.053188
1 0.773360 0.939853 0.029387 0.058649
1 0.879098 0.819966 0.032945 0.049144
2 0.312542 0.434169 0.028497 0.045973
2 0.765792 0.641833 0.032055 0.052307
3 0.281381 0.564929 0.032064 0.047592
3 0.725721 0.639455 0.030273 0.057064
4 0.723860 0.522148 0.139076 0.304362
5 0.271555 0.501539 0.150490 0.320210
1 0.228254 0.675134 0.032926 0.061812
1 0.772924 0.826720 0.032041 0.058591
1 0.209437 0.709652 0.032945 0.053935
1 0.229284 0.953318 0.032950 0.047576
1 0.127111 0.744992 0.036513 0.049144
