0 0.606892 0.707915 0.074114 0.136888
0 0.269251 0.696040 0.096107 0.141158
0 0.328120 0.890965 0.093101 0.154111
0 0.563709 0.481460 0.071065 0.133037
1 0.090650 0.822341 0.040961 0.050721
1 0.243975 0.167727 0.030278 0.039631
1 0.249852 0.198536 0.029383 0.034874
1 0.187168 0.494996 0.033836 0.058649
1 0.318332 0.396124 0.025825 0.045973
1 0.287620 0.241565 0.024910 0.044388
1 0.291821 0.389652 0.023313 0.041317
1 0.312088 0.518964 0.027625 0.041183
1 0.513697 0.528599 0.030278 0.053893
1 0.693831 0.908662 0.029123 0.057072
1 0.751407 0.193414 0.027601 0.036460
1 0.777031 0.226766 0.024929 0.040982
1 0.720226 0.411225 0.023148 0.047567
1 0.732844 0.392945 0.024934 0.039614
1 0.728874 0.889480 0.030848 0.054648
1 0.717194 0.945755 0.033624 0.053188
1 0.773360 0.939853 0.029387 0.058649
1 0.880865 0.820285 0.032945 0.049144
2 0.312542 0.434169 0.028497 0.045973
2 0.765792 0.641833 0.032055 0.052307
3 0.281334 0.564962 0.032064 0.047592
3 0.725721 0.639455 0.030273 0.057064
4 0.723820 0.522148 0.139156 0.304362
5 0.271607 0.501539 0.150490 0.320210
1 0.234545 0.709530 0.032926 0.061812
1 0.774295 0.814530 0.032041 0.058591
1 0.206814 0.746388 0.032950 0.053935
1 0.229284 0.953318 0.032950 0.047576
1 0.126581 0.745520 0.036508 0.049144
