0 0.420111 0.656770 0.094123 0.156091
0 0.307674 0.902047 0.091682 0.145940
0 0.574743 0.883008 0.090844 0.163213
0 0.704350 0.349513 0.074797 0.099866
1 0.084590 0.826783 0.040961 0.050730
1 0.243975 0.159253 0.030278 0.039631
1 0.246607 0.195499 0.029387 0.034874
1 0.190280 0.491531 0.033841 0.058649
1 0.318332 0.396124 0.025825 0.045973
1 0.287620 0.241565 0.024910 0.044388
1 0.293070 0.387202 0.023134 0.042794
1 0.309418 0.492013 0.027620 0.041191
1 0.513883 0.501007 0.030273 0.053893
1 0.519498 0.638674 0.028497 0.057064
1 0.760483 0.208372 0.027601 0.036460
1 0.764800 0.232349 0.024934 0.033289
1 0.682623 0.402596 0.028497 0.043750
1 0.729790 0.386422 0.024934 0.039622
1 0.727516 0.895994 0.032950 0.060243
1 0.718063 0.948255 0.032055 0.057064
1 0.773360 0.939853 0.029387 0.058649
1 0.871312 0.820961 0.032945 0.049136
2 0.312542 0.434169 0.028497 0.045973
2 0.765792 0.641833 0.032055 0.052307
3 0.278544 0.564241 0.032064 0.047592
3 0.725721 0.639455 0.030273 0.057064
4 0.723570 0.522148 0.139656 0.304362
5 0.271932 0.501539 0.150490 0.320210
1 0.338820 0.924539 0.032926 0.061812
1 0.373836 0.907898 0.032950 0.066552
1 0.359590 0.954639 0.032950 0.055503
1 0.229284 0.953318 0.032950 0.047576
1 0.123374 0.748691 0.036513 0.049144
