1 0.874824 0.144618 0.027602 0.058569
0 0.385750 0.228479 0.072125 0.099736
0 0.367781 0.702604 0.113984 0.215292
0 0.678211 0.231174 0.064109 0.123486
0 0.761086 0.677278 0.087266 0.193139
1 0.529684 0.430062 0.034727 0.071236
1 0.575309 0.427229 0.033836 0.066486
1 0.527207 0.294931 0.032945 0.060167
1 0.543660 0.150118 0.029383 0.050653
1 0.736445 0.127951 0.023156 0.041153
1 0.816313 0.044243 0.023156 0.045903
1 0.936355 0.799174 0.034727 0.066486
1 0.282750 0.183368 0.027609 0.047486
1 0.584621 0.596549 0.032945 0.066486
1 0.674500 0.430257 0.035625 0.066486
2 0.893277 0.600104 0.032055 0.068069
3 0.266277 0.258563 0.028492 0.049069
3 0.724586 0.227951 0.028516 0.045903
4 0.835734 0.435069 0.175422 0.351444
5 0.256898 0.449597 0.174531 0.357778
1 0.428332 0.439576 0.037398 0.064903
1 0.217660 0.953521 0.040070 0.052236
1 0.568980 0.933743 0.046305 0.071236
2 0.398879 0.895632 0.048977 0.088653
