1 0.872293 0.145743 0.027602 0.058569
0 0.451180 0.413625 0.100703 0.166250
0 0.416582 0.914785 0.127367 0.170431
0 0.693293 0.237625 0.073508 0.139361
0 0.809020 0.635250 0.111320 0.185111
1 0.351996 0.431910 0.034727 0.060181
1 0.668969 0.533222 0.032078 0.066500
1 0.529066 0.291625 0.032945 0.060167
1 0.543660 0.150118 0.029383 0.050653
1 0.736445 0.127931 0.023156 0.041111
1 0.815215 0.048146 0.023148 0.045903
1 0.936355 0.799174 0.034727 0.066486
1 0.282750 0.183368 0.027609 0.047486
1 0.584621 0.596549 0.032945 0.066486
1 0.527410 0.426368 0.035617 0.066486
2 0.896730 0.622667 0.032055 0.068083
3 0.255594 0.313965 0.028500 0.049069
3 0.789312 0.312576 0.028516 0.045875
4 0.835734 0.435069 0.175422 0.351444
5 0.257375 0.449319 0.174531 0.357778
1 0.455949 0.947410 0.037398 0.064903
1 0.523051 0.987549 0.040070 0.024903
1 0.572387 0.930576 0.046305 0.071236
2 0.503668 0.939097 0.033852 0.068056
