0 0.464503 0.675554 0.079298 0.141007
0 0.504974 0.905747 0.091682 0.145940
0 0.595639 0.908507 0.087253 0.131477
0 0.704350 0.353238 0.074797 0.099866
1 0.087224 0.824853 0.040961 0.050730
1 0.243975 0.162945 0.030278 0.039631
1 0.251140 0.197701 0.029387 0.034883
1 0.188928 0.493037 0.033841 0.058658
1 0.318332 0.396124 0.025825 0.045973
1 0.287620 0.241565 0.024910 0.044388
1 0.293848 0.389656 0.023313 0.041326
1 0.312088 0.518964 0.027625 0.041183
1 0.514022 0.500227 0.030278 0.053893
1 0.520325 0.657072 0.028492 0.057064
1 0.761188 0.212013 0.027606 0.036460
1 0.767274 0.231611 0.024934 0.033289
1 0.682099 0.420310 0.028497 0.047483
1 0.731854 0.390826 0.024934 0.039622
1 0.728150 0.888582 0.032484 0.059010
1 0.719894 0.945755 0.033624 0.053188
1 0.773360 0.939853 0.029387 0.058649
1 0.880328 0.820961 0.032945 0.049136
2 0.312542 0.434169 0.028497 0.045973
2 0.765792 0.641833 0.032055 0.052307
3 0.279199 0.566225 0.032064 0.047601
3 0.725721 0.639455 0.030273 0.057064
4 0.723678 0.522148 0.139439 0.304362
5 0.271791 0.501539 0.150490 0.320210
1 0.541623 0.879228 0.032926 0.061812
1 0.639232 0.718133 0.032950 0.066552
1 0.541718 0.932282 0.032945 0.053926
1 0.229284 0.953318 0.032950 0.047576
1 0.124769 0.747311 0.036513 0.049136
