0 0.637286 0.895659 0.089114 0.147542
0 0.260975 0.683708 0.091838 0.141326
0 0.316600 0.864350 0.097922 0.182441
0 0.671320 0.791116 0.098907 0.171074
1 0.095994 0.818423 0.040961 0.050721
1 0.243975 0.175210 0.030278 0.039631
1 0.245042 0.206967 0.029387 0.034874
1 0.184423 0.498049 0.033841 0.058649
1 0.318332 0.396124 0.025825 0.045973
1 0.287620 0.241565 0.024910 0.044388
1 0.291774 0.389652 0.023313 0.041317
1 0.312088 0.518964 0.027625 0.041183
1 0.537507 0.717651 0.030273 0.055520
1 0.429524 0.942521 0.033845 0.057072
1 0.755754 0.202118 0.027606 0.042760
1 0.718598 0.412777 0.023153 0.047567
1 0.732844 0.392945 0.024934 0.039614
1 0.720796 0.920260 0.029387 0.050755
1 0.710328 0.953683 0.033624 0.053188
1 0.773360 0.939853 0.029387 0.058649
1 0.877571 0.819375 0.032945 0.049136
2 0.312542 0.434169 0.028497 0.045973
2 0.765792 0.641833 0.032055 0.052307
3 0.281381 0.564929 0.032064 0.047592
3 0.725721 0.639455 0.030273 0.057064
4 0.723047 0.522148 0.138921 0.304362
5 0.271324 0.501539 0.150490 0.320210
1 0.222342 0.662966 0.030189 0.059354
1 0.501244 0.944639 0.033836 0.058591
1 0.208299 0.702122 0.024929 0.053926
1 0.229284 0.953318 0.032950 0.047576
1 0.129413 0.742718 0.036508 0.049144
