0 0.671817 0.703662 0.093577 0.134723
0 0.272243 0.684652 0.092564 0.114253
0 0.281543 0.883326 0.100646 0.167810
0 0.651612 0.558528 0.078407 0.144270
1 0.092861 0.820721 0.040961 0.050721
1 0.243975 0.170822 0.030278 0.039631
1 0.246289 0.201976 0.029383 0.034874
1 0.186032 0.496258 0.033836 0.058658
1 0.318332 0.396124 0.025825 0.045973
1 0.287620 0.241565 0.024910 0.044388
1 0.291774 0.389652 0.023313 0.041317
1 0.312088 0.518964 0.027625 0.041183
1 0.538989 0.726720 0.030278 0.054060
1 0.692255 0.909178 0.028497 0.057064
1 0.750759 0.200281 0.027606 0.042760
1 0.767078 0.229299 0.023940 0.032542
1 0.718598 0.412777 0.023153 0.047567
1 0.732844 0.392945 0.024934 0.039614
1 0.725884 0.896208 0.029788 0.051829
1 0.715450 0.945755 0.033624 0.053188
1 0.773360 0.939853 0.029387 0.058649
1 0.876956 0.819589 0.032950 0.049144
2 0.312542 0.434169 0.028497 0.045973
2 0.765792 0.641833 0.032055 0.052307
3 0.281381 0.564929 0.032064 0.047592
3 0.725721 0.639455 0.030273 0.057064
4 0.723909 0.522148 0.138977 0.304362
5 0.271489 0.501539 0.150490 0.320210
1 0.244079 0.689086 0.032926 0.061812
1 0.758951 0.845243 0.032041 0.058591
1 0.229908 0.737437 0.032945 0.053935
1 0.229284 0.953318 0.032950 0.047576
1 0.127752 0.744362 0.036513 0.049144
