0 0.355125 0.179069 0.072125 0.099722
0 0.331500 0.854007 0.113984 0.215292
0 0.680027 0.158111 0.064117 0.123472
0 0.792605 0.809681 0.087273 0.193139
1 0.530363 0.428389 0.034727 0.071250
1 0.576098 0.426479 0.033836 0.066486
1 0.526996 0.295306 0.032945 0.060167
1 0.543660 0.150118 0.029383 0.050653
1 0.736445 0.127951 0.023156 0.041153
1 0.816437 0.043799 0.023156 0.045903
1 0.936355 0.799174 0.034727 0.066486
1 0.282750 0.183368 0.027609 0.047486
1 0.584621 0.596549 0.032945 0.066486
1 0.674730 0.429569 0.035617 0.066500
2 0.840957 0.794465 0.032055 0.068069
3 0.317504 0.206222 0.028492 0.049083
3 0.704461 0.128556 0.027609 0.045917
4 0.835734 0.435069 0.175422 0.351444
5 0.255906 0.450187 0.174531 0.357764
1 0.428340 0.439326 0.037398 0.064903
1 0.216051 0.953521 0.040070 0.052236
1 0.568598 0.934104 0.046305 0.071236
2 0.399121 0.895687 0.048977 0.088653
