0 0.359527 0.187146 0.072133 0.099736
0 0.339977 0.812757 0.113984 0.215292
0 0.680246 0.173514 0.064117 0.123472
0 0.790469 0.791264 0.087266 0.193139
1 0.530043 0.429181 0.034727 0.071250
1 0.575723 0.426833 0.033836 0.066500
1 0.527098 0.295132 0.032945 0.060153
1 0.543660 0.150118 0.029383 0.050653
1 0.736445 0.127951 0.023156 0.041153
1 0.816379 0.044014 0.023148 0.045917
1 0.936355 0.799174 0.034727 0.066486
1 0.282750 0.183368 0.027609 0.047486
1 0.584621 0.596549 0.032945 0.066486
1 0.674621 0.429896 0.035617 0.066486
2 0.886340 0.691264 0.032055 0.068083
3 0.285859 0.235340 0.027891 0.049069
3 0.706398 0.131576 0.027609 0.045903
4 0.835734 0.435069 0.175422 0.351444
5 0.256375 0.449910 0.174531 0.357764
1 0.428332 0.439444 0.037398 0.064917
1 0.216816 0.953521 0.040070 0.052236
1 0.568777 0.933937 0.046305 0.071236
2 0.399004 0.895660 0.048977 0.088653
