1 0.874613 0.144715 0.027602 0.058569
0 0.474664 0.356729 0.080172 0.112431
0 0.413625 0.493639 0.097094 0.189944
0 0.675016 0.341687 0.069437 0.133014
0 0.695918 0.465125 0.081055 0.180528
1 0.529176 0.431292 0.034727 0.071250
1 0.574723 0.427778 0.033836 0.066500
1 0.527363 0.294653 0.032945 0.060167
1 0.543660 0.150118 0.029383 0.050653
1 0.736445 0.127951 0.023156 0.041153
1 0.816223 0.044576 0.023148 0.045903
1 0.936355 0.799174 0.034727 0.066486
1 0.282750 0.183368 0.027609 0.047486
1 0.584621 0.596549 0.032945 0.066486
1 0.672316 0.420896 0.035617 0.066486
2 0.898152 0.617604 0.032055 0.068069
3 0.255594 0.313965 0.028500 0.049069
3 0.776750 0.294590 0.028516 0.045875
4 0.835734 0.435069 0.175422 0.351444
5 0.257375 0.449319 0.174531 0.357778
1 0.427293 0.446215 0.037398 0.064903
1 0.218848 0.953521 0.040070 0.052236
1 0.569270 0.933479 0.046305 0.071236
2 0.398695 0.895590 0.048969 0.088653
