0 0.422783 0.655831 0.080476 0.144715
0 0.451633 0.903104 0.091682 0.145940
0 0.636369 0.888620 0.090844 0.163213
0 0.704350 0.350247 0.074797 0.099874
1 0.085108 0.826405 0.040961 0.050730
1 0.243975 0.159983 0.030278 0.039631
1 0.247502 0.195935 0.029387 0.034874
1 0.190014 0.491829 0.033836 0.058658
1 0.318332 0.396124 0.025825 0.045973
1 0.287620 0.241565 0.024910 0.044388
1 0.295097 0.389656 0.023313 0.041326
1 0.311176 0.509761 0.027620 0.041183
1 0.513911 0.500852 0.030273 0.053901
1 0.520898 0.638448 0.028497 0.057064
1 0.760622 0.209086 0.027606 0.036460
1 0.765287 0.232202 0.024929 0.033297
1 0.682519 0.406086 0.028497 0.044488
1 0.730198 0.387290 0.024929 0.039614
1 0.727651 0.893616 0.032945 0.060235
1 0.719458 0.947701 0.032055 0.057064
1 0.773360 0.939853 0.029387 0.058649
1 0.873089 0.820961 0.032945 0.049136
2 0.312542 0.434169 0.028497 0.045973
2 0.765792 0.641833 0.032055 0.052307
3 0.282667 0.564669 0.032064 0.047592
3 0.725721 0.639455 0.030273 0.057064
4 0.723591 0.522148 0.139614 0.304362
5 0.271904 0.501539 0.150490 0.320210
1 0.473282 0.910797 0.032926 0.061812
1 0.500283 0.882005 0.032950 0.066560
1 0.500285 0.939841 0.032945 0.055503
1 0.229284 0.953318 0.032950 0.047576
1 0.123650 0.748419 0.036508 0.049136
