0 0.636685 0.873909 0.098893 0.177483
0 0.257667 0.681674 0.091970 0.136317
0 0.278746 0.870252 0.100283 0.169128
0 0.653263 0.734753 0.089844 0.154958
1 0.095613 0.818704 0.040961 0.050730
1 0.243975 0.174669 0.030278 0.039622
1 0.245198 0.206355 0.029387 0.034874
1 0.184618 0.497831 0.033836 0.058649
1 0.318332 0.396124 0.025825 0.045973
1 0.287620 0.241565 0.024910 0.044388
1 0.291774 0.389652 0.023313 0.041317
1 0.312088 0.518964 0.027625 0.041183
1 0.540770 0.712710 0.030278 0.055520
1 0.481331 0.942089 0.033850 0.057064
1 0.755264 0.201992 0.027606 0.042760
1 0.718598 0.412777 0.023153 0.047567
1 0.732844 0.392945 0.024934 0.039614
1 0.720422 0.921112 0.029383 0.050747
1 0.710328 0.953683 0.033624 0.053188
1 0.773360 0.939853 0.029387 0.058649
1 0.877288 0.819375 0.032945 0.049136
2 0.312542 0.434169 0.028497 0.045973
2 0.765792 0.641833 0.032055 0.052307
3 0.281381 0.564929 0.032064 0.047592
3 0.725721 0.639455 0.030273 0.057064
4 0.723047 0.522148 0.138921 0.304362
5 0.271343 0.501539 0.150490 0.320210
1 0.223485 0.663914 0.030646 0.059773
1 0.508530 0.894052 0.033836 0.058591
1 0.206960 0.701401 0.024929 0.053926
1 0.229284 0.953318 0.032950 0.047576
1 0.129208 0.742919 0.036513 0.049144
