0 0.490318 0.671023 0.079298 0.141007
0 0.331876 0.904161 0.091687 0.145940
0 0.426237 0.905944 0.087253 0.131485
0 0.690985 0.309262 0.075702 0.106007
1 0.088167 0.824161 0.040961 0.050721
1 0.243975 0.164262 0.030278 0.039631
1 0.252764 0.198486 0.029383 0.034874
1 0.188443 0.493578 0.033841 0.058649
1 0.318332 0.396124 0.025825 0.045973
1 0.287620 0.241565 0.024910 0.044388
1 0.293287 0.389656 0.023313 0.041326
1 0.312088 0.518964 0.027625 0.041183
1 0.514074 0.499945 0.030278 0.053901
1 0.536204 0.670231 0.028497 0.057072
1 0.760245 0.211317 0.027606 0.036460
1 0.768157 0.231351 0.024929 0.033289
1 0.729503 0.427592 0.024595 0.047567
1 0.732590 0.392399 0.024934 0.039614
1 0.728351 0.888830 0.032036 0.057810
1 0.719149 0.945755 0.033624 0.053188
1 0.773360 0.939853 0.029387 0.058649
1 0.883551 0.820961 0.032945 0.049136
2 0.312542 0.434169 0.028497 0.045973
2 0.765792 0.641833 0.032055 0.052307
3 0.279788 0.565877 0.032064 0.047592
3 0.725721 0.639455 0.030273 0.057064
4 0.723716 0.522148 0.139364 0.304362
5 0.271739 0.501539 0.150490 0.320210
1 0.373570 0.888674 0.032926 0.061812
1 0.643110 0.668196 0.032950 0.066560
1 0.373127 0.940671 0.032945 0.053926
1 0.229284 0.953318 0.032950 0.047576
1 0.125266 0.746816 0.036508 0.049136
