1 0.226612 0.696263 0.027606 0.049153
0 0.566180 0.900482 0.095782 0.149975
0 0.235544 0.778142 0.102333 0.137995
0 0.288325 0.883242 0.099788 0.148465
0 0.647677 0.843423 0.098907 0.171074
1 0.097938 0.816997 0.040966 0.050721
1 0.243975 0.178733 0.030278 0.039631
1 0.244043 0.210977 0.029387 0.034874
1 0.184050 0.497374 0.033841 0.058658
1 0.318332 0.396124 0.025825 0.045973
1 0.287620 0.241565 0.024910 0.044388
1 0.291774 0.389652 0.023313 0.041317
1 0.312088 0.518964 0.027625 0.041183
1 0.538633 0.711065 0.030273 0.055520
1 0.241418 0.872806 0.033845 0.057072
1 0.757121 0.201271 0.027606 0.042760
1 0.718598 0.412777 0.023153 0.047567
1 0.732844 0.392945 0.024934 0.039614
1 0.723245 0.914690 0.029383 0.050755
1 0.710328 0.953683 0.033624 0.053188
1 0.773360 0.939853 0.029387 0.058649
1 0.879418 0.819375 0.032945 0.049136
2 0.312542 0.434169 0.028497 0.045973
2 0.765792 0.641833 0.032055 0.052307
3 0.281381 0.564929 0.032064 0.047592
3 0.725721 0.639455 0.030273 0.057064
4 0.723047 0.522148 0.138921 0.304362
5 0.271188 0.501539 0.150490 0.320210
1 0.238311 0.643700 0.024943 0.045990
1 0.499213 0.945524 0.033836 0.058599
1 0.229284 0.953318 0.032950 0.047576
1 0.130441 0.741703 0.036508 0.049144
