0 0.601487 0.719497 0.086442 0.150537
0 0.248450 0.671145 0.092564 0.114253
0 0.246211 0.780499 0.077512 0.155109
0 0.585492 0.589501 0.072163 0.137911
1 0.091532 0.821690 0.040961 0.050730
1 0.243975 0.168968 0.030278 0.039631
1 0.246817 0.199862 0.029383 0.034874
1 0.186715 0.495499 0.033836 0.058649
1 0.318332 0.396124 0.025825 0.045973
1 0.287620 0.241565 0.024910 0.044388
1 0.291774 0.389652 0.023313 0.041317
1 0.312088 0.518964 0.027625 0.041183
1 0.535160 0.718712 0.030273 0.053901
1 0.694239 0.907060 0.028497 0.057072
1 0.745978 0.197492 0.027601 0.045117
1 0.778167 0.231275 0.025778 0.039664
1 0.718598 0.412777 0.023153 0.047567
1 0.732844 0.392945 0.024934 0.039614
1 0.729060 0.889711 0.030429 0.053515
1 0.716496 0.945755 0.033624 0.053188
1 0.773360 0.939853 0.029387 0.058649
1 0.879300 0.820004 0.032945 0.049136
2 0.312542 0.434169 0.028497 0.045973
2 0.765792 0.641833 0.032055 0.052307
3 0.281381 0.564929 0.032064 0.047592
3 0.725721 0.639455 0.030273 0.057064
4 0.723855 0.522148 0.139086 0.304362
5 0.271560 0.501539 0.150490 0.320210
1 0.226619 0.675134 0.032926 0.061812
1 0.772924 0.825805 0.032041 0.058591
1 0.207910 0.717127 0.032945 0.053935
1 0.229284 0.953318 0.032950 0.047576
1 0.127050 0.745055 0.036513 0.049136
