1 0.871715 0.146000 0.027602 0.058583
0 0.502266 0.310889 0.090156 0.112778
0 0.502660 0.916215 0.127367 0.167569
0 0.689773 0.150028 0.065078 0.126750
0 0.804141 0.706708 0.112187 0.178528
1 0.351711 0.431910 0.034719 0.060181
1 0.608938 0.534278 0.032078 0.066500
1 0.537172 0.283549 0.032953 0.060153
1 0.543660 0.150118 0.029383 0.050653
1 0.736445 0.127924 0.023156 0.041097
1 0.814965 0.049035 0.023148 0.045903
1 0.936355 0.799174 0.034727 0.066486
1 0.282750 0.183368 0.027609 0.047486
1 0.584621 0.596549 0.032945 0.066486
1 0.494879 0.387785 0.035617 0.066486
2 0.896730 0.622667 0.032055 0.068083
3 0.255594 0.313965 0.028500 0.049069
3 0.790297 0.313826 0.028516 0.045875
4 0.835734 0.435069 0.175422 0.351444
5 0.257375 0.449319 0.174531 0.357778
1 0.608664 0.937688 0.037406 0.064903
1 0.615801 0.980701 0.042758 0.038597
1 0.658527 0.933736 0.046305 0.071250
2 0.587754 0.855431 0.033852 0.068056
