0 0.487005 0.670805 0.079298 0.141007
0 0.340134 0.904161 0.091682 0.145940
0 0.434644 0.906162 0.087253 0.131485
0 0.690247 0.305982 0.075707 0.108188
1 0.088091 0.824216 0.040961 0.050730
1 0.243975 0.164153 0.030278 0.039631
1 0.252630 0.198427 0.029387 0.034874
1 0.188483 0.493532 0.033836 0.058658
1 0.318332 0.396124 0.025825 0.045973
1 0.287620 0.241565 0.024910 0.044388
1 0.293334 0.389656 0.023313 0.041326
1 0.312088 0.518964 0.027625 0.041183
1 0.514069 0.499966 0.030278 0.053893
1 0.529326 0.670013 0.028492 0.057072
1 0.760325 0.211376 0.027606 0.036460
1 0.768084 0.231376 0.024934 0.033289
1 0.726539 0.432936 0.024934 0.047567
1 0.732528 0.392269 0.024934 0.039622
1 0.728332 0.888813 0.032074 0.057911
1 0.719211 0.945755 0.033624 0.053188
1 0.773360 0.939853 0.029387 0.058649
1 0.883289 0.820961 0.032950 0.049136
2 0.312542 0.434169 0.028497 0.045973
2 0.765792 0.641833 0.032055 0.052307
3 0.279741 0.565906 0.032064 0.047601
3 0.725721 0.639455 0.030273 0.057064
4 0.723713 0.522148 0.139369 0.304362
5 0.271744 0.501539 0.150490 0.320210
1 0.381279 0.886183 0.032926 0.061812
1 0.646456 0.671833 0.032950 0.066552
1 0.380686 0.940130 0.032945 0.053935
1 0.229284 0.953318 0.032950 0.047576
1 0.125229 0.746858 0.036508 0.049136
