1 0.871352 0.146160 0.027609 0.058569
0 0.446363 0.417535 0.094633 0.132819
0 0.502660 0.916215 0.127367 0.167569
0 0.786367 0.207167 0.067734 0.126750
0 0.820371 0.686028 0.097477 0.205861
1 0.351449 0.431910 0.034727 0.060181
1 0.600180 0.537972 0.032078 0.066500
1 0.468859 0.219778 0.032953 0.060167
1 0.543660 0.150118 0.029383 0.050653
1 0.736445 0.127924 0.023156 0.041097
1 0.814809 0.049597 0.023148 0.045917
1 0.936355 0.799174 0.034727 0.066486
1 0.282750 0.183368 0.027609 0.047486
1 0.584621 0.596549 0.032945 0.066486
1 0.524691 0.360354 0.035617 0.066486
2 0.896730 0.622667 0.032055 0.068083
3 0.255594 0.313965 0.028500 0.049069
3 0.791203 0.314979 0.028516 0.045875
4 0.835734 0.435069 0.175422 0.351444
5 0.257375 0.449319 0.174531 0.357778
1 0.637750 0.967681 0.042734 0.064639
1 0.686590 0.975444 0.042758 0.037806
1 0.784176 0.958000 0.046305 0.050444
2 0.584191 0.863340 0.033852 0.068042
