0 0.570796 0.895398 0.089114 0.152156
0 0.254609 0.690822 0.091367 0.158876
0 0.354357 0.875692 0.083077 0.156518
0 0.646428 0.840088 0.098907 0.171065
1 0.097342 0.817437 0.040961 0.050730
1 0.243975 0.177089 0.030278 0.039631
1 0.244510 0.209107 0.029387 0.034874
1 0.183730 0.498821 0.033841 0.058649
1 0.318332 0.396124 0.025825 0.045973
1 0.287620 0.241565 0.024910 0.044388
1 0.291774 0.389652 0.023313 0.041317
1 0.312088 0.518964 0.027625 0.041183
1 0.538249 0.712844 0.030278 0.055520
1 0.310690 0.951535 0.033850 0.057064
1 0.757465 0.202555 0.027606 0.042760
1 0.718598 0.412777 0.023153 0.047567
1 0.732844 0.392945 0.024934 0.039614
1 0.722104 0.917286 0.029383 0.050747
1 0.710328 0.953683 0.033624 0.053188
1 0.773360 0.939853 0.029387 0.058649
1 0.878558 0.819375 0.032950 0.049136
2 0.312542 0.434169 0.028497 0.045973
2 0.765792 0.641833 0.032055 0.052307
3 0.281381 0.564929 0.032064 0.047592
3 0.725721 0.639455 0.030273 0.057064
4 0.723047 0.522148 0.138921 0.304362
5 0.271251 0.501539 0.150485 0.320210
1 0.224852 0.649878 0.024943 0.045982
1 0.500655 0.948146 0.033836 0.058591
1 0.229284 0.953318 0.032950 0.047576
1 0.130125 0.742013 0.036508 0.049144
