0 0.467274 0.673867 0.079298 0.141007
0 0.462719 0.905327 0.091687 0.145940
0 0.554258 0.907764 0.087253 0.131485
0 0.700229 0.339056 0.075038 0.103230
1 0.087455 0.824681 0.040961 0.050721
1 0.243975 0.163263 0.030278 0.039631
1 0.251539 0.197894 0.029383 0.034883
1 0.188808 0.493171 0.033836 0.058658
1 0.318332 0.396124 0.025825 0.045973
1 0.287620 0.241565 0.024910 0.044388
1 0.293711 0.389656 0.023313 0.041326
1 0.312088 0.518964 0.027625 0.041183
1 0.514036 0.500155 0.030278 0.053901
1 0.518843 0.661414 0.028497 0.057072
1 0.760994 0.211909 0.027606 0.036468
1 0.767491 0.231552 0.024934 0.033289
1 0.691310 0.441216 0.027729 0.047567
1 0.732033 0.391212 0.024934 0.039622
1 0.728200 0.888645 0.032375 0.058716
1 0.719710 0.945755 0.033624 0.053188
1 0.773360 0.939853 0.029387 0.058649
1 0.881117 0.820961 0.032950 0.049136
2 0.312542 0.434169 0.028497 0.045973
2 0.765792 0.641833 0.032055 0.052307
3 0.279345 0.566137 0.032064 0.047592
3 0.725721 0.639455 0.030273 0.057064
4 0.723688 0.522148 0.139420 0.304362
5 0.271777 0.501539 0.150490 0.320210
1 0.499498 0.877710 0.032926 0.061812
1 0.643977 0.704740 0.032950 0.066560
1 0.499253 0.934392 0.032945 0.053935
1 0.229284 0.953318 0.032950 0.047576
1 0.124892 0.747190 0.036513 0.049144
