0 0.433435 0.645789 0.088718 0.152114
0 0.412750 0.902576 0.091682 0.145940
0 0.618523 0.886967 0.090844 0.163213
0 0.704350 0.350055 0.074797 0.099874
1 0.084974 0.826502 0.040966 0.050721
1 0.243975 0.159790 0.030278 0.039631
1 0.247271 0.195822 0.029387 0.034883
1 0.190082 0.491753 0.033841 0.058658
1 0.318332 0.396124 0.025825 0.045973
1 0.287620 0.241565 0.024910 0.044388
1 0.295177 0.389656 0.023313 0.041326
1 0.310721 0.505155 0.027625 0.041183
1 0.513904 0.500893 0.030278 0.053901
1 0.520535 0.638507 0.028497 0.057064
1 0.760584 0.208901 0.027606 0.036460
1 0.765163 0.232240 0.024934 0.033289
1 0.682547 0.405185 0.028497 0.044295
1 0.730092 0.387068 0.024934 0.039622
1 0.727615 0.894232 0.032950 0.060243
1 0.719098 0.947844 0.032059 0.057064
1 0.773360 0.939853 0.029387 0.058649
1 0.872630 0.820961 0.032950 0.049136
2 0.312542 0.434169 0.028497 0.045973
2 0.765792 0.641833 0.032055 0.052307
3 0.281975 0.563742 0.032064 0.047601
3 0.725721 0.639455 0.030273 0.057064
4 0.723584 0.522148 0.139628 0.304362
5 0.271909 0.501539 0.150490 0.320210
1 0.430540 0.909740 0.032926 0.061812
1 0.456352 0.882005 0.032950 0.066560
1 0.458136 0.936669 0.032945 0.055503
1 0.229284 0.953318 0.032950 0.047576
1 0.123577 0.748490 0.036513 0.049144
