0 0.466887 0.688633 0.079298 0.141007
0 0.583930 0.898574 0.091687 0.145940
0 0.673546 0.911355 0.087253 0.131485
0 0.704350 0.351607 0.074797 0.099874
1 0.086070 0.825696 0.040961 0.050721
1 0.243975 0.161326 0.030278 0.039631
1 0.249156 0.196741 0.029387 0.034874
1 0.189519 0.492378 0.033836 0.058649
1 0.318332 0.396124 0.025825 0.045973
1 0.287620 0.241565 0.024910 0.044388
1 0.294529 0.389656 0.023318 0.041326
1 0.312088 0.518964 0.027625 0.041183
1 0.513963 0.500566 0.030273 0.053901
1 0.523490 0.638029 0.028497 0.057064
1 0.760879 0.210419 0.027601 0.036460
1 0.766190 0.231938 0.024934 0.033289
1 0.682328 0.412555 0.028492 0.045847
1 0.730950 0.388897 0.024934 0.039622
1 0.727898 0.889211 0.032950 0.060235
1 0.720803 0.945755 0.033624 0.053188
1 0.773360 0.939853 0.029387 0.058649
1 0.876381 0.820961 0.032950 0.049136
2 0.312542 0.434169 0.028497 0.045973
2 0.765792 0.641833 0.032055 0.052307
3 0.280556 0.566514 0.032064 0.047592
3 0.725721 0.639455 0.030273 0.057064
4 0.723631 0.522148 0.139533 0.304362
5 0.271852 0.501539 0.150490 0.320210
1 0.608301 0.901716 0.032926 0.061820
1 0.631329 0.813838 0.032950 0.066552
1 0.625009 0.924467 0.032950 0.054555
1 0.229284 0.953318 0.032950 0.047576
1 0.124159 0.747915 0.036508 0.049136
