1 0.872094 0.145833 0.027609 0.058583
0 0.477324 0.347937 0.099805 0.164681
0 0.432016 0.915271 0.127359 0.169458
0 0.679410 0.158653 0.065070 0.126750
0 0.790039 0.643417 0.106172 0.185111
1 0.351898 0.431910 0.034719 0.060181
1 0.643992 0.537181 0.032078 0.066500
1 0.529211 0.291368 0.032953 0.060153
1 0.543660 0.150118 0.029383 0.050653
1 0.736445 0.127931 0.023156 0.041111
1 0.815129 0.048451 0.023148 0.045903
1 0.936355 0.799174 0.034727 0.066486
1 0.282750 0.183368 0.027609 0.047486
1 0.584621 0.596549 0.032945 0.066486
1 0.500035 0.432896 0.035617 0.066486
2 0.896730 0.622667 0.032055 0.068083
3 0.255594 0.313965 0.028500 0.049069
3 0.789648 0.313007 0.028516 0.045875
4 0.835734 0.435069 0.175422 0.351444
5 0.257375 0.449319 0.174531 0.357778
1 0.475285 0.940854 0.037398 0.064903
1 0.520031 0.985486 0.041312 0.029028
1 0.571484 0.925840 0.046297 0.071236
2 0.513840 0.931944 0.033852 0.068056
