1 0.873187 0.145347 0.027609 0.058583
0 0.403438 0.428750 0.092594 0.142500
0 0.294156 0.842194 0.144297 0.223111
0 0.637070 0.337500 0.092625 0.167833
0 0.714172 0.679639 0.122906 0.191556
1 0.375059 0.411333 0.034727 0.060167
1 0.634637 0.571215 0.033836 0.066486
1 0.528410 0.292799 0.032945 0.060153
1 0.543660 0.150118 0.029383 0.050653
1 0.736445 0.127938 0.023156 0.041125
1 0.815602 0.046771 0.023156 0.045903
1 0.936355 0.799174 0.034727 0.066486
1 0.282750 0.183368 0.027609 0.047486
1 0.584621 0.596549 0.032945 0.066486
1 0.474293 0.385688 0.035617 0.066486
2 0.896730 0.622667 0.032055 0.068083
3 0.255594 0.313965 0.028500 0.049069
3 0.787789 0.310646 0.028516 0.045875
4 0.835734 0.435069 0.175422 0.351444
5 0.257375 0.449319 0.174531 0.357778
1 0.330391 0.877535 0.037406 0.064903
1 0.249801 0.947187 0.040070 0.052236
1 0.571184 0.931694 0.046305 0.071250
2 0.401199 0.886854 0.048977 0.088653
