1 0.872672 0.145576 0.027609 0.058569
0 0.420930 0.433694 0.092625 0.121944
0 0.304844 0.854931 0.141297 0.208194
0 0.716094 0.339972 0.088219 0.153611
0 0.715938 0.649528 0.119375 0.178833
1 0.352184 0.431910 0.034727 0.060181
1 0.693391 0.517924 0.032656 0.066486
1 0.528789 0.292118 0.032953 0.060153
1 0.543660 0.150118 0.029383 0.050653
1 0.736445 0.127931 0.023156 0.041111
1 0.815379 0.047563 0.023148 0.045903
1 0.936355 0.799174 0.034727 0.066486
1 0.282750 0.183368 0.027609 0.047486
1 0.584621 0.596549 0.032945 0.066486
1 0.478168 0.381181 0.035617 0.066500
2 0.896730 0.622667 0.032055 0.068083
3 0.255594 0.313965 0.028500 0.049069
3 0.788664 0.311757 0.028516 0.045875
4 0.835734 0.435069 0.175422 0.351444
5 0.257375 0.449319 0.174531 0.357778
1 0.334844 0.868035 0.037406 0.064903
1 0.530301 0.944014 0.040070 0.066500
1 0.571871 0.931049 0.046305 0.071236
2 0.429234 0.913181 0.040953 0.079194
