0 0.464658 0.674564 0.079298 0.141007
0 0.483933 0.905562 0.091682 0.145940
0 0.574819 0.907995 0.087253 0.131477
0 0.702519 0.346980 0.074906 0.101359
1 0.087361 0.824753 0.040961 0.050730
1 0.243975 0.163129 0.030278 0.039631
1 0.251374 0.197815 0.029383 0.034874
1 0.188860 0.493117 0.033836 0.058649
1 0.318332 0.396124 0.025825 0.045973
1 0.287620 0.241565 0.024910 0.044388
1 0.293768 0.389656 0.023313 0.041326
1 0.312088 0.518964 0.027625 0.041183
1 0.514032 0.500185 0.030278 0.053893
1 0.519498 0.659782 0.028497 0.057064
1 0.761098 0.211988 0.027606 0.036460
1 0.767399 0.231577 0.024929 0.033289
1 0.686185 0.429815 0.028157 0.047567
1 0.731958 0.391053 0.024934 0.039622
1 0.728181 0.888616 0.032422 0.058842
1 0.719786 0.945755 0.033624 0.053188
1 0.773360 0.939853 0.029387 0.058649
1 0.880789 0.820961 0.032945 0.049136
2 0.312542 0.434169 0.028497 0.045973
2 0.765792 0.641833 0.032055 0.052307
3 0.279284 0.566179 0.032064 0.047592
3 0.725721 0.639455 0.030273 0.057064
4 0.723683 0.522148 0.139430 0.304362
5 0.271781 0.501539 0.150490 0.320210
1 0.520059 0.877013 0.032926 0.061812
1 0.642144 0.709870 0.032950 0.066552
1 0.519943 0.933461 0.032950 0.053935
1 0.229284 0.953318 0.032950 0.047576
1 0.124840 0.747240 0.036513 0.049144
