1 0.872625 0.145597 0.027609 0.058583
0 0.427242 0.430847 0.092625 0.125528
0 0.307070 0.857174 0.140406 0.203708
0 0.715738 0.337431 0.088211 0.153611
0 0.744434 0.641611 0.119383 0.178833
1 0.352160 0.431910 0.034727 0.060181
1 0.697063 0.524361 0.032078 0.066500
1 0.528824 0.292063 0.032945 0.060153
1 0.543660 0.150118 0.029383 0.050653
1 0.736445 0.127931 0.023156 0.041111
1 0.815359 0.047632 0.023156 0.045903
1 0.936355 0.799174 0.034727 0.066486
1 0.282750 0.183368 0.027609 0.047486
1 0.584621 0.596549 0.032945 0.066486
1 0.481414 0.380299 0.035625 0.066486
2 0.896730 0.622667 0.032055 0.068083
3 0.255594 0.313965 0.028500 0.049069
3 0.788742 0.311854 0.028516 0.045875
4 0.835734 0.435069 0.175422 0.351444
5 0.257375 0.449319 0.174531 0.357778
1 0.339520 0.873965 0.037398 0.064903
1 0.538316 0.951139 0.040070 0.066500
1 0.571934 0.930993 0.046305 0.071236
2 0.438141 0.913181 0.040953 0.079194
