0 0.608219 0.894920 0.089114 0.152156
0 0.264948 0.686145 0.091678 0.147341
0 0.330071 0.856930 0.098841 0.158742
0 0.660606 0.817836 0.098902 0.171074
1 0.096456 0.818083 0.040961 0.050730
1 0.243975 0.175856 0.030278 0.039631
1 0.244861 0.207701 0.029383 0.034883
1 0.184185 0.498314 0.033836 0.058658
1 0.318332 0.396124 0.025825 0.045973
1 0.287620 0.241565 0.024910 0.044388
1 0.291774 0.389652 0.023313 0.041317
1 0.312088 0.518964 0.027625 0.041183
1 0.537957 0.714186 0.030278 0.055520
1 0.382321 0.944379 0.033850 0.057064
1 0.756341 0.202265 0.027601 0.042768
1 0.718598 0.412777 0.023153 0.047567
1 0.732844 0.392945 0.024934 0.039614
1 0.721246 0.919241 0.029383 0.050747
1 0.710328 0.953683 0.033624 0.053188
1 0.773360 0.939853 0.029387 0.058649
1 0.877910 0.819375 0.032945 0.049136
2 0.312542 0.434169 0.028497 0.045973
2 0.765792 0.641833 0.032055 0.052307
3 0.281381 0.564929 0.032064 0.047592
3 0.725721 0.639455 0.030273 0.057064
4 0.723047 0.522148 0.138921 0.304362
5 0.271298 0.501539 0.150485 0.320210
1 0.215500 0.669136 0.029632 0.058859
1 0.501741 0.950117 0.033831 0.058591
1 0.215057 0.720021 0.024929 0.053935
1 0.229284 0.953318 0.032950 0.047576
1 0.129658 0.742475 0.036508 0.049144
