1 0.873855 0.145049 0.027602 0.058569
0 0.425691 0.434299 0.081070 0.112431
0 0.309457 0.754826 0.107758 0.205764
0 0.652781 0.339319 0.100609 0.158389
0 0.736984 0.728528 0.110719 0.226278
1 0.452387 0.432701 0.034727 0.071236
1 0.572645 0.429743 0.033836 0.066486
1 0.527918 0.293660 0.032945 0.060153
1 0.543660 0.150118 0.029383 0.050653
1 0.736445 0.127944 0.023156 0.041139
1 0.815891 0.045743 0.023156 0.045903
1 0.936355 0.799174 0.034727 0.066486
1 0.282750 0.183368 0.027609 0.047486
1 0.584621 0.596549 0.032945 0.066486
1 0.631816 0.355132 0.035617 0.066486
2 0.896730 0.622667 0.032055 0.068083
3 0.255594 0.313965 0.028500 0.049069
3 0.786648 0.309194 0.028516 0.045861
4 0.835734 0.435069 0.175422 0.351444
5 0.257375 0.449319 0.174531 0.357778
1 0.327723 0.700229 0.037398 0.064903
1 0.223090 0.953521 0.040070 0.052236
1 0.570285 0.932535 0.046305 0.071236
2 0.398051 0.895451 0.048977 0.088653
