0 0.525158 0.672794 0.079298 0.141007
0 0.317048 0.898289 0.091682 0.145940
0 0.408508 0.905013 0.087253 0.131485
0 0.692780 0.320478 0.075702 0.096728
1 0.088666 0.823796 0.040961 0.050730
1 0.243975 0.164958 0.030278 0.039631
1 0.255683 0.198486 0.029387 0.034874
1 0.188186 0.493863 0.033836 0.058649
1 0.318332 0.396124 0.025825 0.045973
1 0.287620 0.241565 0.024910 0.044388
1 0.292992 0.389652 0.023318 0.041317
1 0.312088 0.518964 0.027625 0.041183
1 0.514418 0.499350 0.030278 0.053901
1 0.573923 0.676195 0.028497 0.057072
1 0.759717 0.210898 0.027606 0.036460
1 0.768645 0.232030 0.024934 0.034664
1 0.718270 0.411896 0.023148 0.047567
1 0.732844 0.392945 0.024934 0.039614
1 0.728457 0.888964 0.031795 0.057173
1 0.718754 0.945755 0.033624 0.053188
1 0.773360 0.939853 0.029387 0.058649
1 0.884364 0.820906 0.032950 0.049144
2 0.312542 0.434169 0.028497 0.045973
2 0.765792 0.641833 0.032055 0.052307
3 0.280099 0.565692 0.032064 0.047592
3 0.725721 0.639455 0.030273 0.057064
4 0.723737 0.522148 0.139321 0.304362
5 0.271713 0.501539 0.150485 0.320210
1 0.355214 0.882232 0.032926 0.061812
1 0.622399 0.677513 0.032950 0.066552
1 0.352481 0.940080 0.032945 0.053935
1 0.229284 0.953318 0.032950 0.047576
1 0.125533 0.746556 0.036513 0.049136
