0 0.431011 0.649694 0.092644 0.152106
0 0.356649 0.902576 0.091687 0.145940
0 0.596633 0.884987 0.090844 0.163213
0 0.704350 0.349782 0.074797 0.099866
1 0.084783 0.826640 0.040961 0.050730
1 0.243975 0.159522 0.030278 0.039631
1 0.246939 0.195659 0.029383 0.034874
1 0.190181 0.491644 0.033841 0.058658
1 0.318332 0.396124 0.025825 0.045973
1 0.287620 0.241565 0.024910 0.044388
1 0.295290 0.389656 0.023313 0.041326
1 0.310068 0.498586 0.027620 0.041183
1 0.513895 0.500952 0.030278 0.053901
1 0.520016 0.638591 0.028497 0.057064
1 0.760535 0.208641 0.027601 0.036460
1 0.764979 0.232290 0.024934 0.033289
1 0.682585 0.403893 0.028497 0.044027
1 0.729941 0.386745 0.024934 0.039614
1 0.727566 0.895113 0.032945 0.060243
1 0.718579 0.948049 0.032059 0.057072
1 0.773360 0.939853 0.029387 0.058649
1 0.871972 0.820961 0.032945 0.049136
2 0.312542 0.434169 0.028497 0.045973
2 0.765792 0.641833 0.032055 0.052307
3 0.280985 0.562420 0.032064 0.047592
3 0.725721 0.639455 0.030273 0.057064
4 0.723577 0.522148 0.139642 0.304362
5 0.271920 0.501539 0.150485 0.320210
1 0.382453 0.912911 0.032926 0.061812
1 0.409156 0.894685 0.032950 0.066552
1 0.407377 0.946183 0.032945 0.055503
1 0.229284 0.953318 0.032950 0.047576
1 0.123475 0.748591 0.036508 0.049144
