0 0.492806 0.671191 0.079298 0.141007
0 0.329159 0.904161 0.091682 0.145940
0 0.423655 0.905776 0.087253 0.131485
0 0.691536 0.311720 0.075702 0.104362
1 0.088223 0.824119 0.040961 0.050721
1 0.243975 0.164337 0.030278 0.039631
1 0.252863 0.198536 0.029383 0.034874
1 0.188414 0.493612 0.033841 0.058649
1 0.318332 0.396124 0.025825 0.045973
1 0.287620 0.241565 0.024910 0.044388
1 0.293254 0.389656 0.023313 0.041326
1 0.312088 0.518964 0.027625 0.041183
1 0.514102 0.499891 0.030278 0.053893
1 0.541362 0.670394 0.028492 0.057064
1 0.760184 0.211267 0.027606 0.036460
1 0.768212 0.231334 0.024934 0.033289
1 0.729010 0.425168 0.024336 0.047567
1 0.732634 0.392496 0.024929 0.039622
1 0.728360 0.888842 0.032008 0.057735
1 0.719102 0.945755 0.033624 0.053188
1 0.773360 0.939853 0.029387 0.058649
1 0.883749 0.820961 0.032945 0.049136
2 0.312542 0.434169 0.028497 0.045973
2 0.765792 0.641833 0.032055 0.052307
3 0.279823 0.565856 0.032069 0.047601
3 0.725721 0.639455 0.030273 0.057064
4 0.723718 0.522148 0.139359 0.304362
5 0.271737 0.501539 0.150485 0.320210
1 0.370770 0.887886 0.032926 0.061812
1 0.640853 0.668570 0.032950 0.066552
1 0.370189 0.940189 0.032950 0.053935
1 0.229284 0.953318 0.032950 0.047576
1 0.125299 0.746787 0.036508 0.049144
