0 0.460233 0.685730 0.079298 0.141007
0 0.586166 0.899010 0.091682 0.145940
0 0.676680 0.908817 0.087253 0.131477
0 0.704350 0.351388 0.074797 0.099874
1 0.085917 0.825810 0.040966 0.050730
1 0.243975 0.161116 0.030278 0.039631
1 0.248893 0.196607 0.029387 0.034874
1 0.189599 0.492290 0.033836 0.058658
1 0.318332 0.396124 0.025825 0.045973
1 0.287620 0.241565 0.024910 0.044388
1 0.294621 0.389656 0.023313 0.041326
1 0.312088 0.518964 0.027625 0.041183
1 0.513954 0.500612 0.030273 0.053893
1 0.523075 0.638096 0.028497 0.057064
1 0.760839 0.210210 0.027606 0.036460
1 0.766044 0.231980 0.024934 0.033289
1 0.682359 0.411518 0.028497 0.045638
1 0.730829 0.388641 0.024929 0.039614
1 0.727858 0.889916 0.032945 0.060235
1 0.720926 0.945755 0.033624 0.053188
1 0.773360 0.939853 0.029387 0.058649
1 0.875853 0.820961 0.032950 0.049136
2 0.312542 0.434169 0.028497 0.045973
2 0.765792 0.641833 0.032055 0.052307
3 0.281331 0.566514 0.032069 0.047592
3 0.725721 0.639455 0.030273 0.057064
4 0.723624 0.522148 0.139548 0.304362
5 0.271861 0.501539 0.150490 0.320210
1 0.608744 0.902903 0.032926 0.061812
1 0.630542 0.836036 0.032950 0.066552
1 0.630992 0.924211 0.032945 0.055067
1 0.229284 0.953318 0.032950 0.047576
1 0.124076 0.747995 0.036513 0.049144
