0 0.478278 0.670927 0.079298 0.140998
0 0.373619 0.904346 0.091687 0.145940
0 0.467910 0.906783 0.087253 0.131485
0 0.690608 0.305768 0.075598 0.111065
1 0.087861 0.824388 0.040961 0.050721
1 0.243975 0.163826 0.030278 0.039631
1 0.252234 0.198234 0.029387 0.034874
1 0.188600 0.493402 0.033836 0.058649
1 0.318332 0.396124 0.025825 0.045973
1 0.287620 0.241565 0.024910 0.044388
1 0.293471 0.389656 0.023313 0.041326
1 0.312088 0.518964 0.027625 0.041183
1 0.514057 0.500038 0.030273 0.053901
1 0.516093 0.668268 0.028492 0.057072
1 0.760570 0.211569 0.027606 0.036460
1 0.767868 0.231435 0.024934 0.033289
1 0.717644 0.448951 0.025947 0.047567
1 0.732349 0.391883 0.024934 0.039622
1 0.728285 0.888750 0.032187 0.058205
1 0.719394 0.945755 0.033624 0.053188
1 0.773360 0.939853 0.029387 0.058649
1 0.882500 0.820961 0.032945 0.049136
2 0.312542 0.434169 0.028497 0.045973
2 0.765792 0.641833 0.032055 0.052307
3 0.279595 0.565990 0.032064 0.047601
3 0.725721 0.639455 0.030273 0.057064
4 0.723704 0.522148 0.139387 0.304362
5 0.271758 0.501539 0.150490 0.320210
1 0.413148 0.880646 0.032931 0.061812
1 0.651678 0.683201 0.032950 0.066552
1 0.412354 0.938310 0.032945 0.053935
1 0.229284 0.953318 0.032950 0.047576
1 0.125106 0.746980 0.036508 0.049144
