0 0.737535 0.753427 0.093582 0.157525
0 0.264015 0.680860 0.092564 0.114253
0 0.240431 0.803117 0.101890 0.156049
0 0.659663 0.523528 0.076970 0.132827
1 0.093360 0.820352 0.040961 0.050721
1 0.243975 0.171518 0.030278 0.039631
1 0.246091 0.202773 0.029383 0.034874
1 0.185775 0.496548 0.033841 0.058649
1 0.318332 0.396124 0.025825 0.045973
1 0.287620 0.241565 0.024910 0.044388
1 0.291774 0.389652 0.023313 0.041317
1 0.312088 0.518964 0.027625 0.041183
1 0.542818 0.692894 0.030273 0.055520
1 0.691510 0.909975 0.028497 0.057064
1 0.752406 0.201263 0.027601 0.042760
1 0.765968 0.227143 0.021720 0.028230
1 0.718598 0.412777 0.023153 0.047567
1 0.732844 0.392945 0.024934 0.039614
1 0.723944 0.899975 0.029548 0.051191
1 0.715054 0.945755 0.033624 0.053188
1 0.773360 0.939853 0.029387 0.058649
1 0.876072 0.819430 0.032945 0.049144
2 0.312542 0.434169 0.028497 0.045973
2 0.765792 0.641833 0.032055 0.052307
3 0.281381 0.564929 0.032064 0.047592
3 0.725721 0.639455 0.030273 0.057064
4 0.723930 0.522148 0.138935 0.304362
5 0.271463 0.501539 0.150485 0.320210
1 0.237726 0.683431 0.032926 0.061812
1 0.752792 0.853133 0.032041 0.058599
1 0.221268 0.733612 0.032950 0.053935
1 0.229284 0.953318 0.032950 0.047576
1 0.128018 0.744098 0.036508 0.049136
