1 0.871383 0.146146 0.027609 0.058569
0 0.441688 0.336000 0.094625 0.156611
0 0.502660 0.916215 0.127367 0.167569
0 0.736066 0.167597 0.077508 0.126750
0 0.813023 0.628201 0.089016 0.208986
1 0.351547 0.431910 0.034719 0.060181
1 0.595535 0.538660 0.032070 0.066486
1 0.496465 0.226104 0.032945 0.060153
1 0.543660 0.150118 0.029383 0.050653
1 0.736445 0.127924 0.023156 0.041097
1 0.814820 0.049549 0.023156 0.045903
1 0.936355 0.799174 0.034727 0.066486
1 0.282750 0.183368 0.027609 0.047486
1 0.584621 0.596549 0.032945 0.066486
1 0.504922 0.371743 0.035625 0.066486
2 0.896730 0.622667 0.032055 0.068083
3 0.255594 0.313965 0.028500 0.049069
3 0.790867 0.314549 0.028516 0.045875
4 0.835734 0.435069 0.175422 0.351444
5 0.257375 0.449319 0.174531 0.357778
1 0.642059 0.980521 0.037398 0.038958
1 0.687035 0.974917 0.042758 0.037806
1 0.744902 0.966868 0.046305 0.050431
2 0.584191 0.863340 0.033852 0.068042
