1 0.220024 0.685076 0.027606 0.049161
0 0.566593 0.900566 0.098172 0.149186
0 0.246623 0.759828 0.109524 0.151955
0 0.276437 0.874190 0.099793 0.158045
0 0.648002 0.844367 0.098907 0.171065
1 0.097938 0.816997 0.040966 0.050721
1 0.243975 0.179320 0.030278 0.039631
1 0.243874 0.211648 0.029387 0.034874
1 0.184510 0.496065 0.033836 0.058658
1 0.318332 0.396124 0.025825 0.045973
1 0.287620 0.241565 0.024910 0.044388
1 0.291774 0.389652 0.023313 0.041317
1 0.312088 0.518964 0.027625 0.041183
1 0.538348 0.715730 0.030278 0.055520
1 0.237422 0.891170 0.033845 0.057072
1 0.756315 0.200197 0.027606 0.042760
1 0.718598 0.412777 0.023153 0.047567
1 0.732844 0.392945 0.024934 0.039614
1 0.723655 0.913754 0.029383 0.050747
1 0.710328 0.953683 0.033624 0.053188
1 0.773360 0.939853 0.029387 0.058649
1 0.879729 0.819375 0.032945 0.049136
2 0.312542 0.434169 0.028497 0.045973
2 0.765792 0.641833 0.032055 0.052307
3 0.281381 0.564929 0.032064 0.047592
3 0.725721 0.639455 0.030273 0.057064
4 0.723047 0.522148 0.138921 0.304362
5 0.271164 0.501539 0.150490 0.320210
1 0.239574 0.644262 0.024943 0.045990
1 0.499260 0.944786 0.033836 0.058599
1 0.229284 0.953318 0.032950 0.047576
1 0.130441 0.741703 0.036508 0.049144
