0 0.653718 0.879610 0.091188 0.159002
0 0.250719 0.677404 0.092257 0.125780
0 0.248761 0.785457 0.081989 0.168347
0 0.595877 0.672924 0.097125 0.137844
1 0.094802 0.819295 0.040961 0.050721
1 0.243975 0.173540 0.030278 0.039631
1 0.245518 0.205071 0.029387 0.034874
1 0.185033 0.497370 0.033836 0.058649
1 0.318332 0.396124 0.025825 0.045973
1 0.287620 0.241565 0.024910 0.044388
1 0.291774 0.389652 0.023313 0.041317
1 0.312088 0.518964 0.027625 0.041183
1 0.537981 0.717945 0.030278 0.055520
1 0.604022 0.951741 0.028497 0.057072
1 0.754239 0.201732 0.027601 0.042760
1 0.718598 0.412777 0.023153 0.047567
1 0.732844 0.392945 0.024934 0.039614
1 0.721070 0.922047 0.029387 0.050755
1 0.710328 0.953683 0.033624 0.053188
1 0.773360 0.939853 0.029387 0.058649
1 0.876697 0.819375 0.032950 0.049136
2 0.312542 0.434169 0.028497 0.045973
2 0.765792 0.641833 0.032055 0.052307
3 0.281381 0.564929 0.032064 0.047592
3 0.725721 0.639455 0.030273 0.057064
4 0.722952 0.522148 0.138921 0.304362
5 0.271385 0.501539 0.150490 0.320210
1 0.224814 0.667328 0.031616 0.060646
1 0.592750 0.866963 0.032041 0.058591
1 0.205156 0.703201 0.024929 0.053935
1 0.229284 0.953318 0.032950 0.047576
1 0.128782 0.743343 0.036508 0.049136
