0 0.727467 0.800348 0.086442 0.148951
0 0.243438 0.672932 0.092549 0.114757
0 0.257580 0.773305 0.087300 0.129782
0 0.656049 0.533977 0.087319 0.129950
1 0.093959 0.819916 0.040961 0.050721
1 0.243975 0.172357 0.030278 0.039631
1 0.245853 0.203721 0.029387 0.034874
1 0.185469 0.496888 0.033841 0.058658
1 0.318332 0.396124 0.025825 0.045973
1 0.287620 0.241565 0.024910 0.044388
1 0.291774 0.389652 0.023313 0.041317
1 0.312088 0.518964 0.027625 0.041183
1 0.548963 0.683465 0.030273 0.055520
1 0.682597 0.913695 0.028492 0.057072
1 0.753162 0.201456 0.027606 0.042760
1 0.718598 0.412777 0.023153 0.047567
1 0.732844 0.392945 0.024934 0.039614
1 0.714336 0.905306 0.029387 0.050747
1 0.710328 0.953683 0.033624 0.053188
1 0.773360 0.939853 0.029387 0.058649
1 0.876077 0.819375 0.032945 0.049136
2 0.312542 0.434169 0.028497 0.045973
2 0.765792 0.641833 0.032055 0.052307
3 0.281381 0.564929 0.032064 0.047592
3 0.725721 0.639455 0.030273 0.057064
4 0.722279 0.522148 0.138921 0.304362
5 0.271433 0.501539 0.150490 0.320210
1 0.226209 0.670906 0.032625 0.061544
1 0.671411 0.846753 0.032041 0.058591
1 0.199192 0.705843 0.024934 0.053935
1 0.229284 0.953318 0.032950 0.047576
1 0.128334 0.743784 0.036508 0.049144
