1 0.873203 0.145340 0.027609 0.058569
0 0.400543 0.428750 0.090367 0.134583
0 0.290891 0.840083 0.144297 0.223111
0 0.630242 0.338028 0.092625 0.167833
0 0.714902 0.679931 0.122914 0.191556
1 0.373574 0.416083 0.034727 0.060167
1 0.631668 0.571215 0.033836 0.066486
1 0.528398 0.292812 0.032953 0.060153
1 0.543660 0.150118 0.029383 0.050653
1 0.736445 0.127938 0.023156 0.041125
1 0.815609 0.046743 0.023156 0.045903
1 0.936355 0.799174 0.034727 0.066486
1 0.282750 0.183368 0.027609 0.047486
1 0.584621 0.596549 0.032945 0.066486
1 0.473738 0.386597 0.035617 0.066500
2 0.896730 0.622667 0.032055 0.068083
3 0.255594 0.313965 0.028500 0.049069
3 0.787758 0.310604 0.028516 0.045875
4 0.835734 0.435069 0.175422 0.351444
5 0.257375 0.449319 0.174531 0.357778
1 0.327496 0.880299 0.037398 0.064903
1 0.237340 0.951937 0.040070 0.052236
1 0.571160 0.931715 0.046305 0.071236
2 0.400926 0.887507 0.048977 0.088653
