0 0.468391 0.676418 0.079298 0.141007
0 0.513108 0.905747 0.091682 0.145940
0 0.604380 0.909157 0.087253 0.131485
0 0.704350 0.353079 0.074797 0.099866
1 0.087111 0.824937 0.040961 0.050730
1 0.243975 0.162777 0.030278 0.039631
1 0.250943 0.197605 0.029387 0.034874
1 0.188987 0.492974 0.033836 0.058649
1 0.318332 0.396124 0.025825 0.045973
1 0.287620 0.241565 0.024910 0.044388
1 0.293914 0.389656 0.023313 0.041326
1 0.312088 0.518964 0.027625 0.041183
1 0.514017 0.500260 0.030278 0.053893
1 0.520933 0.654262 0.028492 0.057064
1 0.761157 0.211854 0.027601 0.036460
1 0.767165 0.231644 0.024934 0.033289
1 0.682123 0.419534 0.028497 0.047324
1 0.731762 0.390633 0.024929 0.039622
1 0.728127 0.888553 0.032540 0.059153
1 0.719984 0.945755 0.033624 0.053188
1 0.773360 0.939853 0.029387 0.058649
1 0.879934 0.820961 0.032950 0.049136
2 0.312542 0.434169 0.028497 0.045973
2 0.765792 0.641833 0.032055 0.052307
3 0.279128 0.566271 0.032064 0.047592
3 0.725721 0.639455 0.030273 0.057064
4 0.723673 0.522148 0.139449 0.304362
5 0.271795 0.501539 0.150490 0.320210
1 0.551864 0.884773 0.032926 0.061812
1 0.636338 0.726456 0.032950 0.066552
1 0.552161 0.931418 0.032945 0.053926
1 0.229284 0.953318 0.032950 0.047576
1 0.124708 0.747370 0.036513 0.049136
