0 0.488513 0.682215 0.079298 0.141007
0 0.563025 0.904992 0.091687 0.145940
0 0.658546 0.913293 0.087253 0.131485
0 0.704350 0.352072 0.074797 0.099866
1 0.086397 0.825457 0.040966 0.050730
1 0.243975 0.161787 0.030278 0.039631
1 0.249720 0.197009 0.029383 0.034874
1 0.189352 0.492567 0.033841 0.058658
1 0.318332 0.396124 0.025825 0.045973
1 0.287620 0.241565 0.024910 0.044388
1 0.294336 0.389656 0.023318 0.041326
1 0.312088 0.518964 0.027625 0.041183
1 0.513980 0.500470 0.030278 0.053893
1 0.524371 0.637886 0.028497 0.057064
1 0.760966 0.210872 0.027606 0.036460
1 0.766496 0.231846 0.024934 0.033289
1 0.682264 0.414753 0.028497 0.046317
1 0.731204 0.389442 0.024934 0.039622
1 0.727976 0.888364 0.032879 0.060067
1 0.720544 0.945755 0.033624 0.053188
1 0.773360 0.939853 0.029387 0.058649
1 0.877498 0.820961 0.032950 0.049136
2 0.312542 0.434169 0.028497 0.045973
2 0.765792 0.641833 0.032055 0.052307
3 0.278902 0.566514 0.032064 0.047592
3 0.725721 0.639455 0.030273 0.057064
4 0.723643 0.522148 0.139510 0.304362
5 0.271833 0.501539 0.150490 0.320210
1 0.600436 0.899849 0.032926 0.061812
1 0.627026 0.779492 0.032950 0.066552
1 0.614065 0.926019 0.032945 0.053935
1 0.229284 0.953318 0.032950 0.047576
1 0.124331 0.747743 0.036513 0.049144
