0 0.639762 0.875638 0.098893 0.177483
0 0.257997 0.681875 0.091960 0.136820
0 0.280528 0.874740 0.101583 0.169446
0 0.657637 0.742391 0.088223 0.155252
1 0.095650 0.818674 0.040961 0.050721
1 0.243975 0.174723 0.030278 0.039631
1 0.245181 0.206414 0.029383 0.034874
1 0.184599 0.497852 0.033836 0.058658
1 0.318332 0.396124 0.025825 0.045973
1 0.287620 0.241565 0.024910 0.044388
1 0.291774 0.389652 0.023313 0.041317
1 0.312088 0.518964 0.027625 0.041183
1 0.540504 0.714773 0.030273 0.055520
1 0.475504 0.940646 0.033845 0.057064
1 0.755316 0.202005 0.027606 0.042768
1 0.718598 0.412777 0.023153 0.047567
1 0.732844 0.392945 0.024934 0.039614
1 0.720459 0.921028 0.029383 0.050747
1 0.710328 0.953683 0.033624 0.053188
1 0.773360 0.939853 0.029387 0.058649
1 0.877316 0.819375 0.032945 0.049136
2 0.312542 0.434169 0.028497 0.045973
2 0.765792 0.641833 0.032055 0.052307
3 0.281381 0.564929 0.032064 0.047592
3 0.725721 0.639455 0.030273 0.057064
4 0.723047 0.522148 0.138921 0.304362
5 0.271343 0.501539 0.150490 0.320210
1 0.223421 0.663750 0.030603 0.059732
1 0.505778 0.898666 0.033836 0.058591
1 0.207048 0.701317 0.024934 0.053926
1 0.229284 0.953318 0.032950 0.047576
1 0.129230 0.742898 0.036508 0.049136
