0 0.595071 0.713809 0.075212 0.136309
0 0.251060 0.672806 0.092564 0.114253
0 0.247326 0.787273 0.077507 0.166191
0 0.615144 0.605889 0.084981 0.130805
1 0.091706 0.821565 0.040961 0.050730
1 0.243975 0.169211 0.030278 0.039631
1 0.246748 0.200138 0.029387 0.034874
1 0.186626 0.495600 0.033836 0.058649
1 0.318332 0.396124 0.025825 0.045973
1 0.287620 0.241565 0.024910 0.044388
1 0.291774 0.389652 0.023313 0.041317
1 0.312088 0.518964 0.027625 0.041183
1 0.540770 0.737261 0.030278 0.053901
1 0.693980 0.907336 0.028497 0.057072
1 0.743975 0.195642 0.027601 0.043482
1 0.776692 0.231275 0.027050 0.039664
1 0.718598 0.412777 0.023153 0.047567
1 0.732844 0.392945 0.024934 0.039614
1 0.729095 0.889753 0.030339 0.053297
1 0.716360 0.945755 0.033624 0.053188
1 0.773360 0.939853 0.029387 0.058649
1 0.878994 0.819950 0.032945 0.049144
2 0.312542 0.434169 0.028497 0.045973
2 0.765792 0.641833 0.032055 0.052307
3 0.281381 0.564929 0.032064 0.047592
3 0.725721 0.639455 0.030273 0.057064
4 0.723862 0.522148 0.139072 0.304362
5 0.271550 0.501539 0.150490 0.320210
1 0.229069 0.675134 0.032926 0.061812
1 0.772924 0.827181 0.032041 0.058591
1 0.210200 0.705914 0.032945 0.053926
1 0.229284 0.953318 0.032950 0.047576
1 0.127142 0.744966 0.036508 0.049144
