0 0.641096 0.880822 0.096225 0.167114
0 0.258494 0.682181 0.091937 0.137567
0 0.286539 0.873008 0.100975 0.171602
0 0.661520 0.750176 0.091136 0.159564
1 0.095707 0.818633 0.040961 0.050721
1 0.243975 0.174807 0.030278 0.039631
1 0.245158 0.206506 0.029383 0.034874
1 0.184571 0.497886 0.033836 0.058658
1 0.318332 0.396124 0.025825 0.045973
1 0.287620 0.241565 0.024910 0.044388
1 0.291774 0.389652 0.023313 0.041317
1 0.312088 0.518964 0.027625 0.041183
1 0.539531 0.716930 0.030278 0.055520
1 0.468219 0.939782 0.033845 0.057064
1 0.755386 0.202026 0.027606 0.042760
1 0.718598 0.412777 0.023153 0.047567
1 0.732844 0.392945 0.024934 0.039614
1 0.720516 0.920898 0.029383 0.050755
1 0.710328 0.953683 0.033624 0.053188
1 0.773360 0.939853 0.029387 0.058649
1 0.877359 0.819375 0.032945 0.049136
2 0.312542 0.434169 0.028497 0.045973
2 0.765792 0.641833 0.032055 0.052307
3 0.281381 0.564929 0.032064 0.047592
3 0.725721 0.639455 0.030273 0.057064
4 0.723047 0.522148 0.138921 0.304362
5 0.271338 0.501539 0.150490 0.320210
1 0.223325 0.663507 0.030533 0.059664
1 0.504076 0.908180 0.033836 0.058591
1 0.207177 0.701187 0.024929 0.053935
1 0.229284 0.953318 0.032950 0.047576
1 0.129260 0.742869 0.036513 0.049144
