0 0.266996 0.715742 0.099967 0.149337
0 0.256004 0.860721 0.096136 0.155369
0 0.369321 0.914488 0.089915 0.106208
0 0.704350 0.347609 0.074797 0.099866
1 0.083242 0.827773 0.040961 0.050730
1 0.243975 0.157374 0.030278 0.039631
1 0.244293 0.194375 0.029387 0.034874
1 0.187066 0.476774 0.033841 0.058649
1 0.318332 0.396124 0.025825 0.045973
1 0.287620 0.241565 0.024910 0.044388
1 0.277498 0.392806 0.023139 0.042794
1 0.256798 0.509669 0.027620 0.041183
1 0.513812 0.501409 0.030273 0.053893
1 0.515872 0.639262 0.028492 0.057064
1 0.760123 0.206510 0.027606 0.036460
1 0.763537 0.232718 0.024934 0.033289
1 0.682891 0.393549 0.028497 0.041846
1 0.728739 0.384174 0.024934 0.039622
1 0.727170 0.902160 0.032945 0.060243
1 0.714444 0.949685 0.032055 0.057072
1 0.773360 0.939853 0.029387 0.058649
1 0.873994 0.826930 0.032945 0.049144
2 0.313311 0.432294 0.028497 0.045965
2 0.765792 0.641833 0.032055 0.052307
3 0.280931 0.565092 0.034727 0.055487
3 0.725721 0.639455 0.030273 0.057064
4 0.723513 0.522148 0.139769 0.304362
5 0.272003 0.501539 0.150490 0.320210
1 0.274475 0.912110 0.034727 0.061820
1 0.309361 0.910864 0.030278 0.052315
1 0.289748 0.950155 0.032945 0.041216
1 0.226711 0.952747 0.031018 0.049857
1 0.122660 0.749396 0.036508 0.049144
