1 0.872414 0.145688 0.027609 0.058569
0 0.448125 0.419958 0.100703 0.166250
0 0.378461 0.902757 0.138906 0.194486
0 0.703531 0.300549 0.074844 0.153625
0 0.806344 0.624167 0.116672 0.185111
1 0.352055 0.431910 0.034719 0.060181
1 0.687297 0.544569 0.032078 0.066500
1 0.528977 0.291785 0.032953 0.060153
1 0.543660 0.150118 0.029383 0.050653
1 0.736445 0.127931 0.023156 0.041111
1 0.815266 0.047958 0.023156 0.045917
1 0.936355 0.799174 0.034727 0.066486
1 0.282750 0.183368 0.027609 0.047486
1 0.584621 0.596549 0.032945 0.066486
1 0.525848 0.398132 0.035617 0.066486
2 0.896730 0.622667 0.032055 0.068083
3 0.255594 0.313965 0.028500 0.049069
3 0.789105 0.312312 0.028508 0.045875
4 0.835734 0.435069 0.175422 0.351444
5 0.257375 0.449319 0.174531 0.357778
1 0.419441 0.926604 0.037398 0.064903
1 0.543152 0.984833 0.040070 0.030333
1 0.572223 0.930729 0.046305 0.071236
2 0.464867 0.921917 0.033844 0.068056
