0 0.397627 0.680155 0.094425 0.156888
0 0.267116 0.860394 0.099171 0.158440
0 0.545172 0.890034 0.090844 0.153322
0 0.704350 0.349077 0.074797 0.099866
1 0.084284 0.827009 0.040961 0.050730
1 0.243975 0.158826 0.030278 0.039631
1 0.246079 0.195247 0.029387 0.034874
1 0.190438 0.491355 0.033836 0.058649
1 0.318332 0.396124 0.025825 0.045973
1 0.287620 0.241565 0.024910 0.044388
1 0.290115 0.386044 0.023134 0.042794
1 0.301626 0.479333 0.027625 0.041183
1 0.513867 0.501099 0.030278 0.053893
1 0.518669 0.638809 0.028497 0.057064
1 0.760401 0.207945 0.027606 0.036460
1 0.764512 0.232433 0.024934 0.033289
1 0.682684 0.400533 0.028497 0.043314
1 0.729550 0.385910 0.024934 0.039622
1 0.727439 0.897404 0.032945 0.060243
1 0.717236 0.948582 0.032059 0.057064
1 0.773360 0.939853 0.029387 0.058649
1 0.871925 0.822324 0.032945 0.049144
2 0.312542 0.434169 0.028497 0.045973
2 0.765792 0.641833 0.032055 0.052307
3 0.276762 0.569685 0.032064 0.047592
3 0.725721 0.639455 0.030273 0.057064
4 0.723556 0.522148 0.139684 0.304362
5 0.271946 0.501539 0.150490 0.320210
1 0.282721 0.891246 0.032926 0.061820
1 0.318706 0.898712 0.030278 0.066552
1 0.299698 0.942768 0.032950 0.055503
1 0.229284 0.953318 0.032950 0.047576
1 0.123212 0.748851 0.036508 0.049144
