0 0.744095 0.783041 0.092394 0.160847
0 0.247116 0.673125 0.092564 0.114253
0 0.238285 0.780852 0.099915 0.133716
0 0.665919 0.509669 0.087314 0.129941
1 0.093822 0.820013 0.040961 0.050730
1 0.243975 0.172164 0.030278 0.039631
1 0.245907 0.203511 0.029383 0.034874
1 0.185537 0.496808 0.033836 0.058649
1 0.318332 0.396124 0.025825 0.045973
1 0.287620 0.241565 0.024910 0.044388
1 0.291774 0.389652 0.023313 0.041317
1 0.312088 0.518964 0.027625 0.041183
1 0.550299 0.674992 0.030278 0.055520
1 0.685269 0.913695 0.028492 0.057072
1 0.752992 0.201414 0.027606 0.042760
1 0.718598 0.412777 0.023153 0.047567
1 0.732844 0.392945 0.024934 0.039614
1 0.716115 0.908473 0.029383 0.050755
1 0.710328 0.953683 0.033624 0.053188
1 0.773360 0.939853 0.029387 0.058649
1 0.875978 0.819375 0.032945 0.049136
2 0.312542 0.434169 0.028497 0.045973
2 0.765792 0.641833 0.032055 0.052307
3 0.281381 0.564929 0.032064 0.047592
3 0.725721 0.639455 0.030273 0.057064
4 0.722170 0.522148 0.138921 0.304362
5 0.271437 0.501539 0.150490 0.320210
1 0.226430 0.671472 0.032785 0.061686
1 0.715488 0.859035 0.032041 0.058591
1 0.229284 0.953318 0.032950 0.047576
1 0.128263 0.743859 0.036508 0.049144
