0 0.354680 0.179201 0.072125 0.099736
0 0.329578 0.862938 0.113984 0.215292
0 0.679801 0.155604 0.064117 0.123486
0 0.791539 0.813000 0.087266 0.193139
1 0.530691 0.427597 0.034727 0.071250
1 0.576473 0.426125 0.033836 0.066500
1 0.526895 0.295486 0.032945 0.060167
1 0.543660 0.150118 0.029383 0.050653
1 0.736445 0.127951 0.023156 0.041153
1 0.816496 0.043590 0.023148 0.045903
1 0.936355 0.799174 0.034727 0.066486
1 0.282750 0.183368 0.027609 0.047486
1 0.584621 0.596549 0.032945 0.066486
1 0.674836 0.429243 0.035625 0.066486
2 0.839434 0.795993 0.032055 0.068069
3 0.318367 0.205639 0.028500 0.049083
3 0.702516 0.125535 0.027609 0.045903
4 0.835734 0.435069 0.175422 0.351444
5 0.255434 0.450465 0.174539 0.357764
1 0.428340 0.439215 0.037398 0.064903
1 0.215285 0.953521 0.040070 0.052236
1 0.568410 0.934285 0.046305 0.071236
2 0.399238 0.895701 0.048977 0.088653
