0 0.412585 0.661250 0.079298 0.141007
0 0.500459 0.903368 0.091682 0.145948
0 0.656140 0.897869 0.095080 0.152114
0 0.704350 0.350491 0.074797 0.099874
1 0.085283 0.826275 0.040961 0.050721
1 0.243975 0.160227 0.030278 0.039631
1 0.247799 0.196078 0.029387 0.034874
1 0.189925 0.491930 0.033836 0.058658
1 0.318332 0.396124 0.025825 0.045973
1 0.287620 0.241565 0.024910 0.044388
1 0.294998 0.389656 0.023313 0.041326
1 0.311762 0.515675 0.027625 0.041183
1 0.513921 0.500801 0.030273 0.053901
1 0.521364 0.638372 0.028497 0.057064
1 0.760669 0.209329 0.027606 0.036460
1 0.765450 0.232156 0.024934 0.033289
1 0.682486 0.407253 0.028497 0.044740
1 0.730332 0.387580 0.024934 0.039622
1 0.727696 0.892823 0.032950 0.060243
1 0.719925 0.947517 0.032055 0.057064
1 0.773360 0.939853 0.029387 0.058649
1 0.873683 0.820961 0.032945 0.049136
2 0.312542 0.434169 0.028497 0.045973
2 0.765792 0.641833 0.032055 0.052307
3 0.283558 0.565856 0.032064 0.047601
3 0.725721 0.639455 0.030273 0.057064
4 0.723598 0.522148 0.139599 0.304362
5 0.271894 0.501539 0.150490 0.320210
1 0.523372 0.912911 0.032926 0.061812
1 0.547846 0.889140 0.032950 0.066552
1 0.548073 0.947768 0.032950 0.055503
1 0.229284 0.953318 0.032950 0.047576
1 0.123739 0.748326 0.036508 0.049136
