0 0.252714 0.725847 0.104194 0.153691
0 0.253926 0.859811 0.080424 0.155378
0 0.347719 0.913960 0.086965 0.106208
0 0.704350 0.347441 0.074797 0.099866
1 0.083129 0.827857 0.040961 0.050730
1 0.243975 0.157215 0.030278 0.039631
1 0.244093 0.194283 0.029383 0.034874
1 0.186581 0.474761 0.033841 0.058649
1 0.318332 0.396124 0.025825 0.045973
1 0.287314 0.242286 0.025523 0.045831
1 0.272377 0.407001 0.024557 0.045680
1 0.252853 0.515721 0.029439 0.044799
1 0.513805 0.501443 0.030278 0.053893
1 0.515561 0.639312 0.028492 0.057064
1 0.760092 0.206351 0.027601 0.036460
1 0.763428 0.232752 0.024934 0.033289
1 0.682915 0.392773 0.028497 0.041686
1 0.728650 0.383981 0.024934 0.039622
1 0.727142 0.902689 0.032945 0.060243
1 0.714133 0.949807 0.032055 0.057064
1 0.773360 0.939853 0.029387 0.058649
1 0.874225 0.827441 0.032945 0.049144
2 0.312015 0.431502 0.028497 0.045973
2 0.765792 0.641833 0.032055 0.052307
3 0.281741 0.568624 0.034727 0.055487
3 0.725721 0.639455 0.030273 0.057064
4 0.723508 0.522148 0.139779 0.304362
5 0.272008 0.501539 0.150490 0.320210
1 0.263862 0.913167 0.034727 0.061820
1 0.305471 0.915419 0.030273 0.052315
1 0.286006 0.950155 0.032945 0.041216
1 0.225523 0.952487 0.030132 0.050914
1 0.122599 0.749455 0.036508 0.049144
