1 0.874398 0.144813 0.027609 0.058569
0 0.494609 0.391868 0.080172 0.112431
0 0.408156 0.499743 0.097094 0.189958
0 0.670562 0.351854 0.069437 0.141153
0 0.692801 0.500743 0.081055 0.180514
1 0.529895 0.430910 0.034727 0.071236
1 0.574145 0.428326 0.033836 0.066486
1 0.527520 0.294382 0.032945 0.060153
1 0.543660 0.150118 0.029383 0.050653
1 0.736445 0.127944 0.023156 0.041139
1 0.816129 0.044903 0.023148 0.045917
1 0.936355 0.799174 0.034727 0.066486
1 0.282750 0.183368 0.027609 0.047486
1 0.584621 0.596549 0.032945 0.066486
1 0.669004 0.406056 0.035617 0.066500
2 0.899273 0.622667 0.032062 0.068083
3 0.255594 0.313965 0.028500 0.049069
3 0.785719 0.308014 0.028516 0.045861
4 0.835734 0.435069 0.175422 0.351444
5 0.257375 0.449319 0.174531 0.357778
1 0.425672 0.456437 0.037406 0.064903
1 0.220035 0.953521 0.040070 0.052236
1 0.569551 0.933215 0.046305 0.071236
2 0.398516 0.895549 0.048969 0.088653
