0 0.642434 0.885927 0.093549 0.160025
0 0.251711 0.678016 0.092215 0.127290
0 0.246687 0.789543 0.076824 0.163532
0 0.604194 0.690088 0.093591 0.145780
1 0.094920 0.819211 0.040961 0.050721
1 0.243975 0.173700 0.030278 0.039631
1 0.245471 0.205256 0.029387 0.034874
1 0.184976 0.497437 0.033836 0.058649
1 0.318332 0.396124 0.025825 0.045973
1 0.287620 0.241565 0.024910 0.044388
1 0.291774 0.389652 0.023313 0.041317
1 0.312088 0.518964 0.027625 0.041183
1 0.538723 0.717542 0.030273 0.055520
1 0.575231 0.948574 0.028492 0.057064
1 0.754385 0.201766 0.027601 0.042760
1 0.718598 0.412777 0.023153 0.047567
1 0.732844 0.392945 0.024934 0.039614
1 0.719750 0.922643 0.029387 0.050755
1 0.710328 0.953683 0.033624 0.053188
1 0.773360 0.939853 0.029387 0.058649
1 0.876781 0.819375 0.032950 0.049136
2 0.312542 0.434169 0.028497 0.045973
2 0.765792 0.641833 0.032055 0.052307
3 0.281381 0.564929 0.032064 0.047592
3 0.725721 0.639455 0.030273 0.057064
4 0.723047 0.522148 0.138921 0.304362
5 0.271381 0.501539 0.150490 0.320210
1 0.224625 0.666841 0.031475 0.060512
1 0.585035 0.881229 0.032041 0.058599
1 0.205412 0.702945 0.024934 0.053926
1 0.229284 0.953318 0.032950 0.047576
1 0.128843 0.743280 0.036508 0.049144
