0 0.642429 0.886007 0.093558 0.156745
0 0.258989 0.682487 0.091918 0.138314
0 0.292552 0.871275 0.100363 0.173775
0 0.665408 0.757961 0.094048 0.163876
1 0.095763 0.818591 0.040961 0.050721
1 0.243975 0.174883 0.030278 0.039631
1 0.245137 0.206598 0.029387 0.034874
1 0.184541 0.497919 0.033841 0.058658
1 0.318332 0.396124 0.025825 0.045973
1 0.287620 0.241565 0.024910 0.044388
1 0.291774 0.389652 0.023313 0.041317
1 0.312088 0.518964 0.027625 0.041183
1 0.538560 0.719094 0.030278 0.055520
1 0.460933 0.938918 0.033845 0.057064
1 0.755462 0.202043 0.027606 0.042760
1 0.718598 0.412777 0.023153 0.047567
1 0.732844 0.392945 0.024934 0.039614
1 0.720573 0.920772 0.029383 0.050755
1 0.710328 0.953683 0.033624 0.053188
1 0.773360 0.939853 0.029387 0.058649
1 0.877401 0.819375 0.032945 0.049136
2 0.312542 0.434169 0.028497 0.045973
2 0.765792 0.641833 0.032055 0.052307
3 0.281381 0.564929 0.032064 0.047592
3 0.725721 0.639455 0.030273 0.057064
4 0.723047 0.522148 0.138921 0.304362
5 0.271334 0.501539 0.150490 0.320210
1 0.223230 0.663263 0.030467 0.059614
1 0.502375 0.917689 0.033836 0.058599
1 0.207304 0.701061 0.024929 0.053935
1 0.229284 0.953318 0.032950 0.047576
1 0.129291 0.742840 0.036508 0.049136
