0 0.714654 0.802731 0.086442 0.148951
0 0.244597 0.673641 0.092502 0.116510
0 0.275054 0.781825 0.087300 0.129773
0 0.640738 0.557408 0.087121 0.130822
1 0.094090 0.819820 0.040961 0.050730
1 0.243975 0.172542 0.030278 0.039631
1 0.245801 0.203939 0.029387 0.034874
1 0.185401 0.496963 0.033836 0.058658
1 0.318332 0.396124 0.025825 0.045973
1 0.287620 0.241565 0.024910 0.044388
1 0.291774 0.389652 0.023313 0.041317
1 0.312088 0.518964 0.027625 0.041183
1 0.544559 0.689933 0.030278 0.055520
1 0.680455 0.914841 0.028497 0.057064
1 0.753334 0.201502 0.027601 0.042768
1 0.718598 0.412777 0.023153 0.047567
1 0.732844 0.392945 0.024934 0.039614
1 0.713452 0.903117 0.029383 0.050747
1 0.710328 0.953683 0.033624 0.053188
1 0.773360 0.939853 0.029387 0.058649
1 0.876176 0.819375 0.032945 0.049136
2 0.312542 0.434169 0.028497 0.045973
2 0.765792 0.641833 0.032055 0.052307
3 0.281381 0.564929 0.032064 0.047592
3 0.725721 0.639455 0.030273 0.057064
4 0.722387 0.522148 0.138921 0.304362
5 0.271423 0.501539 0.150490 0.320210
1 0.225987 0.670331 0.032465 0.061401
1 0.649842 0.833146 0.032041 0.058591
1 0.201390 0.705189 0.024929 0.053935
1 0.229284 0.953318 0.032950 0.047576
1 0.128405 0.743716 0.036508 0.049144
