0 0.546967 0.673649 0.079298 0.141007
0 0.307863 0.890856 0.090796 0.148087
0 0.395299 0.905352 0.087253 0.131477
0 0.691447 0.317760 0.075702 0.096728
1 0.088841 0.823666 0.040961 0.050721
1 0.243975 0.165201 0.030278 0.039631
1 0.258040 0.198201 0.029387 0.034874
1 0.188096 0.493964 0.033836 0.058649
1 0.318332 0.396124 0.025825 0.045973
1 0.287620 0.241565 0.024910 0.044388
1 0.292891 0.389652 0.023313 0.041317
1 0.312088 0.518964 0.027625 0.041183
1 0.514541 0.499140 0.030278 0.053901
1 0.584008 0.680331 0.028497 0.057072
1 0.759536 0.210747 0.027601 0.036460
1 0.768824 0.232802 0.024934 0.036040
1 0.717201 0.407592 0.023148 0.047567
1 0.732844 0.392945 0.024934 0.039614
1 0.728492 0.889006 0.031715 0.056955
1 0.718617 0.945755 0.033624 0.053188
1 0.773360 0.939853 0.029387 0.058649
1 0.884060 0.820852 0.032945 0.049136
2 0.312542 0.434169 0.028497 0.045973
2 0.765792 0.641833 0.032055 0.052307
3 0.280207 0.565625 0.032064 0.047592
3 0.725721 0.639455 0.030273 0.057064
4 0.723744 0.522148 0.139307 0.304362
5 0.271706 0.501539 0.150490 0.320210
1 0.343273 0.887097 0.032926 0.061812
1 0.616732 0.675755 0.032634 0.066443
1 0.340528 0.944492 0.032950 0.053935
1 0.229284 0.953318 0.032950 0.047576
1 0.125624 0.746464 0.036508 0.049136
