0 0.599350 0.717601 0.082696 0.145789
0 0.249321 0.671699 0.092564 0.114253
0 0.246211 0.784652 0.077512 0.163414
0 0.595375 0.594962 0.076433 0.135545
1 0.091593 0.821648 0.040961 0.050730
1 0.243975 0.169044 0.030278 0.039631
1 0.246795 0.199954 0.029387 0.034874
1 0.186685 0.495533 0.033841 0.058649
1 0.318332 0.396124 0.025825 0.045973
1 0.287620 0.241565 0.024910 0.044388
1 0.291774 0.389652 0.023313 0.041317
1 0.312088 0.518964 0.027625 0.041183
1 0.537031 0.724895 0.030273 0.053901
1 0.694152 0.907152 0.028492 0.057072
1 0.745311 0.196875 0.027606 0.044572
1 0.777677 0.231275 0.026202 0.039664
1 0.718598 0.412777 0.023153 0.047567
1 0.732844 0.392945 0.024934 0.039614
1 0.729072 0.889727 0.030396 0.053448
1 0.716449 0.945755 0.033624 0.053188
1 0.773360 0.939853 0.029387 0.058649
1 0.879199 0.819987 0.032950 0.049136
2 0.312542 0.434169 0.028497 0.045973
2 0.765792 0.641833 0.032055 0.052307
3 0.281381 0.564929 0.032064 0.047592
3 0.725721 0.639455 0.030273 0.057064
4 0.723857 0.522148 0.139081 0.304362
5 0.271557 0.501539 0.150485 0.320210
1 0.227439 0.675134 0.032926 0.061812
1 0.772924 0.826267 0.032041 0.058591
1 0.208673 0.713389 0.032945 0.053926
1 0.229284 0.953318 0.032950 0.047576
1 0.127081 0.745025 0.036508 0.049144
