0 0.624376 0.895776 0.089119 0.152156
0 0.262795 0.684824 0.091762 0.144077
0 0.326525 0.860252 0.097714 0.176023
0 0.667356 0.807961 0.098907 0.171074
1 0.096206 0.818268 0.040961 0.050730
1 0.243975 0.175503 0.030278 0.039631
1 0.244960 0.207303 0.029383 0.034874
1 0.184312 0.498171 0.033836 0.058658
1 0.318332 0.396124 0.025825 0.045973
1 0.287620 0.241565 0.024910 0.044388
1 0.291774 0.389652 0.023313 0.041317
1 0.312088 0.518964 0.027625 0.041183
1 0.537877 0.714564 0.030278 0.055520
1 0.405846 0.945046 0.033850 0.057072
1 0.756023 0.202185 0.027606 0.042760
1 0.718598 0.412777 0.023153 0.047567
1 0.732844 0.392945 0.024934 0.039614
1 0.721001 0.919794 0.029383 0.050747
1 0.710328 0.953683 0.033624 0.053188
1 0.773360 0.939853 0.029387 0.058649
1 0.877726 0.819375 0.032945 0.049136
2 0.312542 0.434169 0.028497 0.045973
2 0.765792 0.641833 0.032055 0.052307
3 0.281381 0.564929 0.032064 0.047592
3 0.725721 0.639455 0.030273 0.057064
4 0.723047 0.522148 0.138921 0.304362
5 0.271310 0.501539 0.150490 0.320210
1 0.219208 0.665793 0.029934 0.059136
1 0.502050 0.950680 0.033836 0.058591
1 0.211395 0.710323 0.024929 0.053935
1 0.229284 0.953318 0.032950 0.047576
1 0.129524 0.742609 0.036513 0.049144
