0 0.281129 0.706430 0.084171 0.137055
0 0.259566 0.867970 0.096136 0.155369
0 0.399814 0.908142 0.089929 0.118901
0 0.704350 0.347823 0.074797 0.099874
1 0.083398 0.827655 0.040961 0.050730
1 0.243975 0.157588 0.030278 0.039622
1 0.244557 0.194505 0.029387 0.034883
1 0.187714 0.479467 0.033836 0.058649
1 0.318332 0.396124 0.025825 0.045973
1 0.287620 0.241565 0.024910 0.044388
1 0.282031 0.391648 0.023139 0.042794
1 0.263275 0.498712 0.027625 0.041183
1 0.513820 0.501363 0.030278 0.053901
1 0.516287 0.639195 0.028492 0.057064
1 0.760165 0.206720 0.027606 0.036460
1 0.763680 0.232676 0.024929 0.033289
1 0.682861 0.394581 0.028492 0.042064
1 0.728857 0.384434 0.024934 0.039622
1 0.727210 0.901456 0.032950 0.060243
1 0.714859 0.949522 0.032055 0.057064
1 0.773360 0.939853 0.029387 0.058649
1 0.873688 0.826246 0.032945 0.049136
2 0.312340 0.429987 0.028497 0.045965
2 0.765792 0.641833 0.032055 0.052307
3 0.280931 0.559904 0.034727 0.055478
3 0.725721 0.639455 0.030273 0.057064
4 0.723520 0.522148 0.139755 0.304362
5 0.271993 0.501539 0.150490 0.320210
1 0.279350 0.902781 0.034232 0.061820
1 0.314324 0.904186 0.030278 0.052315
1 0.292062 0.949069 0.032945 0.043003
1 0.228294 0.953100 0.032205 0.048448
1 0.122743 0.749312 0.036513 0.049144
