1 0.874262 0.144868 0.027602 0.058569
0 0.494785 0.405799 0.080164 0.112431
0 0.403711 0.517035 0.100906 0.195597
0 0.670008 0.337521 0.069437 0.152014
0 0.703043 0.621847 0.081055 0.180528
1 0.532312 0.428090 0.034734 0.071236
1 0.573770 0.428687 0.033836 0.066486
1 0.527621 0.294201 0.032945 0.060153
1 0.543660 0.150118 0.029383 0.050653
1 0.736445 0.127944 0.023156 0.041139
1 0.816070 0.045111 0.023156 0.045917
1 0.936355 0.799174 0.034727 0.066486
1 0.282750 0.183368 0.027609 0.047486
1 0.584621 0.596549 0.032945 0.066486
1 0.668770 0.373333 0.035617 0.066500
2 0.898129 0.622667 0.032055 0.068083
3 0.255594 0.313965 0.028500 0.049069
3 0.785953 0.308313 0.028516 0.045875
4 0.835734 0.435069 0.175422 0.351444
5 0.257375 0.449319 0.174531 0.357778
1 0.427277 0.462146 0.037398 0.064903
1 0.220801 0.953521 0.040070 0.052236
1 0.569738 0.933049 0.046305 0.071236
2 0.398402 0.895535 0.048977 0.088653
