0 0.461600 0.686951 0.079298 0.140998
0 0.586242 0.898616 0.091682 0.145940
0 0.675898 0.909451 0.087253 0.131485
0 0.704350 0.351443 0.074797 0.099866
1 0.085957 0.825784 0.040961 0.050730
1 0.243975 0.161166 0.030278 0.039631
1 0.248959 0.196640 0.029387 0.034874
1 0.189581 0.492311 0.033836 0.058649
1 0.318332 0.396124 0.025825 0.045973
1 0.287620 0.241565 0.024910 0.044388
1 0.294597 0.389656 0.023313 0.041326
1 0.312088 0.518964 0.027625 0.041183
1 0.513956 0.500604 0.030278 0.053893
1 0.523179 0.638079 0.028497 0.057064
1 0.760848 0.210260 0.027606 0.036460
1 0.766082 0.231967 0.024934 0.033297
1 0.682352 0.411779 0.028492 0.045688
1 0.730860 0.388704 0.024934 0.039622
1 0.727868 0.889740 0.032945 0.060235
1 0.720893 0.945755 0.033624 0.053188
1 0.773360 0.939853 0.029387 0.058649
1 0.875985 0.820961 0.032950 0.049136
2 0.312542 0.434169 0.028497 0.045973
2 0.765792 0.641833 0.032055 0.052307
3 0.281138 0.566514 0.032069 0.047592
3 0.725721 0.639455 0.030273 0.057064
4 0.723626 0.522148 0.139543 0.304362
5 0.271857 0.501539 0.150490 0.320210
1 0.608631 0.902609 0.032926 0.061812
1 0.630952 0.829694 0.032950 0.066552
1 0.629496 0.924274 0.032950 0.054941
1 0.229284 0.953318 0.032950 0.047576
1 0.124098 0.747974 0.036508 0.049136
