0 0.362051 0.192028 0.072133 0.099722
0 0.342797 0.799007 0.113984 0.215292
0 0.680324 0.182090 0.064117 0.123486
0 0.786016 0.767514 0.087266 0.193139
1 0.529934 0.429444 0.034727 0.071250
1 0.575598 0.426951 0.033836 0.066486
1 0.527129 0.295069 0.032945 0.060167
1 0.543660 0.150118 0.029383 0.050653
1 0.736445 0.127951 0.023156 0.041153
1 0.816359 0.044083 0.023156 0.045917
1 0.936355 0.799174 0.034727 0.066486
1 0.282750 0.183368 0.027609 0.047486
1 0.584621 0.596549 0.032945 0.066486
1 0.674582 0.430007 0.035617 0.066486
2 0.898809 0.640076 0.032055 0.068069
3 0.274590 0.240618 0.028492 0.049069
3 0.706324 0.155132 0.028211 0.045903
4 0.835734 0.435069 0.175422 0.351444
5 0.256535 0.449819 0.174539 0.357778
1 0.428332 0.439479 0.037398 0.064903
1 0.217066 0.953521 0.040070 0.052236
1 0.568840 0.933882 0.046305 0.071236
2 0.398965 0.895646 0.048977 0.088653
