0 0.321275 0.704706 0.081051 0.137836
0 0.233002 0.825998 0.096136 0.155369
0 0.478900 0.885940 0.076904 0.156946
0 0.704350 0.348423 0.074797 0.099866
1 0.083822 0.827345 0.040961 0.050730
1 0.243975 0.158180 0.030278 0.039631
1 0.245285 0.194862 0.029383 0.034874
1 0.189496 0.486867 0.033836 0.058649
1 0.318332 0.396124 0.025825 0.045973
1 0.287620 0.241565 0.024910 0.044388
1 0.293563 0.390952 0.023139 0.042794
1 0.280624 0.477747 0.027620 0.041183
1 0.513843 0.501237 0.030278 0.053901
1 0.517425 0.639010 0.028497 0.057064
1 0.760278 0.207307 0.027606 0.036460
1 0.764079 0.232559 0.024934 0.033289
1 0.682776 0.397429 0.028492 0.042659
1 0.729192 0.385138 0.024934 0.039622
1 0.727319 0.899518 0.032950 0.060243
1 0.715994 0.949073 0.032055 0.057072
1 0.773360 0.939853 0.029387 0.058649
1 0.872846 0.824371 0.032950 0.049144
2 0.312363 0.433372 0.028497 0.045973
2 0.765792 0.641833 0.032055 0.052307
3 0.284135 0.555755 0.034727 0.055487
3 0.725721 0.639455 0.030273 0.057064
4 0.723537 0.522148 0.139722 0.304362
5 0.271970 0.501539 0.150490 0.320210
1 0.264913 0.887546 0.032926 0.061820
1 0.313433 0.898893 0.030278 0.058138
1 0.294020 0.944266 0.032950 0.050864
1 0.229284 0.953318 0.032950 0.047576
1 0.122967 0.749094 0.036508 0.049144
