0 0.609500 0.742882 0.079321 0.157676
0 0.245492 0.706527 0.096103 0.141158
0 0.257561 0.817374 0.083737 0.171007
0 0.559668 0.576816 0.072163 0.137911
1 0.091244 0.821904 0.040961 0.050721
1 0.243975 0.168565 0.030278 0.039631
1 0.246932 0.199409 0.029387 0.034874
1 0.186861 0.495336 0.033836 0.058658
1 0.318332 0.396124 0.025825 0.045973
1 0.287620 0.241565 0.024910 0.044388
1 0.291774 0.389652 0.023313 0.041317
1 0.312088 0.518964 0.027625 0.041183
1 0.528393 0.685424 0.030273 0.053901
1 0.694668 0.906598 0.028497 0.057072
1 0.753407 0.196019 0.027606 0.047827
1 0.779149 0.228901 0.024934 0.039664
1 0.718963 0.412424 0.023148 0.047567
1 0.732844 0.392945 0.024934 0.039614
1 0.728999 0.889635 0.030561 0.053884
1 0.716722 0.945755 0.033624 0.053188
1 0.773360 0.939853 0.029387 0.058649
1 0.879809 0.820096 0.032945 0.049136
2 0.312542 0.434169 0.028497 0.045973
2 0.765792 0.641833 0.032055 0.052307
3 0.281381 0.564929 0.032064 0.047592
3 0.725721 0.639455 0.030273 0.057064
4 0.723843 0.522148 0.139109 0.304362
5 0.271574 0.501539 0.150490 0.320210
1 0.221086 0.715101 0.032926 0.061812
1 0.772924 0.823523 0.032041 0.058591
1 0.207274 0.727315 0.032945 0.053926
1 0.229284 0.953318 0.032950 0.047576
1 0.126897 0.745206 0.036508 0.049136
