1 0.871762 0.145979 0.027602 0.058569
0 0.502270 0.312188 0.090633 0.115375
0 0.502660 0.916215 0.127367 0.167569
0 0.688531 0.151056 0.065078 0.126750
0 0.804141 0.697674 0.112187 0.196597
1 0.351730 0.431910 0.034727 0.060181
1 0.613664 0.537743 0.032078 0.066486
1 0.535645 0.284681 0.032945 0.060167
1 0.543660 0.150118 0.029383 0.050653
1 0.736445 0.127924 0.023156 0.041097
1 0.814984 0.048965 0.023156 0.045903
1 0.936355 0.799174 0.034727 0.066486
1 0.282750 0.183368 0.027609 0.047486
1 0.584621 0.596549 0.032945 0.066486
1 0.491152 0.395264 0.035617 0.066500
2 0.896730 0.622667 0.032055 0.068083
3 0.255594 0.313965 0.028500 0.049069
3 0.790219 0.313729 0.028516 0.045875
4 0.835734 0.435069 0.175422 0.351444
5 0.257375 0.449319 0.174531 0.357778
1 0.585957 0.931354 0.037398 0.064903
1 0.601996 0.980306 0.042758 0.039389
1 0.642059 0.925035 0.046305 0.071236
2 0.587754 0.883917 0.033852 0.068056
