0 0.471991 0.672609 0.079298 0.141007
0 0.424533 0.904908 0.091687 0.145940
0 0.517250 0.907345 0.087253 0.131485
0 0.696103 0.324786 0.075278 0.106586
1 0.087630 0.824555 0.040961 0.050721
1 0.243975 0.163507 0.030278 0.039631
1 0.251838 0.198041 0.029387 0.034874
1 0.188721 0.493268 0.033841 0.058649
1 0.318332 0.396124 0.025825 0.045973
1 0.287620 0.241565 0.024910 0.044388
1 0.293607 0.389656 0.023313 0.041326
1 0.312088 0.518964 0.027625 0.041183
1 0.514046 0.500105 0.030278 0.053901
1 0.517665 0.664350 0.028497 0.057072
1 0.760813 0.211762 0.027601 0.036460
1 0.767651 0.231502 0.024934 0.033289
1 0.703648 0.450705 0.026965 0.047567
1 0.732170 0.391497 0.024934 0.039622
1 0.728235 0.888687 0.032295 0.058498
1 0.719574 0.945755 0.033624 0.053188
1 0.773360 0.939853 0.029387 0.058649
1 0.881708 0.820961 0.032945 0.049136
2 0.312542 0.434169 0.028497 0.045973
2 0.765792 0.641833 0.032055 0.052307
3 0.279453 0.566078 0.032064 0.047592
3 0.725721 0.639455 0.030273 0.057064
4 0.723695 0.522148 0.139406 0.304362
5 0.271767 0.501539 0.150490 0.320210
1 0.462491 0.878968 0.032926 0.061812
1 0.647281 0.695508 0.032950 0.066552
1 0.462010 0.936070 0.032945 0.053935
1 0.229284 0.953318 0.032950 0.047576
1 0.124984 0.747097 0.036508 0.049144
