0 0.325431 0.706820 0.081051 0.137836
0 0.228845 0.818599 0.096136 0.155369
0 0.481272 0.885940 0.072158 0.156946
0 0.704350 0.348448 0.074797 0.099866
1 0.083841 0.827332 0.040961 0.050721
1 0.243975 0.158205 0.030278 0.039631
1 0.245318 0.194878 0.029383 0.034874
1 0.189576 0.487202 0.033836 0.058649
1 0.318332 0.396124 0.025825 0.045973
1 0.287620 0.241565 0.024910 0.044388
1 0.293419 0.390751 0.023134 0.042794
1 0.281812 0.479333 0.027620 0.041183
1 0.513843 0.501229 0.030278 0.053901
1 0.517476 0.639002 0.028497 0.057064
1 0.760283 0.207332 0.027606 0.036460
1 0.764098 0.232559 0.024934 0.033289
1 0.682773 0.397555 0.028497 0.042693
1 0.729206 0.385172 0.024934 0.039622
1 0.727323 0.899430 0.032950 0.060235
1 0.716046 0.949052 0.032055 0.057064
1 0.773360 0.939853 0.029387 0.058649
1 0.872806 0.824287 0.032945 0.049144
2 0.312542 0.434169 0.028497 0.045973
2 0.765792 0.641833 0.032055 0.052307
3 0.284493 0.556229 0.034727 0.055478
3 0.725721 0.639455 0.030273 0.057064
4 0.723539 0.522148 0.139717 0.304362
5 0.271970 0.501539 0.150490 0.320210
1 0.264022 0.885965 0.032926 0.061812
1 0.313433 0.898570 0.030278 0.058784
1 0.294109 0.944048 0.032950 0.051216
1 0.229284 0.953318 0.032950 0.047576
1 0.122976 0.749086 0.036508 0.049144
