0 0.600773 0.718867 0.085193 0.148960
0 0.248742 0.671330 0.092564 0.114253
0 0.246211 0.781883 0.077512 0.157878
0 0.588787 0.591321 0.073586 0.137122
1 0.091550 0.821678 0.040961 0.050721
1 0.243975 0.168993 0.030278 0.039631
1 0.246810 0.199895 0.029387 0.034874
1 0.186704 0.495512 0.033841 0.058658
1 0.318332 0.396124 0.025825 0.045973
1 0.287620 0.241565 0.024910 0.044388
1 0.291774 0.389652 0.023313 0.041317
1 0.312088 0.518964 0.027625 0.041183
1 0.535785 0.720776 0.030278 0.053901
1 0.694211 0.907089 0.028497 0.057064
1 0.745754 0.197290 0.027606 0.044933
1 0.778004 0.231275 0.025924 0.039664
1 0.718598 0.412777 0.023153 0.047567
1 0.732844 0.392945 0.024934 0.039614
1 0.729062 0.889715 0.030415 0.053490
1 0.716482 0.945755 0.033624 0.053188
1 0.773360 0.939853 0.029387 0.058649
1 0.879267 0.820000 0.032945 0.049144
2 0.312542 0.434169 0.028497 0.045973
2 0.765792 0.641833 0.032055 0.052307
3 0.281381 0.564929 0.032064 0.047592
3 0.725721 0.639455 0.030273 0.057064
4 0.723855 0.522148 0.139086 0.304362
5 0.271560 0.501539 0.150490 0.320210
1 0.226892 0.675134 0.032926 0.061812
1 0.772924 0.825961 0.032041 0.058599
1 0.208164 0.715881 0.032945 0.053926
1 0.229284 0.953318 0.032950 0.047576
1 0.127062 0.745042 0.036508 0.049144
