1 0.871473 0.146111 0.027602 0.058583
0 0.462402 0.307882 0.075430 0.127292
0 0.502660 0.916215 0.127367 0.167569
0 0.703098 0.158097 0.065070 0.126750
0 0.803687 0.678042 0.098781 0.210528
1 0.351590 0.431910 0.034727 0.060181
1 0.592750 0.539076 0.032078 0.066486
1 0.507152 0.253549 0.032945 0.060153
1 0.543660 0.150118 0.029383 0.050653
1 0.736445 0.127924 0.023156 0.041097
1 0.814859 0.049410 0.023156 0.045903
1 0.936355 0.799174 0.034727 0.066486
1 0.282750 0.183368 0.027609 0.047486
1 0.584621 0.596549 0.032945 0.066486
1 0.511602 0.380062 0.035625 0.066486
2 0.896730 0.622667 0.032055 0.068083
3 0.255594 0.313965 0.028500 0.049069
3 0.790711 0.314354 0.028516 0.045875
4 0.835734 0.435069 0.175422 0.351444
5 0.257375 0.449319 0.174531 0.357778
1 0.634340 0.969278 0.037398 0.055250
1 0.675012 0.981097 0.042758 0.037806
1 0.721309 0.974785 0.046305 0.050431
2 0.584191 0.863340 0.033852 0.068042
