0 0.504413 0.671955 0.079298 0.141007
0 0.324592 0.904161 0.091682 0.145940
0 0.420295 0.905013 0.087253 0.131485
0 0.694116 0.323196 0.075707 0.096728
1 0.088492 0.823922 0.040961 0.050730
1 0.243975 0.164715 0.030278 0.039631
1 0.253327 0.198763 0.029387 0.034874
1 0.188275 0.493763 0.033836 0.058649
1 0.318332 0.396124 0.025825 0.045973
1 0.287620 0.241565 0.024910 0.044388
1 0.293094 0.389652 0.023313 0.041317
1 0.312088 0.518964 0.027625 0.041183
1 0.514295 0.499564 0.030278 0.053893
1 0.565436 0.671158 0.028497 0.057064
1 0.759901 0.211040 0.027606 0.036460
1 0.768464 0.231258 0.024929 0.033289
1 0.720379 0.417525 0.023153 0.047567
1 0.732844 0.392945 0.024934 0.039614
1 0.728419 0.888914 0.031880 0.057391
1 0.718890 0.945755 0.033624 0.053188
1 0.773360 0.939853 0.029387 0.058649
1 0.884670 0.820961 0.032950 0.049136
2 0.312542 0.434169 0.028497 0.045973
2 0.765792 0.641833 0.032055 0.052307
3 0.279991 0.565759 0.032064 0.047592
3 0.725721 0.639455 0.030273 0.057064
4 0.723730 0.522148 0.139336 0.304362
5 0.271722 0.501539 0.150485 0.320210
1 0.364644 0.878037 0.032926 0.061812
1 0.630881 0.677513 0.032950 0.066552
1 0.362853 0.935885 0.032945 0.053935
1 0.229284 0.953318 0.032950 0.047576
1 0.125441 0.746644 0.036508 0.049144
