0 0.497783 0.671518 0.079298 0.141007
0 0.327201 0.904161 0.091687 0.145940
0 0.422213 0.905449 0.087253 0.131485
0 0.692644 0.316636 0.075702 0.101091
1 0.088341 0.824035 0.040961 0.050721
1 0.243975 0.164505 0.030278 0.039631
1 0.253061 0.198637 0.029383 0.034874
1 0.188355 0.493674 0.033836 0.058658
1 0.318332 0.396124 0.025825 0.045973
1 0.287620 0.241565 0.024910 0.044388
1 0.293188 0.389656 0.023313 0.041326
1 0.312088 0.518964 0.027625 0.041183
1 0.514185 0.499753 0.030273 0.053901
1 0.551680 0.670721 0.028497 0.057064
1 0.760061 0.211166 0.027606 0.036460
1 0.768320 0.231300 0.024934 0.033289
1 0.725311 0.421896 0.023827 0.047567
1 0.732726 0.392689 0.024934 0.039622
1 0.728386 0.888876 0.031956 0.057584
1 0.719013 0.945755 0.033624 0.053188
1 0.773360 0.939853 0.029387 0.058649
1 0.884145 0.820961 0.032945 0.049136
2 0.312542 0.434169 0.028497 0.045973
2 0.765792 0.641833 0.032055 0.052307
3 0.279896 0.565814 0.032064 0.047601
3 0.725721 0.639455 0.030273 0.057064
4 0.723723 0.522148 0.139350 0.304362
5 0.271730 0.501539 0.150490 0.320210
1 0.368146 0.883666 0.032926 0.061812
1 0.636579 0.672399 0.032950 0.066560
1 0.367045 0.938343 0.032950 0.053935
1 0.229284 0.953318 0.032950 0.047576
1 0.125361 0.746728 0.036508 0.049144
