0 0.600061 0.718234 0.083949 0.147374
0 0.249029 0.671514 0.092564 0.114253
0 0.246211 0.783268 0.077512 0.160646
0 0.592081 0.593142 0.075009 0.136334
1 0.091572 0.821665 0.040966 0.050730
1 0.243975 0.169018 0.030278 0.039631
1 0.246803 0.199929 0.029383 0.034874
1 0.186694 0.495524 0.033841 0.058649
1 0.318332 0.396124 0.025825 0.045973
1 0.287620 0.241565 0.024910 0.044388
1 0.291774 0.389652 0.023313 0.041317
1 0.312088 0.518964 0.027625 0.041183
1 0.536407 0.722836 0.030278 0.053893
1 0.694180 0.907122 0.028492 0.057064
1 0.745533 0.197081 0.027606 0.044748
1 0.777839 0.231275 0.026065 0.039664
1 0.718598 0.412777 0.023153 0.047567
1 0.732844 0.392945 0.024934 0.039614
1 0.729067 0.889719 0.030405 0.053465
1 0.716463 0.945755 0.033624 0.053188
1 0.773360 0.939853 0.029387 0.058649
1 0.879232 0.819992 0.032950 0.049144
2 0.312542 0.434169 0.028497 0.045973
2 0.765792 0.641833 0.032055 0.052307
3 0.281381 0.564929 0.032064 0.047592
3 0.725721 0.639455 0.030273 0.057064
4 0.723857 0.522148 0.139081 0.304362
5 0.271560 0.501539 0.150490 0.320210
1 0.227165 0.675134 0.032926 0.061812
1 0.772924 0.826116 0.032041 0.058591
1 0.208419 0.714635 0.032945 0.053935
1 0.229284 0.953318 0.032950 0.047576
1 0.127071 0.745034 0.036508 0.049144
