1 0.874066 0.144958 0.027602 0.058583
0 0.493586 0.426382 0.080625 0.112431
0 0.389598 0.556160 0.107758 0.205764
0 0.665383 0.337694 0.100609 0.158389
0 0.735195 0.727889 0.111531 0.221667
1 0.524137 0.427465 0.034727 0.071236
1 0.573230 0.429194 0.033836 0.066500
1 0.527762 0.293937 0.032945 0.060153
1 0.543660 0.150118 0.029383 0.050653
1 0.736445 0.127944 0.023156 0.041139
1 0.815984 0.045417 0.023156 0.045917
1 0.936355 0.799174 0.034727 0.066486
1 0.282750 0.183368 0.027609 0.047486
1 0.584621 0.596549 0.032945 0.066486
1 0.641707 0.355924 0.035617 0.066486
2 0.896730 0.622667 0.032055 0.068083
3 0.255594 0.313965 0.028500 0.049069
3 0.786289 0.308736 0.028516 0.045861
4 0.835734 0.435069 0.175422 0.351444
5 0.257375 0.449319 0.174531 0.357778
1 0.407191 0.516993 0.037398 0.064903
1 0.221902 0.953521 0.040070 0.052236
1 0.570004 0.932799 0.046305 0.071236
2 0.398230 0.895493 0.048977 0.088653
