0 0.609764 0.711208 0.079859 0.143473
0 0.265408 0.692827 0.096103 0.137584
0 0.328120 0.891703 0.097210 0.155587
0 0.573157 0.433180 0.067785 0.118423
1 0.090419 0.822513 0.040961 0.050730
1 0.243975 0.167408 0.030278 0.039631
1 0.253162 0.198268 0.029387 0.034874
1 0.187288 0.494862 0.033841 0.058649
1 0.318332 0.396124 0.025825 0.045973
1 0.287620 0.241565 0.024910 0.044388
1 0.291958 0.389652 0.023313 0.041317
1 0.312088 0.518964 0.027625 0.041183
1 0.515667 0.497215 0.030278 0.053893
1 0.698009 0.907710 0.031013 0.057064
1 0.753914 0.199362 0.027601 0.036460
1 0.774489 0.230856 0.024934 0.042567
1 0.720714 0.410763 0.023153 0.047567
1 0.732844 0.392945 0.024934 0.039614
1 0.728824 0.889417 0.030957 0.054941
1 0.717377 0.945755 0.033624 0.053188
1 0.773360 0.939853 0.029387 0.058649
1 0.881272 0.820357 0.032950 0.049136
2 0.312542 0.434169 0.028497 0.045973
2 0.765792 0.641833 0.032055 0.052307
3 0.281188 0.565046 0.032064 0.047592
3 0.725721 0.639455 0.030273 0.057064
4 0.723810 0.522148 0.139175 0.304362
5 0.271621 0.501539 0.150490 0.320210
1 0.231609 0.703347 0.032926 0.061812
1 0.778405 0.799895 0.032041 0.058599
1 0.208869 0.748586 0.032950 0.053935
1 0.229284 0.953318 0.032950 0.047576
1 0.126459 0.745638 0.036508 0.049144
