0 0.522853 0.672701 0.079298 0.141007
0 0.317886 0.898943 0.091682 0.145940
0 0.409819 0.905013 0.087253 0.131485
0 0.692929 0.320780 0.075707 0.096728
1 0.088648 0.823809 0.040961 0.050721
1 0.243975 0.164933 0.030278 0.039631
1 0.255419 0.198511 0.029387 0.034874
1 0.188195 0.493851 0.033836 0.058658
1 0.318332 0.396124 0.025825 0.045973
1 0.287620 0.241565 0.024910 0.044388
1 0.293004 0.389652 0.023313 0.041317
1 0.312088 0.518964 0.027625 0.041183
1 0.514404 0.499375 0.030278 0.053901
1 0.572978 0.675633 0.028492 0.057072
1 0.759738 0.210914 0.027601 0.036460
1 0.768624 0.231946 0.024929 0.034513
1 0.718504 0.412525 0.023153 0.047567
1 0.732844 0.392945 0.024934 0.039614
1 0.728452 0.888956 0.031805 0.057206
1 0.718772 0.945755 0.033624 0.053188
1 0.773360 0.939853 0.029387 0.058649
1 0.884399 0.820914 0.032945 0.049144
2 0.312542 0.434169 0.028497 0.045973
2 0.765792 0.641833 0.032055 0.052307
3 0.280087 0.565701 0.032069 0.047592
3 0.725721 0.639455 0.030273 0.057064
4 0.723737 0.522148 0.139321 0.304362
5 0.271715 0.501539 0.150490 0.320210
1 0.356263 0.881766 0.032931 0.061820
1 0.623341 0.677513 0.032950 0.066552
1 0.353636 0.939614 0.032945 0.053926
1 0.229284 0.953318 0.032950 0.047576
1 0.125521 0.746565 0.036508 0.049136
