0 0.637875 0.690554 0.082762 0.146728
0 0.255035 0.687479 0.097205 0.134237
0 0.306421 0.899602 0.087253 0.131485
0 0.611909 0.346405 0.067531 0.106233
1 0.089896 0.822890 0.040961 0.050730
1 0.243975 0.166678 0.030278 0.039631
1 0.260613 0.197668 0.029387 0.034883
1 0.187554 0.494568 0.033836 0.058649
1 0.318332 0.396124 0.025825 0.045973
1 0.287620 0.241565 0.024910 0.044388
1 0.292264 0.389652 0.023313 0.041317
1 0.312088 0.518964 0.027625 0.041183
1 0.515297 0.497848 0.030273 0.053901
1 0.700422 0.866699 0.028497 0.057072
1 0.758421 0.209866 0.027606 0.036460
1 0.769922 0.237513 0.024934 0.044421
1 0.721812 0.409723 0.023153 0.047567
1 0.732844 0.392945 0.024934 0.039614
1 0.728713 0.889279 0.031206 0.055604
1 0.717783 0.945755 0.033624 0.053188
1 0.773360 0.939853 0.029387 0.058649
1 0.882189 0.820520 0.032945 0.049144
2 0.312542 0.434169 0.028497 0.045973
2 0.765792 0.641833 0.032055 0.052307
3 0.280865 0.565239 0.032069 0.047592
3 0.725721 0.639455 0.030273 0.057064
4 0.723787 0.522148 0.139222 0.304362
5 0.271649 0.501539 0.150490 0.320210
1 0.230759 0.698817 0.032931 0.061812
1 0.762342 0.734547 0.031414 0.059715
1 0.225877 0.797785 0.032950 0.053926
1 0.229284 0.953318 0.032950 0.047576
1 0.126185 0.745910 0.036508 0.049136
