0 0.412780 0.664039 0.094420 0.156888
0 0.287194 0.885721 0.098808 0.153826
0 0.560441 0.886611 0.090844 0.163205
0 0.704350 0.349266 0.074797 0.099874
1 0.084416 0.826909 0.040961 0.050730
1 0.243975 0.159010 0.030278 0.039631
1 0.246310 0.195357 0.029387 0.034874
1 0.190370 0.491435 0.033841 0.058658
1 0.318332 0.396124 0.025825 0.045973
1 0.287620 0.241565 0.024910 0.044388
1 0.290066 0.385415 0.023139 0.042794
1 0.305775 0.481636 0.027620 0.041191
1 0.513874 0.501061 0.030273 0.053901
1 0.519032 0.638750 0.028497 0.057064
1 0.760436 0.208129 0.027601 0.036460
1 0.764637 0.232395 0.024929 0.033297
1 0.682658 0.401435 0.028492 0.043507
1 0.729656 0.386137 0.024929 0.039622
1 0.727472 0.896787 0.032945 0.060235
1 0.717597 0.948440 0.032055 0.057064
1 0.773360 0.939853 0.029387 0.058649
1 0.871659 0.821728 0.032950 0.049144
2 0.312542 0.434169 0.028497 0.045973
2 0.765792 0.641833 0.032055 0.052307
3 0.275035 0.568695 0.032069 0.047592
3 0.725721 0.639455 0.030273 0.057064
4 0.723563 0.522148 0.139670 0.304362
5 0.271942 0.501539 0.150490 0.320210
1 0.307656 0.911854 0.032926 0.061812
1 0.344152 0.902085 0.032950 0.066552
1 0.318332 0.950940 0.032950 0.055503
1 0.229284 0.953318 0.032950 0.047576
1 0.123282 0.748779 0.036508 0.049136
