0 0.444102 0.676275 0.079298 0.141007
0 0.585759 0.901191 0.091687 0.145940
0 0.678673 0.906598 0.087253 0.131485
0 0.704350 0.351091 0.074797 0.099866
1 0.085707 0.825965 0.040961 0.050721
1 0.243975 0.160814 0.030278 0.039631
1 0.248527 0.196430 0.029383 0.034874
1 0.189708 0.492169 0.033836 0.058649
1 0.318332 0.396124 0.025825 0.045973
1 0.287620 0.241565 0.024910 0.044388
1 0.294743 0.389656 0.023313 0.041326
1 0.312088 0.518964 0.027625 0.041183
1 0.513942 0.500675 0.030278 0.053901
1 0.522505 0.638188 0.028497 0.057064
1 0.760782 0.209916 0.027606 0.036460
1 0.765846 0.232039 0.024934 0.033289
1 0.682401 0.410096 0.028497 0.045327
1 0.730664 0.388284 0.024929 0.039622
1 0.727804 0.890885 0.032950 0.060243
1 0.721063 0.947068 0.032059 0.057072
1 0.773360 0.939853 0.029387 0.058649
1 0.875130 0.820961 0.032945 0.049136
2 0.312542 0.434169 0.028497 0.045973
2 0.765792 0.641833 0.032055 0.052307
3 0.282401 0.566514 0.032069 0.047592
3 0.725721 0.639455 0.030273 0.057064
4 0.723615 0.522148 0.139566 0.304362
5 0.271871 0.501539 0.150490 0.320210
1 0.609357 0.904539 0.032926 0.061812
1 0.627809 0.864568 0.032950 0.066552
1 0.633961 0.932634 0.032945 0.055503
1 0.229284 0.953318 0.032950 0.047576
1 0.123966 0.748104 0.036508 0.049144
