0 0.670544 0.852949 0.099025 0.177592
0 0.249230 0.676489 0.092314 0.123532
0 0.263447 0.790487 0.097111 0.174178
0 0.595285 0.643603 0.088817 0.137324
1 0.094628 0.819425 0.040961 0.050730
1 0.243975 0.173297 0.030278 0.039631
1 0.245587 0.204794 0.029383 0.034874
1 0.185123 0.497269 0.033836 0.058649
1 0.318332 0.396124 0.025825 0.045973
1 0.287620 0.241565 0.024910 0.044388
1 0.291774 0.389652 0.023313 0.041317
1 0.312088 0.518964 0.027625 0.041183
1 0.538426 0.713188 0.030273 0.055520
1 0.644689 0.948574 0.028492 0.057064
1 0.754020 0.201674 0.027606 0.042760
1 0.718598 0.412777 0.023153 0.047567
1 0.732844 0.392945 0.024934 0.039614
1 0.725196 0.919883 0.029383 0.050755
1 0.710328 0.953683 0.033624 0.053188
1 0.773360 0.939853 0.029387 0.058649
1 0.876569 0.819375 0.032950 0.049136
2 0.312542 0.434169 0.028497 0.045973
2 0.765792 0.641833 0.032055 0.052307
3 0.281381 0.564929 0.032064 0.047592
3 0.725721 0.639455 0.030273 0.057064
4 0.722816 0.522148 0.138921 0.304362
5 0.271395 0.501539 0.150490 0.320210
1 0.225099 0.668062 0.031819 0.060822
1 0.599875 0.849526 0.032041 0.058599
1 0.204767 0.703586 0.024934 0.053935
1 0.229284 0.953318 0.032950 0.047576
1 0.128690 0.743431 0.036513 0.049144
