0 0.408610 0.668528 0.094420 0.156888
0 0.280330 0.877030 0.098878 0.154748
0 0.554965 0.888058 0.090844 0.161233
0 0.704350 0.349186 0.074797 0.099866
1 0.084359 0.826951 0.040961 0.050730
1 0.243975 0.158935 0.030278 0.039631
1 0.246211 0.195306 0.029387 0.034874
1 0.190401 0.491401 0.033836 0.058658
1 0.318332 0.396124 0.025825 0.045973
1 0.287620 0.241565 0.024910 0.044388
1 0.289541 0.385231 0.023134 0.042794
1 0.304298 0.479333 0.027625 0.041183
1 0.513871 0.501078 0.030278 0.053901
1 0.518876 0.638775 0.028497 0.057064
1 0.760422 0.208054 0.027601 0.036460
1 0.764583 0.232408 0.024934 0.033289
1 0.682670 0.401049 0.028497 0.043423
1 0.729611 0.386036 0.024934 0.039622
1 0.727458 0.897051 0.032945 0.060243
1 0.717443 0.948498 0.032059 0.057064
1 0.773360 0.939853 0.029387 0.058649
1 0.871774 0.821984 0.032945 0.049136
2 0.312542 0.434169 0.028497 0.045973
2 0.765792 0.641833 0.032055 0.052307
3 0.274757 0.569685 0.032069 0.047592
3 0.725721 0.639455 0.030273 0.057064
4 0.723560 0.522148 0.139675 0.304362
5 0.271942 0.501539 0.150490 0.320210
1 0.296967 0.904983 0.032926 0.061812
1 0.329906 0.899442 0.032950 0.066552
1 0.306755 0.944597 0.032945 0.055503
1 0.229284 0.953318 0.032950 0.047576
1 0.123252 0.748809 0.036513 0.049144
