0 0.538984 0.673352 0.079298 0.140998
0 0.312019 0.894371 0.091682 0.145940
0 0.400653 0.905013 0.087253 0.131485
0 0.691890 0.318666 0.075702 0.096728
1 0.088784 0.823712 0.040961 0.050730
1 0.243975 0.165117 0.030278 0.039631
1 0.257255 0.198293 0.029383 0.034874
1 0.188127 0.493930 0.033841 0.058649
1 0.318332 0.396124 0.025825 0.045973
1 0.287620 0.241565 0.024910 0.044388
1 0.292924 0.389652 0.023313 0.041317
1 0.312088 0.518964 0.027625 0.041183
1 0.514500 0.499211 0.030273 0.053893
1 0.579578 0.679551 0.028497 0.057072
1 0.759595 0.210797 0.027606 0.036460
1 0.768763 0.232546 0.024934 0.035579
1 0.716864 0.408146 0.023153 0.047567
1 0.732844 0.392945 0.024934 0.039614
1 0.728480 0.888989 0.031739 0.057022
1 0.718664 0.945755 0.033624 0.053188
1 0.773360 0.939853 0.029387 0.058649
1 0.884161 0.820872 0.032950 0.049144
2 0.312542 0.434169 0.028497 0.045973
2 0.765792 0.641833 0.032055 0.052307
3 0.280170 0.565650 0.032064 0.047592
3 0.725721 0.639455 0.030273 0.057064
4 0.723742 0.522148 0.139312 0.304362
5 0.271706 0.501539 0.150490 0.320210
1 0.348928 0.885034 0.032926 0.061812
1 0.616739 0.677513 0.032950 0.066552
1 0.345568 0.942878 0.032945 0.053926
1 0.229284 0.953318 0.032950 0.047576
1 0.125594 0.746493 0.036513 0.049144
