0 0.644809 0.678826 0.079298 0.141007
0 0.265528 0.773901 0.094637 0.176040
0 0.308391 0.903427 0.087253 0.131485
0 0.675417 0.312626 0.075707 0.096728
1 0.089416 0.823242 0.040961 0.050730
1 0.243975 0.166007 0.030278 0.039631
1 0.265898 0.197269 0.029383 0.034874
1 0.187802 0.494291 0.033841 0.058649
1 0.318332 0.396124 0.025825 0.045973
1 0.287620 0.241565 0.024910 0.044388
1 0.292547 0.389652 0.023313 0.041317
1 0.312088 0.518964 0.027625 0.041183
1 0.514953 0.498435 0.030273 0.053901
1 0.677637 0.695466 0.028497 0.057072
1 0.758926 0.210268 0.027606 0.036460
1 0.769423 0.235373 0.024934 0.040612
1 0.722830 0.408758 0.023153 0.047567
1 0.732844 0.392945 0.024934 0.039614
1 0.728612 0.889157 0.031437 0.056216
1 0.718164 0.945755 0.033624 0.053188
1 0.773360 0.939853 0.029387 0.058649
1 0.883040 0.820671 0.032950 0.049144
2 0.312542 0.434169 0.028497 0.045973
2 0.765792 0.641833 0.032055 0.052307
3 0.280566 0.565415 0.032064 0.047592
3 0.725721 0.639455 0.030273 0.057064
4 0.723768 0.522148 0.139260 0.304362
5 0.271673 0.501539 0.150490 0.320210
1 0.261350 0.820973 0.032926 0.061812
1 0.699003 0.657701 0.028497 0.064950
1 0.256294 0.897311 0.032945 0.053935
1 0.229284 0.953318 0.032950 0.047576
1 0.125931 0.746162 0.036508 0.049136
