0 0.675634 0.844681 0.096734 0.172383
0 0.248897 0.676288 0.092328 0.123029
0 0.266909 0.790315 0.097700 0.171015
0 0.598845 0.633213 0.083280 0.136980
1 0.094590 0.819451 0.040961 0.050730
1 0.243975 0.173247 0.030278 0.039631
1 0.245603 0.204732 0.029387 0.034883
1 0.185144 0.497248 0.033841 0.058658
1 0.318332 0.396124 0.025825 0.045973
1 0.287620 0.241565 0.024910 0.044388
1 0.291774 0.389652 0.023313 0.041317
1 0.312088 0.518964 0.027625 0.041183
1 0.538525 0.712131 0.030273 0.055520
1 0.654781 0.944346 0.028497 0.057064
1 0.753970 0.201665 0.027601 0.042760
1 0.718598 0.412777 0.023153 0.047567
1 0.732844 0.392945 0.024934 0.039614
1 0.726112 0.919400 0.029387 0.050747
1 0.710328 0.953683 0.033624 0.053188
1 0.773360 0.939853 0.029387 0.058649
1 0.876541 0.819375 0.032950 0.049136
2 0.312542 0.434169 0.028497 0.045973
2 0.765792 0.641833 0.032055 0.052307
3 0.281381 0.564929 0.032064 0.047592
3 0.725721 0.639455 0.030273 0.057064
4 0.722787 0.522148 0.138921 0.304362
5 0.271400 0.501539 0.150490 0.320210
1 0.225163 0.668226 0.031871 0.060864
1 0.601459 0.844241 0.032041 0.058599
1 0.204680 0.703670 0.024929 0.053935
1 0.229284 0.953318 0.032950 0.047576
1 0.128669 0.743456 0.036508 0.049144
