0 0.618516 0.708070 0.084647 0.148960
0 0.256562 0.687097 0.096103 0.130403
0 0.322905 0.895034 0.096810 0.149581
0 0.587646 0.380717 0.065057 0.106233
1 0.090146 0.822710 0.040961 0.050721
1 0.243975 0.167030 0.030278 0.039631
1 0.257026 0.197957 0.029387 0.034874
1 0.187425 0.494711 0.033841 0.058649
1 0.318332 0.396124 0.025825 0.045973
1 0.287620 0.241565 0.024910 0.044388
1 0.292118 0.389652 0.023313 0.041317
1 0.312088 0.518964 0.027625 0.041183
1 0.515476 0.497542 0.030273 0.053893
1 0.704984 0.904354 0.033209 0.057064
1 0.756838 0.206300 0.027606 0.036460
1 0.771525 0.235638 0.024934 0.044413
1 0.721284 0.410227 0.023153 0.047567
1 0.732844 0.392945 0.024934 0.039614
1 0.728768 0.889346 0.031089 0.055285
1 0.717590 0.945755 0.033624 0.053188
1 0.773360 0.939853 0.029387 0.058649
1 0.881748 0.820440 0.032950 0.049136
2 0.312542 0.434169 0.028497 0.045973
2 0.765792 0.641833 0.032055 0.052307
3 0.281020 0.565147 0.032069 0.047592
3 0.725721 0.639455 0.030273 0.057064
4 0.723798 0.522148 0.139199 0.304362
5 0.271635 0.501539 0.150490 0.320210
1 0.228179 0.696133 0.032926 0.061812
1 0.778014 0.775470 0.032041 0.058591
1 0.214145 0.760831 0.032945 0.053926
1 0.229284 0.953318 0.032950 0.047576
1 0.126317 0.745780 0.036508 0.049144
