1 0.871352 0.146160 0.027609 0.058569
0 0.435453 0.434958 0.094625 0.132806
0 0.502660 0.916215 0.127367 0.167569
0 0.798379 0.232500 0.057945 0.126750
0 0.795957 0.706361 0.105945 0.196389
1 0.351328 0.431910 0.034719 0.060181
1 0.600180 0.537972 0.032078 0.066500
1 0.462625 0.216611 0.032953 0.060167
1 0.543660 0.150118 0.029383 0.050653
1 0.736445 0.127924 0.023156 0.041097
1 0.814809 0.049597 0.023148 0.045917
1 0.936355 0.799174 0.034727 0.066486
1 0.282750 0.183368 0.027609 0.047486
1 0.584621 0.596549 0.032945 0.066486
1 0.516500 0.328687 0.035625 0.066486
2 0.896730 0.622667 0.032055 0.068083
3 0.255594 0.313965 0.028500 0.049069
3 0.791617 0.315507 0.028516 0.045875
4 0.835734 0.435069 0.175422 0.351444
5 0.257375 0.449319 0.174531 0.357778
1 0.647398 0.967681 0.042734 0.064639
1 0.690152 0.977931 0.042758 0.037806
1 0.822441 0.950681 0.046305 0.052056
2 0.584191 0.863340 0.033852 0.068042
