0 0.355324 0.179007 0.072133 0.099736
0 0.335266 0.835674 0.113984 0.215292
0 0.680125 0.159222 0.064109 0.123472
0 0.793078 0.808201 0.087266 0.193125
1 0.530223 0.428743 0.034727 0.071236
1 0.575930 0.426632 0.033844 0.066486
1 0.527043 0.295229 0.032945 0.060153
1 0.543660 0.150118 0.029383 0.050653
1 0.736445 0.127951 0.023156 0.041153
1 0.816410 0.043896 0.023148 0.045903
1 0.936355 0.799174 0.034727 0.066486
1 0.282750 0.183368 0.027609 0.047486
1 0.584621 0.596549 0.032945 0.066486
1 0.674680 0.429715 0.035625 0.066486
2 0.848824 0.779625 0.032055 0.068083
3 0.317121 0.206479 0.028492 0.049069
3 0.705320 0.129903 0.027609 0.045917
4 0.835734 0.435069 0.175422 0.351444
5 0.256117 0.450062 0.174531 0.357764
1 0.428336 0.439382 0.037406 0.064903
1 0.216387 0.953521 0.040070 0.052236
1 0.568676 0.934035 0.046305 0.071236
2 0.399066 0.895674 0.048977 0.088653
