1 0.871430 0.146132 0.027609 0.058569
0 0.449719 0.324521 0.078562 0.133653
0 0.502660 0.916215 0.127367 0.167569
0 0.721809 0.160472 0.074398 0.126750
0 0.810055 0.650361 0.089016 0.209000
1 0.351566 0.431910 0.034727 0.060181
1 0.594141 0.538868 0.032078 0.066486
1 0.501809 0.237979 0.032945 0.060153
1 0.543660 0.150118 0.029383 0.050653
1 0.736445 0.127924 0.023156 0.041097
1 0.814840 0.049479 0.023148 0.045903
1 0.936355 0.799174 0.034727 0.066486
1 0.282750 0.183368 0.027609 0.047486
1 0.584621 0.596549 0.032945 0.066486
1 0.508262 0.375903 0.035617 0.066500
2 0.896730 0.622667 0.032055 0.068083
3 0.255594 0.313965 0.028500 0.049069
3 0.790789 0.314451 0.028516 0.045875
4 0.835734 0.435069 0.175422 0.351444
5 0.257375 0.449319 0.174531 0.357778
1 0.636715 0.976896 0.037398 0.046208
1 0.682496 0.977292 0.042758 0.037806
1 0.732887 0.968979 0.046305 0.050431
2 0.584191 0.863340 0.033852 0.068042
