0 0.499437 0.671628 0.079298 0.141007
0 0.326548 0.904161 0.091682 0.145940
0 0.421734 0.905340 0.087257 0.131485
0 0.693011 0.318280 0.075702 0.100000
1 0.088379 0.824006 0.040961 0.050730
1 0.243975 0.164555 0.030278 0.039631
1 0.253127 0.198662 0.029383 0.034874
1 0.188334 0.493700 0.033841 0.058658
1 0.318332 0.396124 0.025825 0.045973
1 0.287620 0.241565 0.024910 0.044388
1 0.293164 0.389656 0.023313 0.041326
1 0.312088 0.518964 0.027625 0.041183
1 0.514211 0.499702 0.030278 0.053901
1 0.555120 0.670831 0.028497 0.057064
1 0.760021 0.211133 0.027601 0.036460
1 0.768358 0.231292 0.024934 0.033289
1 0.724079 0.420805 0.023662 0.047567
1 0.732754 0.392756 0.024934 0.039622
1 0.728393 0.888888 0.031932 0.057542
1 0.718984 0.945755 0.033624 0.053188
1 0.773360 0.939853 0.029387 0.058649
1 0.884277 0.820961 0.032945 0.049136
2 0.312542 0.434169 0.028497 0.045973
2 0.765792 0.641833 0.032055 0.052307
3 0.279920 0.565801 0.032064 0.047592
3 0.725721 0.639455 0.030273 0.057064
4 0.723725 0.522148 0.139345 0.304362
5 0.271730 0.501539 0.150490 0.320210
1 0.367269 0.882257 0.032926 0.061812
1 0.635156 0.673679 0.032950 0.066552
1 0.365997 0.937731 0.032945 0.053935
1 0.229284 0.953318 0.032950 0.047576
1 0.125379 0.746707 0.036508 0.049136
