0 0.518240 0.672508 0.079298 0.141007
0 0.319564 0.900243 0.091682 0.145940
0 0.412439 0.905013 0.087253 0.131485
0 0.693226 0.321384 0.075707 0.096728
1 0.088610 0.823838 0.040961 0.050730
1 0.243975 0.164874 0.030278 0.039631
1 0.254896 0.198578 0.029387 0.034874
1 0.188216 0.493830 0.033841 0.058649
1 0.318332 0.396124 0.025825 0.045973
1 0.287620 0.241565 0.024910 0.044388
1 0.293028 0.389652 0.023313 0.041317
1 0.312088 0.518964 0.027625 0.041183
1 0.514376 0.499421 0.030278 0.053893
1 0.571093 0.674513 0.028492 0.057064
1 0.759779 0.210940 0.027606 0.036460
1 0.768584 0.231774 0.024934 0.034203
1 0.718973 0.413775 0.023148 0.047567
1 0.732844 0.392945 0.024934 0.039614
1 0.728443 0.888943 0.031824 0.057248
1 0.718801 0.945755 0.033624 0.053188
1 0.773360 0.939853 0.029387 0.058649
1 0.884467 0.820923 0.032950 0.049144
2 0.312542 0.434169 0.028497 0.045973
2 0.765792 0.641833 0.032055 0.052307
3 0.280061 0.565713 0.032064 0.047601
3 0.725721 0.639455 0.030273 0.057064
4 0.723735 0.522148 0.139326 0.304362
5 0.271715 0.501539 0.150490 0.320210
1 0.358358 0.880831 0.032926 0.061812
1 0.625226 0.677513 0.032950 0.066552
1 0.355940 0.938683 0.032945 0.053926
1 0.229284 0.953318 0.032950 0.047576
1 0.125502 0.746586 0.036508 0.049144
