0 0.623139 0.715818 0.085853 0.134723
0 0.256569 0.676305 0.092564 0.114253
0 0.251555 0.791980 0.077512 0.166191
0 0.635120 0.600537 0.086404 0.130017
1 0.092074 0.821296 0.040961 0.050730
1 0.243975 0.169723 0.030278 0.039631
1 0.246602 0.200721 0.029387 0.034883
1 0.186437 0.495810 0.033836 0.058649
1 0.318332 0.396124 0.025825 0.045973
1 0.287620 0.241565 0.024910 0.044388
1 0.291774 0.389652 0.023313 0.041317
1 0.312088 0.518964 0.027625 0.041183
1 0.549512 0.766892 0.030278 0.053901
1 0.693433 0.907919 0.028497 0.057064
1 0.745141 0.196279 0.027606 0.042760
1 0.768829 0.232693 0.027441 0.039329
1 0.718598 0.412777 0.023153 0.047567
1 0.732844 0.392945 0.024934 0.039614
1 0.728937 0.890268 0.030165 0.052836
1 0.716072 0.945755 0.033624 0.053188
1 0.773360 0.939853 0.029387 0.058649
1 0.878348 0.819836 0.032945 0.049136
2 0.312542 0.434169 0.028497 0.045973
2 0.765792 0.641833 0.032055 0.052307
3 0.281381 0.564929 0.032064 0.047592
3 0.725721 0.639455 0.030273 0.057064
4 0.723876 0.522148 0.139043 0.304362
5 0.271532 0.501539 0.150490 0.320210
1 0.234239 0.675134 0.032926 0.061812
1 0.768659 0.832794 0.032041 0.058591
1 0.214053 0.699685 0.032950 0.053935
1 0.229284 0.953318 0.032950 0.047576
1 0.127335 0.744773 0.036508 0.049144
