0 0.468160 0.688255 0.079298 0.141007
0 0.582700 0.898951 0.091687 0.145940
0 0.673155 0.911669 0.087253 0.131477
0 0.704350 0.351636 0.074797 0.099866
1 0.086089 0.825684 0.040961 0.050730
1 0.243975 0.161351 0.030278 0.039631
1 0.249189 0.196758 0.029387 0.034874
1 0.189510 0.492391 0.033836 0.058658
1 0.318332 0.396124 0.025825 0.045973
1 0.287620 0.241565 0.024910 0.044388
1 0.294517 0.389656 0.023313 0.041326
1 0.312088 0.518964 0.027625 0.041183
1 0.513963 0.500562 0.030273 0.053893
1 0.523541 0.638020 0.028497 0.057064
1 0.760884 0.210445 0.027601 0.036460
1 0.766209 0.231930 0.024934 0.033289
1 0.682326 0.412685 0.028497 0.045872
1 0.730964 0.388930 0.024934 0.039622
1 0.727903 0.889128 0.032950 0.060235
1 0.720789 0.945755 0.033624 0.053188
1 0.773360 0.939853 0.029387 0.058649
1 0.876444 0.820961 0.032945 0.049136
2 0.312542 0.434169 0.028497 0.045973
2 0.765792 0.641833 0.032055 0.052307
3 0.280457 0.566514 0.032064 0.047592
3 0.725721 0.639455 0.030273 0.057064
4 0.723631 0.522148 0.139533 0.304362
5 0.271852 0.501539 0.150490 0.320210
1 0.608245 0.901569 0.032926 0.061812
1 0.631107 0.812253 0.032950 0.066552
1 0.624260 0.924497 0.032950 0.054497
1 0.229284 0.953318 0.032950 0.047576
1 0.124168 0.747903 0.036508 0.049144
