0 0.271221 0.711388 0.091517 0.140629
0 0.256894 0.862534 0.096136 0.155369
0 0.376890 0.914488 0.089915 0.106208
0 0.704350 0.347659 0.074797 0.099866
1 0.083280 0.827743 0.040961 0.050721
1 0.243975 0.157424 0.030278 0.039631
1 0.244359 0.194409 0.029387 0.034874
1 0.187229 0.477450 0.033836 0.058658
1 0.318332 0.396124 0.025825 0.045973
1 0.287620 0.241565 0.024910 0.044388
1 0.278631 0.392513 0.023134 0.042794
1 0.258417 0.506925 0.027625 0.041183
1 0.513815 0.501397 0.030278 0.053901
1 0.515975 0.639245 0.028492 0.057064
1 0.760132 0.206560 0.027606 0.036460
1 0.763572 0.232710 0.024929 0.033289
1 0.682882 0.393809 0.028497 0.041896
1 0.728768 0.384241 0.024934 0.039622
1 0.727180 0.901984 0.032945 0.060243
1 0.714548 0.949643 0.032055 0.057072
1 0.773360 0.939853 0.029387 0.058649
1 0.873918 0.826758 0.032945 0.049136
2 0.313068 0.431720 0.028492 0.045973
2 0.765792 0.641833 0.032055 0.052307
3 0.280931 0.563796 0.034727 0.055478
3 0.725721 0.639455 0.030273 0.057064
4 0.723516 0.522148 0.139764 0.304362
5 0.271998 0.501539 0.150490 0.320210
1 0.279371 0.907357 0.034727 0.061829
1 0.310888 0.909052 0.030278 0.052315
1 0.290994 0.950155 0.032950 0.041216
1 0.227107 0.952836 0.031320 0.049513
1 0.122681 0.749375 0.036513 0.049136
