0 0.610243 0.711758 0.080815 0.144572
0 0.264145 0.692009 0.096103 0.136552
0 0.328122 0.891825 0.097893 0.155831
0 0.574731 0.425130 0.067238 0.115982
1 0.090377 0.822538 0.040961 0.050730
1 0.243975 0.167349 0.030278 0.039631
1 0.253713 0.198226 0.029387 0.034874
1 0.187307 0.494841 0.033841 0.058658
1 0.318332 0.396124 0.025825 0.045973
1 0.287620 0.241565 0.024910 0.044388
1 0.291982 0.389652 0.023313 0.041317
1 0.312088 0.518964 0.027625 0.041183
1 0.515641 0.497261 0.030273 0.053901
1 0.699003 0.907232 0.031324 0.057064
1 0.754331 0.200352 0.027606 0.036460
1 0.774065 0.231539 0.024934 0.042827
1 0.720796 0.410688 0.023148 0.047567
1 0.732844 0.392945 0.024934 0.039614
1 0.728815 0.889409 0.030975 0.054992
1 0.717406 0.945755 0.033624 0.053188
1 0.773360 0.939853 0.029387 0.058649
1 0.881341 0.820369 0.032945 0.049144
2 0.312542 0.434169 0.028497 0.045973
2 0.765792 0.641833 0.032055 0.052307
3 0.281164 0.565059 0.032064 0.047601
3 0.725721 0.639455 0.030273 0.057064
4 0.723808 0.522148 0.139180 0.304362
5 0.271621 0.501539 0.150490 0.320210
1 0.231119 0.702315 0.032926 0.061812
1 0.779088 0.797458 0.032041 0.058591
1 0.209213 0.748951 0.032950 0.053926
1 0.229284 0.953318 0.032950 0.047576
1 0.126440 0.745659 0.036508 0.049136
