0 0.288923 0.703649 0.081051 0.137836
0 0.261795 0.872500 0.096136 0.155369
0 0.418954 0.901791 0.089934 0.131602
0 0.704350 0.347961 0.074797 0.099866
1 0.083492 0.827588 0.040961 0.050730
1 0.243975 0.157727 0.030278 0.039631
1 0.244722 0.194585 0.029387 0.034874
1 0.188120 0.481149 0.033836 0.058658
1 0.318332 0.396124 0.025825 0.045973
1 0.287620 0.241565 0.024910 0.044388
1 0.284863 0.390927 0.023139 0.042794
1 0.267321 0.491867 0.027620 0.041183
1 0.513827 0.501334 0.030273 0.053893
1 0.516546 0.639153 0.028492 0.057064
1 0.760189 0.206854 0.027606 0.036460
1 0.763772 0.232651 0.024934 0.033289
1 0.682842 0.395227 0.028492 0.042198
1 0.728933 0.384593 0.024934 0.039622
1 0.727236 0.901015 0.032945 0.060235
1 0.715115 0.949421 0.032059 0.057064
1 0.773360 0.939853 0.029387 0.058649
1 0.873497 0.825818 0.032950 0.049136
2 0.311732 0.428549 0.028497 0.045973
2 0.765792 0.641833 0.032055 0.052307
3 0.280931 0.556661 0.034727 0.055487
3 0.725721 0.639455 0.030273 0.057064
4 0.723525 0.522148 0.139746 0.304362
5 0.271989 0.501539 0.150490 0.320210
1 0.276878 0.900579 0.033728 0.061812
1 0.316996 0.900222 0.030278 0.052307
1 0.292507 0.947974 0.032950 0.044790
1 0.229284 0.953318 0.032950 0.047576
1 0.122792 0.749262 0.036508 0.049144
