1 0.216838 0.676191 0.032903 0.053188
0 0.567163 0.898628 0.089114 0.152156
0 0.259154 0.739165 0.095839 0.172273
0 0.319583 0.901271 0.089976 0.132508
0 0.646942 0.841456 0.098907 0.171065
1 0.097823 0.817085 0.040961 0.050730
1 0.243975 0.177760 0.030278 0.039631
1 0.244317 0.209878 0.029387 0.034874
1 0.183483 0.499098 0.033836 0.058649
1 0.318332 0.396124 0.025825 0.045973
1 0.287620 0.241565 0.024910 0.044388
1 0.291774 0.389652 0.023313 0.041317
1 0.312088 0.518964 0.027625 0.041183
1 0.538407 0.712114 0.030273 0.055520
1 0.263556 0.929094 0.033850 0.057064
1 0.758077 0.202706 0.027606 0.042760
1 0.718598 0.412777 0.023153 0.047567
1 0.732844 0.392945 0.024934 0.039614
1 0.722571 0.916221 0.029383 0.050747
1 0.710328 0.953683 0.033624 0.053188
1 0.773360 0.939853 0.029387 0.058649
1 0.878911 0.819375 0.032950 0.049136
2 0.312542 0.434169 0.028497 0.045973
2 0.765792 0.641833 0.032055 0.052307
3 0.281381 0.564929 0.032064 0.047592
3 0.725721 0.639455 0.030273 0.057064
4 0.723047 0.522148 0.138921 0.304362
5 0.271225 0.501539 0.150490 0.320210
1 0.231350 0.636338 0.024943 0.045982
1 0.500066 0.947072 0.033836 0.058591
1 0.229284 0.953318 0.032950 0.047576
1 0.130379 0.741762 0.036508 0.049144
