0 0.608605 0.732974 0.072205 0.164807
0 0.267625 0.697005 0.096107 0.141158
0 0.304079 0.877227 0.091730 0.180545
0 0.547203 0.538771 0.072163 0.137911
1 0.090919 0.822143 0.040961 0.050730
1 0.243975 0.168104 0.030278 0.039631
1 0.247062 0.198884 0.029383 0.034883
1 0.187031 0.495151 0.033836 0.058658
1 0.318332 0.396124 0.025825 0.045973
1 0.287620 0.241565 0.024910 0.044388
1 0.291774 0.389652 0.023313 0.041317
1 0.312088 0.518964 0.027625 0.041183
1 0.519133 0.620432 0.030273 0.053901
1 0.695158 0.906078 0.028497 0.057072
1 0.755224 0.186812 0.027601 0.050906
1 0.779149 0.224404 0.024934 0.039664
1 0.719656 0.411770 0.023148 0.047567
1 0.732844 0.392945 0.024934 0.039614
1 0.728930 0.889551 0.030716 0.054304
1 0.716982 0.945755 0.033624 0.053188
1 0.773360 0.939853 0.029387 0.058649
1 0.880389 0.820201 0.032945 0.049144
2 0.312542 0.434169 0.028497 0.045973
2 0.765792 0.641833 0.032055 0.052307
3 0.281381 0.564929 0.032064 0.047592
3 0.725721 0.639455 0.030273 0.057064
4 0.723829 0.522148 0.139138 0.304362
5 0.271593 0.501539 0.150490 0.320210
1 0.231708 0.717253 0.032926 0.061820
1 0.772924 0.820931 0.032041 0.058591
1 0.206553 0.738863 0.032945 0.053935
1 0.229284 0.953318 0.032950 0.047576
1 0.126722 0.745378 0.036508 0.049144
