1 0.213718 0.707236 0.027606 0.049153
0 0.567526 0.899719 0.096739 0.149656
0 0.256713 0.753339 0.103775 0.170268
0 0.287107 0.881074 0.091744 0.161544
0 0.648073 0.844723 0.098907 0.171074
1 0.097938 0.816997 0.040966 0.050721
1 0.243975 0.179753 0.030278 0.039622
1 0.243751 0.212143 0.029387 0.034874
1 0.184844 0.495113 0.033836 0.058649
1 0.318332 0.396124 0.025825 0.045973
1 0.287620 0.241565 0.024910 0.044388
1 0.291774 0.389652 0.023313 0.041317
1 0.312088 0.518964 0.027625 0.041183
1 0.537985 0.720784 0.030278 0.055512
1 0.250297 0.921703 0.033845 0.057064
1 0.755726 0.199409 0.027606 0.042760
1 0.718598 0.412777 0.023153 0.047567
1 0.732844 0.392945 0.024934 0.039614
1 0.723956 0.913075 0.029383 0.050747
1 0.710328 0.953683 0.033624 0.053188
1 0.773360 0.939853 0.029387 0.058649
1 0.879955 0.819375 0.032945 0.049136
2 0.312542 0.434169 0.028497 0.045973
2 0.765792 0.641833 0.032055 0.052307
3 0.281381 0.564929 0.032064 0.047592
3 0.725721 0.639455 0.030273 0.057064
4 0.723047 0.522148 0.138921 0.304362
5 0.271150 0.501539 0.150490 0.320210
1 0.240492 0.644673 0.024943 0.045990
1 0.500019 0.944513 0.033836 0.058591
1 0.229284 0.953318 0.032950 0.047576
1 0.130441 0.741703 0.036508 0.049144
