0 0.423377 0.654916 0.093530 0.154497
0 0.323702 0.904161 0.091682 0.145940
0 0.579121 0.883402 0.090844 0.163213
0 0.704350 0.349564 0.074797 0.099866
1 0.084628 0.826758 0.040961 0.050730
1 0.243975 0.159312 0.030278 0.039631
1 0.246673 0.195533 0.029387 0.034874
1 0.190262 0.491556 0.033841 0.058649
1 0.318332 0.396124 0.025825 0.045973
1 0.287620 0.241565 0.024910 0.044388
1 0.293739 0.387596 0.023134 0.042794
1 0.309548 0.493326 0.027625 0.041183
1 0.513885 0.500998 0.030278 0.053893
1 0.519602 0.638658 0.028497 0.057064
1 0.760495 0.208423 0.027606 0.036460
1 0.764837 0.232336 0.024934 0.033297
1 0.682615 0.402857 0.028492 0.043800
1 0.729823 0.386489 0.024934 0.039622
1 0.727526 0.895818 0.032950 0.060243
1 0.718167 0.948213 0.032055 0.057064
1 0.773360 0.939853 0.029387 0.058649
1 0.871444 0.820961 0.032945 0.049136
2 0.312542 0.434169 0.028497 0.045973
2 0.765792 0.641833 0.032055 0.052307
3 0.279321 0.563247 0.032064 0.047601
3 0.725721 0.639455 0.030273 0.057064
4 0.723570 0.522148 0.139656 0.304362
5 0.271927 0.501539 0.150490 0.320210
1 0.349508 0.922424 0.032926 0.061812
1 0.381550 0.905784 0.032950 0.066552
1 0.374432 0.955696 0.032945 0.055503
1 0.229284 0.953318 0.032950 0.047576
1 0.123395 0.748670 0.036508 0.049136
