0 0.663801 0.703662 0.093577 0.134723
0 0.271390 0.684081 0.092564 0.114253
0 0.283322 0.889140 0.100650 0.167810
0 0.651456 0.559090 0.078407 0.144270
1 0.092804 0.820763 0.040961 0.050721
1 0.243975 0.170738 0.030278 0.039631
1 0.246312 0.201883 0.029383 0.034874
1 0.186063 0.496229 0.033841 0.058649
1 0.318332 0.396124 0.025825 0.045973
1 0.287620 0.241565 0.024910 0.044388
1 0.291774 0.389652 0.023313 0.041317
1 0.312088 0.518964 0.027625 0.041183
1 0.539020 0.730340 0.030273 0.053901
1 0.692342 0.909086 0.028492 0.057064
1 0.750346 0.199987 0.027601 0.042760
1 0.767208 0.229547 0.024199 0.033037
1 0.718598 0.412777 0.023153 0.047567
1 0.732844 0.392945 0.024934 0.039614
1 0.726105 0.895776 0.029816 0.051904
1 0.715492 0.945755 0.033624 0.053188
1 0.773360 0.939853 0.029387 0.058649
1 0.877057 0.819606 0.032945 0.049144
2 0.312542 0.434169 0.028497 0.045973
2 0.765792 0.641833 0.032055 0.052307
3 0.281381 0.564929 0.032064 0.047592
3 0.725721 0.639455 0.030273 0.057064
4 0.723907 0.522148 0.138982 0.304362
5 0.271494 0.501539 0.150490 0.320210
1 0.244814 0.689740 0.032926 0.061812
1 0.759663 0.844329 0.032041 0.058591
1 0.230601 0.737613 0.032945 0.053935
1 0.229284 0.953318 0.032950 0.047576
1 0.127721 0.744388 0.036508 0.049144
