0 0.624877 0.702181 0.084647 0.148960
0 0.254034 0.685453 0.096107 0.128356
0 0.317696 0.897756 0.092988 0.142341
0 0.594260 0.368486 0.065052 0.106233
1 0.090071 0.822764 0.040961 0.050730
1 0.243975 0.166921 0.030278 0.039631
1 0.258129 0.197865 0.029387 0.034874
1 0.187465 0.494664 0.033836 0.058658
1 0.318332 0.396124 0.025825 0.045973
1 0.287620 0.241565 0.024910 0.044388
1 0.292161 0.389652 0.023313 0.041317
1 0.312088 0.518964 0.027625 0.041183
1 0.515419 0.497638 0.030273 0.053901
1 0.706975 0.903393 0.033836 0.057072
1 0.757672 0.208280 0.027606 0.036460
1 0.770676 0.237001 0.024934 0.044941
1 0.721447 0.410067 0.023148 0.047567
1 0.732844 0.392945 0.024934 0.039614
1 0.728751 0.889329 0.031122 0.055386
1 0.717646 0.945755 0.033624 0.053188
1 0.773360 0.939853 0.029387 0.058649
1 0.881883 0.820466 0.032945 0.049136
2 0.312542 0.434169 0.028497 0.045973
2 0.765792 0.641833 0.032055 0.052307
3 0.280973 0.565172 0.032069 0.047592
3 0.725721 0.639455 0.030273 0.057064
4 0.723794 0.522148 0.139208 0.304362
5 0.271640 0.501539 0.150490 0.320210
1 0.227198 0.694077 0.032926 0.061812
1 0.774197 0.763247 0.032041 0.058591
1 0.217707 0.771250 0.032945 0.053926
1 0.229284 0.953318 0.032950 0.047576
1 0.126275 0.745822 0.036508 0.049144
