0 0.426640 0.653062 0.092941 0.152903
0 0.332606 0.904161 0.091687 0.145940
0 0.583499 0.883796 0.090844 0.163213
0 0.704350 0.349622 0.074797 0.099866
1 0.084665 0.826728 0.040961 0.050721
1 0.243975 0.159362 0.030278 0.039631
1 0.246741 0.195566 0.029383 0.034874
1 0.190240 0.491577 0.033836 0.058658
1 0.318332 0.396124 0.025825 0.045973
1 0.287620 0.241565 0.024910 0.044388
1 0.294406 0.387991 0.023139 0.042794
1 0.309677 0.494643 0.027620 0.041183
1 0.513888 0.500986 0.030273 0.053901
1 0.519705 0.638641 0.028497 0.057064
1 0.760504 0.208477 0.027606 0.036468
1 0.764870 0.232324 0.024934 0.033289
1 0.682608 0.403112 0.028497 0.043859
1 0.729852 0.386552 0.024934 0.039614
1 0.727538 0.895642 0.032945 0.060243
1 0.718270 0.948171 0.032055 0.057064
1 0.773360 0.939853 0.029387 0.058649
1 0.871576 0.820961 0.032945 0.049136
2 0.312542 0.434169 0.028497 0.045973
2 0.765792 0.641833 0.032055 0.052307
3 0.280099 0.562257 0.032064 0.047601
3 0.725721 0.639455 0.030273 0.057064
4 0.723572 0.522148 0.139651 0.304362
5 0.271927 0.501539 0.150490 0.320210
1 0.358410 0.918196 0.032926 0.061812
1 0.390457 0.901556 0.032950 0.066552
1 0.382743 0.952525 0.032950 0.055503
1 0.229284 0.953318 0.032950 0.047576
1 0.123414 0.748649 0.036508 0.049144
