0 0.463207 0.675268 0.079298 0.141007
0 0.502260 0.905747 0.091682 0.145940
0 0.592721 0.908293 0.087253 0.131485
0 0.704350 0.353297 0.074797 0.099866
1 0.087262 0.824824 0.040961 0.050721
1 0.243975 0.162995 0.030278 0.039631
1 0.251206 0.197731 0.029387 0.034874
1 0.188907 0.493062 0.033836 0.058658
1 0.318332 0.396124 0.025825 0.045973
1 0.287620 0.241565 0.024910 0.044388
1 0.293824 0.389656 0.023313 0.041326
1 0.312088 0.518964 0.027625 0.041183
1 0.514027 0.500214 0.030278 0.053901
1 0.520125 0.658008 0.028497 0.057072
1 0.761197 0.212072 0.027606 0.036460
1 0.767309 0.231602 0.024929 0.033289
1 0.682092 0.420570 0.028492 0.047534
1 0.731883 0.390889 0.024934 0.039614
1 0.728157 0.888595 0.032469 0.058968
1 0.719861 0.945755 0.033624 0.053188
1 0.773360 0.939853 0.029387 0.058649
1 0.880459 0.820961 0.032945 0.049136
2 0.312542 0.434169 0.028497 0.045973
2 0.765792 0.641833 0.032055 0.052307
3 0.279225 0.566212 0.032069 0.047592
3 0.725721 0.639455 0.030273 0.057064
4 0.723678 0.522148 0.139439 0.304362
5 0.271786 0.501539 0.150490 0.320210
1 0.538212 0.877374 0.032926 0.061812
1 0.640198 0.715357 0.032950 0.066552
1 0.538235 0.932571 0.032945 0.053935
1 0.229284 0.953318 0.032950 0.047576
1 0.124790 0.747290 0.036508 0.049144
