0 0.421152 0.665612 0.079298 0.141007
0 0.566800 0.902576 0.091687 0.145940
0 0.676609 0.906598 0.087253 0.131485
0 0.704350 0.350789 0.074797 0.099866
1 0.085495 0.826120 0.040961 0.050730
1 0.243975 0.160520 0.030278 0.039631
1 0.248162 0.196254 0.029387 0.034874
1 0.189816 0.492051 0.033836 0.058649
1 0.318332 0.396124 0.025825 0.045973
1 0.287620 0.241565 0.024910 0.044388
1 0.294870 0.389656 0.023313 0.041326
1 0.312088 0.518964 0.027625 0.041183
1 0.513933 0.500738 0.030278 0.053893
1 0.521934 0.638280 0.028497 0.057064
1 0.760726 0.209622 0.027606 0.036460
1 0.765648 0.232097 0.024934 0.033289
1 0.682443 0.408674 0.028497 0.045034
1 0.730497 0.387932 0.024934 0.039622
1 0.727750 0.891854 0.032945 0.060235
1 0.720492 0.947294 0.032059 0.057072
1 0.773360 0.939853 0.029387 0.058649
1 0.874406 0.820961 0.032950 0.049136
2 0.312542 0.434169 0.028497 0.045973
2 0.765792 0.641833 0.032055 0.052307
3 0.283468 0.566514 0.032064 0.047592
3 0.725721 0.639455 0.030273 0.057064
4 0.723607 0.522148 0.139581 0.304362
5 0.271880 0.501539 0.150490 0.320210
1 0.587260 0.914497 0.032926 0.061812
1 0.613963 0.886762 0.032950 0.066560
1 0.613077 0.947768 0.032950 0.055503
1 0.229284 0.953318 0.032950 0.047576
1 0.123852 0.748217 0.036508 0.049136
