1 0.871566 0.146069 0.027602 0.058583
0 0.486582 0.305139 0.089195 0.124028
0 0.502660 0.916215 0.127367 0.167569
0 0.693922 0.146576 0.065078 0.126736
0 0.800344 0.704167 0.103687 0.208944
1 0.351637 0.431910 0.034727 0.060181
1 0.589961 0.539486 0.032078 0.066500
1 0.523180 0.285000 0.032953 0.060167
1 0.543660 0.150118 0.029383 0.050653
1 0.736445 0.127924 0.023156 0.041097
1 0.814898 0.049271 0.023156 0.045903
1 0.936355 0.799174 0.034727 0.066486
1 0.282750 0.183368 0.027609 0.047486
1 0.584621 0.596549 0.032945 0.066486
1 0.510980 0.399299 0.035617 0.066486
2 0.896730 0.622667 0.032055 0.068083
3 0.255594 0.313965 0.028500 0.049069
3 0.790555 0.314160 0.028516 0.045875
4 0.835734 0.435069 0.175422 0.351444
5 0.257375 0.449319 0.174531 0.357778
1 0.636270 0.952729 0.037398 0.064903
1 0.660770 0.981097 0.042758 0.037806
1 0.699934 0.966868 0.046305 0.066264
2 0.584191 0.863340 0.033852 0.068042
