0 0.417260 0.663633 0.079298 0.141007
0 0.532071 0.906535 0.091682 0.145940
0 0.673407 0.901439 0.092158 0.141804
0 0.704350 0.350654 0.074797 0.099866
1 0.085396 0.826191 0.040961 0.050721
1 0.243975 0.160386 0.030278 0.039631
1 0.247997 0.196179 0.029387 0.034874
1 0.189866 0.491992 0.033841 0.058649
1 0.318332 0.396124 0.025825 0.045973
1 0.287620 0.241565 0.024910 0.044388
1 0.294927 0.389656 0.023313 0.041326
1 0.312088 0.518964 0.027625 0.041183
1 0.513928 0.500768 0.030278 0.053901
1 0.521675 0.638322 0.028497 0.057064
1 0.760697 0.209488 0.027606 0.036460
1 0.765558 0.232122 0.024934 0.033289
1 0.682462 0.408029 0.028497 0.044899
1 0.730422 0.387773 0.024934 0.039622
1 0.727724 0.892294 0.032950 0.060243
1 0.720236 0.947395 0.032055 0.057072
1 0.773360 0.939853 0.029387 0.058649
1 0.874076 0.820961 0.032950 0.049136
2 0.312542 0.434169 0.028497 0.045973
2 0.765792 0.641833 0.032055 0.052307
3 0.283954 0.566514 0.032064 0.047592
3 0.725721 0.639455 0.030273 0.057064
4 0.723603 0.522148 0.139590 0.304362
5 0.271887 0.501539 0.150485 0.320210
1 0.556096 0.913700 0.032926 0.061812
1 0.580570 0.887555 0.032950 0.066552
1 0.578348 0.946976 0.032945 0.055512
1 0.229284 0.953318 0.032950 0.047576
1 0.123801 0.748268 0.036508 0.049136
