0 0.413362 0.661648 0.079298 0.140998
0 0.502686 0.904161 0.091687 0.145940
0 0.657813 0.897869 0.095740 0.152114
0 0.704350 0.350520 0.074797 0.099866
1 0.085302 0.826263 0.040961 0.050730
1 0.243975 0.160252 0.030278 0.039631
1 0.247832 0.196095 0.029387 0.034874
1 0.189915 0.491938 0.033836 0.058658
1 0.318332 0.396124 0.025825 0.045973
1 0.287620 0.241565 0.024910 0.044388
1 0.294984 0.389656 0.023313 0.041326
1 0.311828 0.516330 0.027625 0.041183
1 0.513921 0.500797 0.030273 0.053893
1 0.521416 0.638364 0.028497 0.057064
1 0.760674 0.209354 0.027606 0.036460
1 0.765469 0.232148 0.024934 0.033289
1 0.682481 0.407383 0.028497 0.044765
1 0.730346 0.387613 0.024934 0.039622
1 0.727700 0.892735 0.032950 0.060235
1 0.719976 0.947496 0.032055 0.057072
1 0.773360 0.939853 0.029387 0.058649
1 0.873749 0.820961 0.032945 0.049136
2 0.312542 0.434169 0.028497 0.045973
2 0.765792 0.641833 0.032055 0.052307
3 0.283657 0.565986 0.032064 0.047592
3 0.725721 0.639455 0.030273 0.057064
4 0.723598 0.522148 0.139599 0.304362
5 0.271894 0.501539 0.150490 0.320210
1 0.527156 0.912911 0.032926 0.061812
1 0.551188 0.888343 0.032950 0.066552
1 0.550745 0.947768 0.032950 0.055503
1 0.229284 0.953318 0.032950 0.047576
1 0.123749 0.748318 0.036508 0.049136
