0 0.619736 0.862232 0.092677 0.169698
0 0.254027 0.679438 0.092125 0.130805
0 0.259156 0.820931 0.085947 0.165705
0 0.612561 0.698272 0.088139 0.143121
1 0.095189 0.819014 0.040961 0.050730
1 0.243975 0.174077 0.030278 0.039631
1 0.245365 0.205684 0.029383 0.034874
1 0.184837 0.497588 0.033841 0.058649
1 0.318332 0.396124 0.025825 0.045973
1 0.287620 0.241565 0.024910 0.044388
1 0.291774 0.389652 0.023313 0.041317
1 0.312088 0.518964 0.027625 0.041183
1 0.542382 0.701913 0.030278 0.055520
1 0.531998 0.948574 0.031470 0.057064
1 0.754727 0.201858 0.027606 0.042760
1 0.718598 0.412777 0.023153 0.047567
1 0.732844 0.392945 0.024934 0.039614
1 0.720012 0.922047 0.029383 0.050755
1 0.710328 0.953683 0.033624 0.053188
1 0.773360 0.939853 0.029387 0.058649
1 0.876979 0.819375 0.032950 0.049136
2 0.312542 0.434169 0.028497 0.045973
2 0.765792 0.641833 0.032055 0.052307
3 0.281381 0.564929 0.032064 0.047592
3 0.725721 0.639455 0.030273 0.057064
4 0.723047 0.522148 0.138921 0.304362
5 0.271367 0.501539 0.150490 0.320210
1 0.224182 0.665701 0.031155 0.060227
1 0.542484 0.842127 0.033836 0.058599
1 0.206013 0.702345 0.024929 0.053935
1 0.229284 0.953318 0.032950 0.047576
1 0.128984 0.743142 0.036508 0.049136
