0 0.498612 0.671569 0.079298 0.141007
0 0.326876 0.904161 0.091687 0.145940
0 0.421972 0.905394 0.087253 0.131477
0 0.692828 0.317454 0.075702 0.100545
1 0.088360 0.824018 0.040961 0.050721
1 0.243975 0.164530 0.030278 0.039631
1 0.253094 0.198649 0.029383 0.034883
1 0.188344 0.493687 0.033841 0.058649
1 0.318332 0.396124 0.025825 0.045973
1 0.287620 0.241565 0.024910 0.044388
1 0.293174 0.389656 0.023313 0.041326
1 0.312088 0.518964 0.027625 0.041183
1 0.514199 0.499727 0.030273 0.053901
1 0.553400 0.670776 0.028497 0.057072
1 0.760042 0.211149 0.027606 0.036460
1 0.768339 0.231300 0.024934 0.033289
1 0.724696 0.421351 0.023746 0.047567
1 0.732740 0.392722 0.024934 0.039622
1 0.728391 0.888880 0.031946 0.057559
1 0.718999 0.945755 0.033624 0.053188
1 0.773360 0.939853 0.029387 0.058649
1 0.884211 0.820961 0.032945 0.049136
2 0.312542 0.434169 0.028497 0.045973
2 0.765792 0.641833 0.032055 0.052307
3 0.279906 0.565805 0.032064 0.047601
3 0.725721 0.639455 0.030273 0.057064
4 0.723725 0.522148 0.139345 0.304362
5 0.271730 0.501539 0.150490 0.320210
1 0.367707 0.882961 0.032926 0.061812
1 0.635867 0.673041 0.032950 0.066552
1 0.366522 0.938037 0.032950 0.053926
1 0.229284 0.953318 0.032950 0.047576
1 0.125370 0.746716 0.036508 0.049136
