1 0.871883 0.145924 0.027609 0.058569
0 0.494258 0.323694 0.092734 0.132056
0 0.499324 0.916215 0.127367 0.167569
0 0.685215 0.153819 0.065070 0.126750
0 0.799227 0.657417 0.091734 0.185111
1 0.351793 0.431910 0.034727 0.060181
1 0.626004 0.553007 0.032070 0.066486
1 0.529367 0.291090 0.032953 0.060153
1 0.543660 0.150118 0.029383 0.050653
1 0.736445 0.127931 0.023156 0.041111
1 0.815039 0.048778 0.023156 0.045917
1 0.936355 0.799174 0.034727 0.066486
1 0.282750 0.183368 0.027609 0.047486
1 0.584621 0.596549 0.032945 0.066486
1 0.485309 0.411674 0.035617 0.066486
2 0.896730 0.622667 0.032055 0.068083
3 0.255594 0.313965 0.028500 0.049069
3 0.790008 0.313465 0.028516 0.045875
4 0.835734 0.435069 0.175422 0.351444
5 0.257375 0.449319 0.174531 0.357778
1 0.541211 0.931354 0.037406 0.064903
1 0.575949 0.977139 0.042758 0.040972
1 0.610445 0.913160 0.046297 0.071236
2 0.574395 0.897375 0.033852 0.068056
