1 0.874656 0.144694 0.027609 0.058583
0 0.457742 0.328229 0.080172 0.112431
0 0.406070 0.526882 0.113984 0.215292
0 0.673234 0.321111 0.069437 0.133000
0 0.710625 0.507889 0.087266 0.193139
1 0.529285 0.431028 0.034727 0.071250
1 0.574848 0.427660 0.033836 0.066486
1 0.527332 0.294715 0.032945 0.060153
1 0.543660 0.150118 0.029383 0.050653
1 0.736445 0.127951 0.023156 0.041153
1 0.816242 0.044500 0.023156 0.045917
1 0.936355 0.799174 0.034727 0.066486
1 0.282750 0.183368 0.027609 0.047486
1 0.584621 0.596549 0.032945 0.066486
1 0.673023 0.424076 0.035625 0.066486
2 0.897086 0.615063 0.032062 0.068069
3 0.256660 0.306368 0.028492 0.049069
3 0.769109 0.280729 0.028516 0.045903
4 0.835734 0.435069 0.175422 0.351444
5 0.257375 0.449319 0.174531 0.357778
1 0.427637 0.444021 0.037398 0.064903
1 0.218598 0.953521 0.040070 0.052236
1 0.569207 0.933535 0.046305 0.071236
2 0.398734 0.895604 0.048969 0.088653
