0 0.620646 0.895575 0.089114 0.152156
0 0.263292 0.685130 0.091748 0.144841
0 0.327342 0.859488 0.097974 0.172030
0 0.665801 0.810239 0.098907 0.171065
1 0.096263 0.818226 0.040961 0.050730
1 0.243975 0.175587 0.030278 0.039631
1 0.244936 0.207395 0.029383 0.034874
1 0.184284 0.498205 0.033836 0.058658
1 0.318332 0.396124 0.025825 0.045973
1 0.287620 0.241565 0.024910 0.044388
1 0.291774 0.389652 0.023313 0.041317
1 0.312088 0.518964 0.027625 0.041183
1 0.537896 0.714480 0.030278 0.055520
1 0.400417 0.944891 0.033850 0.057064
1 0.756098 0.202202 0.027606 0.042760
1 0.718598 0.412777 0.023153 0.047567
1 0.732844 0.392945 0.024934 0.039614
1 0.721058 0.919664 0.029383 0.050755
1 0.710328 0.953683 0.033624 0.053188
1 0.773360 0.939853 0.029387 0.058649
1 0.877769 0.819375 0.032945 0.049136
2 0.312542 0.434169 0.028497 0.045973
2 0.765792 0.641833 0.032055 0.052307
3 0.281381 0.564929 0.032064 0.047592
3 0.725721 0.639455 0.030273 0.057064
4 0.723047 0.522148 0.138921 0.304362
5 0.271310 0.501539 0.150490 0.320210
1 0.218351 0.666565 0.029868 0.059069
1 0.501979 0.950549 0.033836 0.058599
1 0.212241 0.712563 0.024934 0.053935
1 0.229284 0.953318 0.032950 0.047576
1 0.129555 0.742576 0.036508 0.049144
