1 0.871809 0.145965 0.027602 0.058569
0 0.500668 0.314965 0.091305 0.119653
0 0.502660 0.916215 0.127367 0.167569
0 0.687289 0.152097 0.065078 0.126750
0 0.801914 0.693069 0.097109 0.199417
1 0.351754 0.431910 0.034727 0.060181
1 0.617863 0.544535 0.032070 0.066486
1 0.531191 0.288639 0.032945 0.060167
1 0.543660 0.150118 0.029383 0.050653
1 0.736445 0.127924 0.023156 0.041097
1 0.815004 0.048896 0.023148 0.045903
1 0.936355 0.799174 0.034727 0.066486
1 0.282750 0.183368 0.027609 0.047486
1 0.584621 0.596549 0.032945 0.066486
1 0.487426 0.402743 0.035617 0.066486
2 0.896730 0.622667 0.032055 0.068083
3 0.255594 0.313965 0.028500 0.049069
3 0.790141 0.313632 0.028516 0.045875
4 0.835734 0.435069 0.175422 0.351444
5 0.257375 0.449319 0.174531 0.357778
1 0.568785 0.931354 0.037398 0.064903
1 0.594363 0.978604 0.042758 0.040069
1 0.627363 0.916715 0.046305 0.071236
2 0.585746 0.889861 0.033852 0.068056
