0 0.571814 0.894492 0.089114 0.152156
0 0.257041 0.690109 0.091414 0.157114
0 0.351272 0.866686 0.089576 0.151695
0 0.646287 0.839706 0.098907 0.171074
1 0.097205 0.817534 0.040961 0.050721
1 0.243975 0.176904 0.030278 0.039631
1 0.244562 0.208897 0.029387 0.034874
1 0.183798 0.498746 0.033836 0.058649
1 0.318332 0.396124 0.025825 0.045973
1 0.287620 0.241565 0.024910 0.044388
1 0.291774 0.389652 0.023313 0.041317
1 0.312088 0.518964 0.027625 0.041183
1 0.538205 0.713054 0.030273 0.055520
1 0.319724 0.951619 0.033850 0.057064
1 0.757295 0.202508 0.027606 0.042768
1 0.718598 0.412777 0.023153 0.047567
1 0.732844 0.392945 0.024934 0.039614
1 0.721972 0.917584 0.029383 0.050755
1 0.710328 0.953683 0.033624 0.053188
1 0.773360 0.939853 0.029387 0.058649
1 0.878459 0.819375 0.032950 0.049136
2 0.312542 0.434169 0.028497 0.045973
2 0.765792 0.641833 0.032055 0.052307
3 0.281381 0.564929 0.032064 0.047592
3 0.725721 0.639455 0.030273 0.057064
4 0.723047 0.522148 0.138921 0.304362
5 0.271258 0.501539 0.150490 0.320210
1 0.223018 0.654446 0.024943 0.045990
1 0.500820 0.948448 0.033836 0.058591
1 0.229284 0.953318 0.032950 0.047576
1 0.130054 0.742085 0.036508 0.049136
