0 0.392135 0.685969 0.094420 0.156888
0 0.260509 0.852072 0.099312 0.160285
0 0.540271 0.891019 0.090844 0.149354
0 0.704350 0.349023 0.074797 0.099874
1 0.084241 0.827039 0.040961 0.050721
1 0.243975 0.158775 0.030278 0.039631
1 0.246013 0.195214 0.029387 0.034874
1 0.190459 0.491334 0.033841 0.058658
1 0.318332 0.396124 0.025825 0.045973
1 0.287620 0.241565 0.024910 0.044388
1 0.290403 0.386456 0.023134 0.042794
1 0.300290 0.479333 0.027620 0.041183
1 0.513867 0.501112 0.030278 0.053901
1 0.518565 0.638826 0.028497 0.057064
1 0.760391 0.207894 0.027606 0.036460
1 0.764475 0.232441 0.024934 0.033289
1 0.682693 0.400273 0.028497 0.043263
1 0.729522 0.385843 0.024934 0.039622
1 0.727427 0.897580 0.032950 0.060243
1 0.717132 0.948624 0.032059 0.057064
1 0.773360 0.939853 0.029387 0.058649
1 0.872003 0.822496 0.032950 0.049136
2 0.312542 0.434169 0.028497 0.045973
2 0.765792 0.641833 0.032055 0.052307
3 0.277762 0.569685 0.032064 0.047592
3 0.725721 0.639455 0.030273 0.057064
4 0.723556 0.522148 0.139684 0.304362
5 0.271951 0.501539 0.150490 0.320210
1 0.277377 0.887022 0.032926 0.061812
1 0.317750 0.897978 0.030278 0.066560
1 0.298876 0.942525 0.032945 0.055503
1 0.229284 0.953318 0.032950 0.047576
1 0.123190 0.748872 0.036513 0.049136
