0 0.626468 0.700709 0.084642 0.148968
0 0.253402 0.685046 0.096107 0.127844
0 0.316393 0.898435 0.092031 0.140529
0 0.595914 0.365428 0.065052 0.106242
1 0.090052 0.822781 0.040961 0.050730
1 0.243975 0.166896 0.030278 0.039631
1 0.258405 0.197848 0.029383 0.034874
1 0.187474 0.494656 0.033836 0.058658
1 0.318332 0.396124 0.025825 0.045973
1 0.287620 0.241565 0.024910 0.044388
1 0.292175 0.389652 0.023313 0.041317
1 0.312088 0.518964 0.027625 0.041183
1 0.515408 0.497659 0.030278 0.053893
1 0.706093 0.901149 0.032950 0.057064
1 0.757879 0.208775 0.027606 0.036460
1 0.770464 0.237345 0.024934 0.045076
1 0.721487 0.410034 0.023153 0.047567
1 0.732844 0.392945 0.024934 0.039614
1 0.728746 0.889325 0.031131 0.055411
1 0.717665 0.945755 0.033624 0.053188
1 0.773360 0.939853 0.029387 0.058649
1 0.881918 0.820470 0.032950 0.049144
2 0.312542 0.434169 0.028497 0.045973
2 0.765792 0.641833 0.032055 0.052307
3 0.280961 0.565180 0.032064 0.047592
3 0.725721 0.639455 0.030273 0.057064
4 0.723794 0.522148 0.139208 0.304362
5 0.271640 0.501539 0.150490 0.320210
1 0.226953 0.693557 0.032926 0.061812
1 0.773240 0.760185 0.032041 0.058591
1 0.218596 0.773855 0.032950 0.053935
1 0.229284 0.953318 0.032950 0.047576
1 0.126265 0.745831 0.036508 0.049144
