0 0.609993 0.744425 0.078534 0.158465
0 0.246086 0.706263 0.096103 0.141166
0 0.260012 0.821737 0.083737 0.171007
0 0.557886 0.575231 0.072163 0.137911
1 0.091225 0.821917 0.040961 0.050730
1 0.243975 0.168536 0.030278 0.039622
1 0.246939 0.199375 0.029383 0.034874
1 0.186871 0.495327 0.033836 0.058658
1 0.318332 0.396124 0.025825 0.045973
1 0.287620 0.241565 0.024910 0.044388
1 0.291774 0.389652 0.023313 0.041317
1 0.312088 0.518964 0.027625 0.041183
1 0.528037 0.683838 0.030278 0.053901
1 0.694698 0.906569 0.028492 0.057064
1 0.754449 0.195319 0.027606 0.048003
1 0.779149 0.228633 0.024934 0.039664
1 0.719006 0.412391 0.023148 0.047567
1 0.732844 0.392945 0.024934 0.039614
1 0.728994 0.889631 0.030570 0.053909
1 0.716737 0.945755 0.033624 0.053188
1 0.773360 0.939853 0.029387 0.058649
1 0.879844 0.820101 0.032950 0.049144
2 0.312542 0.434169 0.028497 0.045973
2 0.765792 0.641833 0.032055 0.052307
3 0.281381 0.564929 0.032064 0.047592
3 0.725721 0.639455 0.030273 0.057064
4 0.723843 0.522148 0.139109 0.304362
5 0.271579 0.501539 0.150490 0.320210
1 0.221788 0.715440 0.032926 0.061820
1 0.772924 0.823368 0.032041 0.058599
1 0.207231 0.727995 0.032945 0.053926
1 0.229284 0.953318 0.032950 0.047576
1 0.126887 0.745218 0.036508 0.049144
