0 0.639003 0.710877 0.093577 0.134723
0 0.260917 0.679073 0.092568 0.114253
0 0.260459 0.825663 0.077507 0.166191
0 0.640700 0.579690 0.086404 0.148020
1 0.092361 0.821086 0.040961 0.050730
1 0.243975 0.170126 0.030278 0.039631
1 0.246489 0.201179 0.029387 0.034874
1 0.186289 0.495973 0.033841 0.058658
1 0.318332 0.396124 0.025825 0.045973
1 0.287620 0.241565 0.024910 0.044388
1 0.291774 0.389652 0.023313 0.041317
1 0.312088 0.518964 0.027625 0.041183
1 0.547302 0.757454 0.030278 0.053901
1 0.693004 0.908381 0.028497 0.057064
1 0.747196 0.197747 0.027606 0.042760
1 0.768188 0.231451 0.026159 0.036846
1 0.718598 0.412777 0.023153 0.047567
1 0.732844 0.392945 0.024934 0.039614
1 0.727818 0.892441 0.030028 0.052466
1 0.715844 0.945755 0.033629 0.053188
1 0.773360 0.939853 0.029387 0.058649
1 0.877839 0.819744 0.032945 0.049136
2 0.312542 0.434169 0.028497 0.045973
2 0.765792 0.641833 0.032055 0.052307
3 0.281381 0.564929 0.032064 0.047592
3 0.725721 0.639455 0.030273 0.057064
4 0.723888 0.522148 0.139020 0.304362
5 0.271517 0.501539 0.150490 0.320210
1 0.241180 0.682311 0.032926 0.061820
1 0.765106 0.837349 0.032041 0.058591
1 0.216814 0.699685 0.032950 0.053935
1 0.229284 0.953318 0.032950 0.047576
1 0.127488 0.744622 0.036513 0.049144
