0 0.685806 0.828150 0.092158 0.161971
0 0.248238 0.675881 0.092356 0.122030
0 0.273836 0.789971 0.098888 0.164690
0 0.605973 0.612441 0.072201 0.136292
1 0.094515 0.819509 0.040961 0.050730
1 0.243975 0.173138 0.030278 0.039631
1 0.245631 0.204610 0.029387 0.034874
1 0.185184 0.497206 0.033836 0.058658
1 0.318332 0.396124 0.025825 0.045973
1 0.287620 0.241565 0.024910 0.044388
1 0.291774 0.389652 0.023313 0.041317
1 0.312088 0.518964 0.027625 0.041183
1 0.538723 0.710017 0.030273 0.055520
1 0.674965 0.935889 0.028497 0.057064
1 0.753874 0.201640 0.027606 0.042760
1 0.718598 0.412777 0.023153 0.047567
1 0.732844 0.392945 0.024934 0.039614
1 0.727948 0.918440 0.029383 0.050755
1 0.710328 0.953683 0.033624 0.053188
1 0.773360 0.939853 0.029387 0.058649
1 0.876484 0.819375 0.032950 0.049136
2 0.312542 0.434169 0.028497 0.045973
2 0.765792 0.641833 0.032055 0.052307
3 0.281381 0.564929 0.032064 0.047592
3 0.725721 0.639455 0.030273 0.057064
4 0.722726 0.522148 0.138921 0.304362
5 0.271402 0.501539 0.150485 0.320210
1 0.225290 0.668544 0.031956 0.060948
1 0.604625 0.833674 0.032041 0.058591
1 0.204510 0.703842 0.024929 0.053926
1 0.229284 0.953318 0.032950 0.047576
1 0.128629 0.743494 0.036513 0.049136
