0 0.292262 0.702462 0.081046 0.137827
0 0.258789 0.867148 0.096136 0.155369
0 0.429635 0.898821 0.088610 0.132777
0 0.704350 0.348041 0.074797 0.099874
1 0.083549 0.827546 0.040961 0.050730
1 0.243975 0.157802 0.030278 0.039631
1 0.244821 0.194635 0.029387 0.034874
1 0.188362 0.482156 0.033841 0.058658
1 0.318332 0.396124 0.025825 0.045973
1 0.287620 0.241565 0.024910 0.044388
1 0.286565 0.390499 0.023139 0.042794
1 0.269750 0.487760 0.027625 0.041191
1 0.513829 0.501317 0.030278 0.053893
1 0.516701 0.639128 0.028492 0.057064
1 0.760205 0.206938 0.027601 0.036460
1 0.763824 0.232634 0.024934 0.033289
1 0.682830 0.395617 0.028497 0.042273
1 0.728980 0.384685 0.024934 0.039622
1 0.727250 0.900751 0.032945 0.060243
1 0.715271 0.949358 0.032059 0.057072
1 0.773360 0.939853 0.029387 0.058649
1 0.873381 0.825562 0.032945 0.049144
2 0.311369 0.427685 0.028497 0.045973
2 0.765792 0.641833 0.032055 0.052307
3 0.280931 0.554719 0.034727 0.055478
3 0.725721 0.639455 0.030273 0.057064
4 0.723527 0.522148 0.139741 0.304362
5 0.271984 0.501539 0.150490 0.320210
1 0.275398 0.899258 0.033426 0.061820
1 0.315660 0.900818 0.030273 0.052307
1 0.292773 0.947320 0.032945 0.045864
1 0.229284 0.953318 0.032950 0.047576
1 0.122825 0.749237 0.036508 0.049144
