0 0.489786 0.681837 0.079298 0.141007
0 0.561795 0.905369 0.091687 0.145940
0 0.656963 0.913117 0.087253 0.131485
0 0.704350 0.352097 0.074797 0.099866
1 0.086418 0.825445 0.040961 0.050721
1 0.243975 0.161812 0.030278 0.039631
1 0.249753 0.197026 0.029383 0.034874
1 0.189343 0.492576 0.033841 0.058658
1 0.318332 0.396124 0.025825 0.045973
1 0.287620 0.241565 0.024910 0.044388
1 0.294324 0.389656 0.023313 0.041326
1 0.312088 0.518964 0.027625 0.041183
1 0.513980 0.500466 0.030278 0.053901
1 0.524423 0.637878 0.028497 0.057064
1 0.760971 0.210898 0.027606 0.036460
1 0.766515 0.231837 0.024934 0.033289
1 0.682260 0.414883 0.028497 0.046342
1 0.731221 0.389476 0.024929 0.039622
1 0.727978 0.888377 0.032875 0.060042
1 0.720530 0.945755 0.033624 0.053188
1 0.773360 0.939853 0.029387 0.058649
1 0.877564 0.820961 0.032950 0.049136
2 0.312542 0.434169 0.028497 0.045973
2 0.765792 0.641833 0.032055 0.052307
3 0.278808 0.566514 0.032064 0.047592
3 0.725721 0.639455 0.030273 0.057064
4 0.723645 0.522148 0.139505 0.304362
5 0.271833 0.501539 0.150490 0.320210
1 0.599390 0.899790 0.032926 0.061812
1 0.626730 0.776850 0.032950 0.066552
1 0.613570 0.926195 0.032945 0.053935
1 0.229284 0.953318 0.032950 0.047576
1 0.124343 0.747735 0.036508 0.049144
