0 0.580872 0.893461 0.089114 0.152156
0 0.262945 0.688381 0.091527 0.152852
0 0.341713 0.853091 0.099788 0.144119
0 0.649178 0.834547 0.098902 0.171074
1 0.096880 0.817773 0.040961 0.050730
1 0.243975 0.176443 0.030278 0.039631
1 0.244694 0.208377 0.029387 0.034874
1 0.183968 0.498557 0.033836 0.058658
1 0.318332 0.396124 0.025825 0.045973
1 0.287620 0.241565 0.024910 0.044388
1 0.291774 0.389652 0.023313 0.041317
1 0.312088 0.518964 0.027625 0.041183
1 0.538096 0.713549 0.030273 0.055520
1 0.343975 0.948947 0.033850 0.057072
1 0.756880 0.202404 0.027606 0.042760
1 0.718598 0.412777 0.023153 0.047567
1 0.732844 0.392945 0.024934 0.039614
1 0.721656 0.918305 0.029383 0.050755
1 0.710328 0.953683 0.033624 0.053188
1 0.773360 0.939853 0.029387 0.058649
1 0.878219 0.819375 0.032950 0.049136
2 0.312542 0.434169 0.028497 0.045973
2 0.765792 0.641833 0.032055 0.052307
3 0.281381 0.564929 0.032064 0.047592
3 0.725721 0.639455 0.030273 0.057064
4 0.723047 0.522148 0.138921 0.304362
5 0.271277 0.501539 0.150490 0.320210
1 0.216833 0.665147 0.027257 0.052592
1 0.501221 0.949178 0.033836 0.058591
1 0.218153 0.728221 0.024929 0.053926
1 0.229284 0.953318 0.032950 0.047576
1 0.129880 0.742257 0.036508 0.049144
