0 0.680721 0.836418 0.094449 0.167181
0 0.248567 0.676086 0.092347 0.122525
0 0.270372 0.790143 0.098294 0.167852
0 0.602410 0.622827 0.077743 0.136644
1 0.094552 0.819480 0.040961 0.050721
1 0.243975 0.173188 0.030278 0.039631
1 0.245617 0.204669 0.029387 0.034874
1 0.185163 0.497227 0.033841 0.058649
1 0.318332 0.396124 0.025825 0.045973
1 0.287620 0.241565 0.024910 0.044388
1 0.291774 0.389652 0.023313 0.041317
1 0.312088 0.518964 0.027625 0.041183
1 0.538624 0.711074 0.030273 0.055520
1 0.664873 0.940117 0.028492 0.057064
1 0.753921 0.201648 0.027606 0.042760
1 0.718598 0.412777 0.023153 0.047567
1 0.732844 0.392945 0.024934 0.039614
1 0.727029 0.918918 0.029383 0.050755
1 0.710328 0.953683 0.033624 0.053188
1 0.773360 0.939853 0.029387 0.058649
1 0.876513 0.819375 0.032950 0.049136
2 0.312542 0.434169 0.028497 0.045973
2 0.765792 0.641833 0.032055 0.052307
3 0.281381 0.564929 0.032064 0.047592
3 0.725721 0.639455 0.030273 0.057064
4 0.722754 0.522148 0.138921 0.304362
5 0.271400 0.501539 0.150490 0.320210
1 0.225226 0.668381 0.031913 0.060906
1 0.603042 0.838960 0.032041 0.058591
1 0.204595 0.703758 0.024929 0.053926
1 0.229284 0.953318 0.032950 0.047576
1 0.128650 0.743473 0.036508 0.049144
