0 0.459545 0.685117 0.079298 0.141007
0 0.586131 0.899211 0.091687 0.145940
0 0.677071 0.908498 0.087253 0.131477
0 0.704350 0.351363 0.074797 0.099874
1 0.085895 0.825826 0.040961 0.050730
1 0.243975 0.161082 0.030278 0.039631
1 0.248860 0.196590 0.029387 0.034874
1 0.189609 0.492282 0.033836 0.058658
1 0.318332 0.396124 0.025825 0.045973
1 0.287620 0.241565 0.024910 0.044388
1 0.294630 0.389656 0.023313 0.041326
1 0.312088 0.518964 0.027625 0.041183
1 0.513954 0.500621 0.030273 0.053893
1 0.523023 0.638104 0.028497 0.057064
1 0.760834 0.210180 0.027606 0.036468
1 0.766027 0.231980 0.024929 0.033289
1 0.682363 0.411393 0.028497 0.045604
1 0.730813 0.388607 0.024934 0.039614
1 0.727853 0.890004 0.032945 0.060243
1 0.720940 0.945755 0.033624 0.053188
1 0.773360 0.939853 0.029387 0.058649
1 0.875787 0.820961 0.032950 0.049136
2 0.312542 0.434169 0.028497 0.045973
2 0.765792 0.641833 0.032055 0.052307
3 0.281428 0.566514 0.032064 0.047592
3 0.725721 0.639455 0.030273 0.057064
4 0.723624 0.522148 0.139548 0.304362
5 0.271861 0.501539 0.150490 0.320210
1 0.608801 0.903054 0.032926 0.061812
1 0.630335 0.839203 0.032950 0.066560
1 0.631741 0.924182 0.032945 0.055126
1 0.229284 0.953318 0.032950 0.047576
1 0.124065 0.748003 0.036508 0.049144
