0 0.356600 0.708406 0.081051 0.137836
0 0.231814 0.825998 0.096136 0.155369
0 0.510219 0.884354 0.090844 0.156946
0 0.704350 0.348666 0.074797 0.099866
1 0.083992 0.827219 0.040961 0.050730
1 0.243975 0.158423 0.030278 0.039631
1 0.245582 0.195004 0.029383 0.034874
1 0.190224 0.489891 0.033841 0.058658
1 0.318332 0.396124 0.025825 0.045973
1 0.287620 0.241565 0.024910 0.044388
1 0.292269 0.389115 0.023134 0.042794
1 0.290125 0.479333 0.027620 0.041183
1 0.513852 0.501187 0.030278 0.053901
1 0.517891 0.638935 0.028497 0.057064
1 0.760323 0.207542 0.027601 0.036460
1 0.764239 0.232513 0.024934 0.033297
1 0.682740 0.398591 0.028497 0.042903
1 0.729324 0.385428 0.024934 0.039614
1 0.727363 0.898725 0.032945 0.060235
1 0.716461 0.948888 0.032055 0.057072
1 0.773360 0.939853 0.029387 0.058649
1 0.872500 0.823603 0.032945 0.049136
2 0.312542 0.434169 0.028497 0.045973
2 0.765792 0.641833 0.032055 0.052307
3 0.283011 0.565201 0.032950 0.050218
3 0.725721 0.639455 0.030273 0.057064
4 0.723544 0.522148 0.139708 0.304362
5 0.271960 0.501539 0.150490 0.320210
1 0.258678 0.862181 0.032926 0.061812
1 0.313433 0.895982 0.030278 0.063960
1 0.294823 0.942299 0.032945 0.054077
1 0.229284 0.953318 0.032950 0.047576
1 0.123058 0.749002 0.036513 0.049144
