0 0.354039 0.179396 0.072125 0.099736
0 0.329492 0.862493 0.113984 0.215292
0 0.679480 0.151986 0.064117 0.123472
0 0.789992 0.817806 0.087266 0.193139
1 0.531156 0.426451 0.034734 0.071236
1 0.577012 0.425618 0.033836 0.066486
1 0.526754 0.295743 0.032945 0.060153
1 0.543660 0.150118 0.029383 0.050653
1 0.736445 0.127958 0.023156 0.041167
1 0.816582 0.043285 0.023148 0.045903
1 0.936355 0.799174 0.034727 0.066486
1 0.282750 0.183368 0.027609 0.047486
1 0.584621 0.596549 0.032945 0.066486
1 0.674992 0.428771 0.035625 0.066486
2 0.837238 0.798215 0.032055 0.068069
3 0.319609 0.204799 0.028500 0.049069
3 0.699711 0.121174 0.027609 0.045903
4 0.835734 0.435069 0.175422 0.351444
5 0.254754 0.450868 0.174539 0.357764
1 0.428340 0.439042 0.037398 0.064917
1 0.214184 0.953521 0.040070 0.052236
1 0.568145 0.934528 0.046305 0.071250
2 0.399402 0.895743 0.048977 0.088653
