1 0.872457 0.145674 0.027602 0.058569
0 0.446984 0.422333 0.100703 0.166250
0 0.356195 0.883069 0.138906 0.196250
0 0.709992 0.318750 0.081531 0.153611
0 0.796090 0.630500 0.127383 0.185111
1 0.352078 0.431910 0.034719 0.060181
1 0.693234 0.542722 0.032078 0.066500
1 0.528941 0.291840 0.032945 0.060153
1 0.543660 0.150118 0.029383 0.050653
1 0.736445 0.127931 0.023156 0.041111
1 0.815285 0.047889 0.023148 0.045917
1 0.936355 0.799174 0.034727 0.066486
1 0.282750 0.183368 0.027609 0.047486
1 0.584621 0.596549 0.032945 0.066486
1 0.513828 0.389951 0.035625 0.066486
2 0.896730 0.622667 0.032055 0.068083
3 0.255594 0.313965 0.028500 0.049069
3 0.789031 0.312215 0.028516 0.045875
4 0.835734 0.435069 0.175422 0.351444
5 0.257375 0.449319 0.174531 0.357778
1 0.392723 0.915521 0.037398 0.064903
1 0.547730 0.982125 0.040070 0.035750
1 0.572160 0.930785 0.046305 0.071236
2 0.438152 0.918750 0.033852 0.068056
