0 0.467740 0.676275 0.079298 0.141007
0 0.511753 0.905747 0.091687 0.145940
0 0.602924 0.909048 0.087253 0.131485
0 0.704350 0.353104 0.074797 0.099866
1 0.087130 0.824920 0.040961 0.050730
1 0.243975 0.162810 0.030278 0.039631
1 0.250975 0.197622 0.029387 0.034874
1 0.188977 0.492982 0.033836 0.058649
1 0.318332 0.396124 0.025825 0.045973
1 0.287620 0.241565 0.024910 0.044388
1 0.293904 0.389656 0.023313 0.041326
1 0.312088 0.518964 0.027625 0.041183
1 0.514017 0.500256 0.030278 0.053901
1 0.520832 0.654732 0.028497 0.057064
1 0.761162 0.211879 0.027601 0.036460
1 0.767184 0.231640 0.024934 0.033297
1 0.682118 0.419664 0.028497 0.047349
1 0.731779 0.390667 0.024934 0.039622
1 0.728129 0.888561 0.032535 0.059136
1 0.719969 0.945755 0.033624 0.053188
1 0.773360 0.939853 0.029387 0.058649
1 0.879998 0.820961 0.032945 0.049136
2 0.312542 0.434169 0.028497 0.045973
2 0.765792 0.641833 0.032055 0.052307
3 0.279140 0.566263 0.032069 0.047592
3 0.725721 0.639455 0.030273 0.057064
4 0.723673 0.522148 0.139449 0.304362
5 0.271795 0.501539 0.150490 0.320210
1 0.550158 0.883851 0.032926 0.061812
1 0.636819 0.725067 0.032950 0.066560
1 0.550419 0.931560 0.032950 0.053926
1 0.229284 0.953318 0.032950 0.047576
1 0.124717 0.747362 0.036513 0.049136
