1 0.871867 0.145937 0.027609 0.058569
0 0.494258 0.322583 0.092734 0.129833
0 0.502660 0.916215 0.127367 0.167569
0 0.685629 0.153472 0.065070 0.126750
0 0.799227 0.662562 0.091734 0.185097
1 0.351785 0.431910 0.034727 0.060181
1 0.624227 0.551687 0.032078 0.066486
1 0.529379 0.291076 0.032945 0.060153
1 0.543660 0.150118 0.029383 0.050653
1 0.736445 0.127931 0.023156 0.041111
1 0.815031 0.048799 0.023156 0.045903
1 0.936355 0.799174 0.034727 0.066486
1 0.282750 0.183368 0.027609 0.047486
1 0.584621 0.596549 0.032945 0.066486
1 0.485184 0.410361 0.035617 0.066500
2 0.896730 0.622667 0.032055 0.068083
3 0.255594 0.313965 0.028500 0.049069
3 0.790039 0.313500 0.028516 0.045861
4 0.835734 0.435069 0.175422 0.351444
5 0.257375 0.449319 0.174531 0.357778
1 0.545887 0.931354 0.037398 0.064903
1 0.584184 0.976347 0.042758 0.040972
1 0.614449 0.912368 0.046305 0.071236
2 0.578848 0.891833 0.033852 0.068056
