0 0.642875 0.887735 0.092667 0.153289
0 0.259156 0.682588 0.091913 0.138565
0 0.294557 0.870696 0.100160 0.174497
0 0.666704 0.760554 0.095019 0.165319
1 0.095782 0.818578 0.040961 0.050730
1 0.243975 0.174908 0.030278 0.039631
1 0.245127 0.206632 0.029387 0.034874
1 0.184531 0.497932 0.033841 0.058649
1 0.318332 0.396124 0.025825 0.045973
1 0.287620 0.241565 0.024910 0.044388
1 0.291774 0.389652 0.023313 0.041317
1 0.312088 0.518964 0.027625 0.041183
1 0.538238 0.719815 0.030273 0.055520
1 0.458504 0.938628 0.033850 0.057072
1 0.755485 0.202051 0.027606 0.042760
1 0.718598 0.412777 0.023153 0.047567
1 0.732844 0.392945 0.024934 0.039614
1 0.720591 0.920730 0.029383 0.050755
1 0.710328 0.953683 0.033624 0.053188
1 0.773360 0.939853 0.029387 0.058649
1 0.877415 0.819375 0.032945 0.049136
2 0.312542 0.434169 0.028497 0.045973
2 0.765792 0.641833 0.032055 0.052307
3 0.281381 0.564929 0.032064 0.047592
3 0.725721 0.639455 0.030273 0.057064
4 0.723047 0.522148 0.138921 0.304362
5 0.271334 0.501539 0.150490 0.320210
1 0.223200 0.663184 0.030443 0.059589
1 0.501810 0.920860 0.033836 0.058599
1 0.207347 0.701015 0.024929 0.053926
1 0.229284 0.953318 0.032950 0.047576
1 0.129300 0.742827 0.036508 0.049144
