0 0.467802 0.673725 0.079298 0.141007
0 0.458475 0.905277 0.091682 0.145940
0 0.550148 0.907714 0.087253 0.131485
0 0.699767 0.337471 0.075066 0.103599
1 0.087474 0.824669 0.040961 0.050730
1 0.243975 0.163289 0.030278 0.039631
1 0.251572 0.197907 0.029383 0.034874
1 0.188798 0.493184 0.033836 0.058649
1 0.318332 0.396124 0.025825 0.045973
1 0.287620 0.241565 0.024910 0.044388
1 0.293697 0.389656 0.023313 0.041326
1 0.312088 0.518964 0.027625 0.041183
1 0.514036 0.500151 0.030278 0.053893
1 0.518713 0.661741 0.028492 0.057072
1 0.760975 0.211896 0.027606 0.036460
1 0.767507 0.231544 0.024929 0.033289
1 0.692335 0.443498 0.027648 0.047567
1 0.732048 0.391242 0.024934 0.039614
1 0.728205 0.888649 0.032366 0.058691
1 0.719696 0.945755 0.033624 0.053188
1 0.773360 0.939853 0.029387 0.058649
1 0.881183 0.820961 0.032950 0.049136
2 0.312542 0.434169 0.028497 0.045973
2 0.765792 0.641833 0.032055 0.052307
3 0.279354 0.566133 0.032064 0.047601
3 0.725721 0.639455 0.030273 0.057064
4 0.723688 0.522148 0.139420 0.304362
5 0.271777 0.501539 0.150490 0.320210
1 0.495384 0.877852 0.032926 0.061812
1 0.644345 0.703712 0.032950 0.066552
1 0.495115 0.934581 0.032945 0.053926
1 0.229284 0.953318 0.032950 0.047576
1 0.124901 0.747181 0.036513 0.049144
