0 0.481341 0.679304 0.079298 0.141007
0 0.540229 0.905747 0.091682 0.145940
0 0.633523 0.911317 0.087253 0.131477
0 0.704350 0.352534 0.074797 0.099866
1 0.086725 0.825218 0.040961 0.050721
1 0.243975 0.162240 0.030278 0.039631
1 0.250280 0.197286 0.029383 0.034874
1 0.189185 0.492752 0.033836 0.058658
1 0.318332 0.396124 0.025825 0.045973
1 0.287620 0.241565 0.024910 0.044388
1 0.294140 0.389656 0.023313 0.041326
1 0.312088 0.518964 0.027625 0.041183
1 0.513996 0.500373 0.030273 0.053901
1 0.522957 0.644895 0.028497 0.057072
1 0.761053 0.211326 0.027601 0.036460
1 0.766803 0.231753 0.024934 0.033289
1 0.682198 0.416946 0.028497 0.046779
1 0.731463 0.389987 0.024934 0.039622
1 0.728044 0.888452 0.032724 0.059656
1 0.720285 0.945755 0.033624 0.053188
1 0.773360 0.939853 0.029387 0.058649
1 0.878617 0.820961 0.032945 0.049136
2 0.312542 0.434169 0.028497 0.045973
2 0.765792 0.641833 0.032055 0.052307
3 0.278888 0.566409 0.032064 0.047601
3 0.725721 0.639455 0.030273 0.057064
4 0.723657 0.522148 0.139482 0.304362
5 0.271817 0.501539 0.150485 0.320210
1 0.582689 0.898918 0.032926 0.061812
1 0.628435 0.753997 0.032950 0.066552
1 0.586970 0.928536 0.032950 0.053935
1 0.229284 0.953318 0.032950 0.047576
1 0.124503 0.747571 0.036508 0.049136
