0 0.601963 0.675554 0.079298 0.141007
0 0.272941 0.856598 0.079218 0.176049
0 0.348164 0.909769 0.087253 0.131485
0 0.689072 0.312928 0.075702 0.096728
1 0.089147 0.823444 0.040961 0.050730
1 0.243975 0.165629 0.030278 0.039631
1 0.262229 0.197706 0.029387 0.034874
1 0.187941 0.494140 0.033836 0.058649
1 0.318332 0.396124 0.025825 0.045973
1 0.287620 0.241565 0.024910 0.044388
1 0.292707 0.389652 0.023313 0.041317
1 0.312088 0.518964 0.027625 0.041183
1 0.514762 0.498763 0.030278 0.053901
1 0.629225 0.675482 0.028497 0.057072
1 0.759211 0.210495 0.027601 0.036460
1 0.769142 0.234169 0.024929 0.038473
1 0.721770 0.408213 0.023153 0.047567
1 0.732844 0.392945 0.024934 0.039614
1 0.728556 0.889086 0.031569 0.056560
1 0.718377 0.945755 0.033624 0.053188
1 0.773360 0.939853 0.029387 0.058649
1 0.883516 0.820755 0.032950 0.049144
2 0.312542 0.434169 0.028497 0.045973
2 0.765792 0.641833 0.032055 0.052307
3 0.280398 0.565516 0.032069 0.047592
3 0.725721 0.639455 0.030273 0.057064
4 0.723756 0.522148 0.139284 0.304362
5 0.271687 0.501539 0.150490 0.320210
1 0.289399 0.898645 0.032926 0.061820
1 0.650596 0.650784 0.028497 0.064958
1 0.295622 0.953322 0.032950 0.053926
1 0.229284 0.953318 0.032950 0.047576
1 0.125787 0.746305 0.036513 0.049136
