0 0.714112 0.733385 0.093577 0.134723
0 0.268699 0.683138 0.092564 0.114262
0 0.257316 0.832655 0.100646 0.167810
0 0.657851 0.541690 0.078407 0.144270
1 0.093148 0.820508 0.040961 0.050730
1 0.243975 0.171225 0.030278 0.039631
1 0.246176 0.202437 0.029383 0.034874
1 0.185884 0.496426 0.033841 0.058658
1 0.318332 0.396124 0.025825 0.045973
1 0.287620 0.241565 0.024910 0.044388
1 0.291774 0.389652 0.023313 0.041317
1 0.312088 0.518964 0.027625 0.041183
1 0.540059 0.700105 0.030278 0.055512
1 0.691826 0.909639 0.028497 0.057064
1 0.752137 0.201195 0.027601 0.042760
1 0.766440 0.228058 0.022663 0.030059
1 0.718598 0.412777 0.023153 0.047567
1 0.732844 0.392945 0.024934 0.039614
1 0.724764 0.898385 0.029651 0.051468
1 0.715224 0.945755 0.033624 0.053188
1 0.773360 0.939853 0.029387 0.058649
1 0.876444 0.819497 0.032945 0.049144
2 0.312542 0.434169 0.028497 0.045973
2 0.765792 0.641833 0.032055 0.052307
3 0.281381 0.564929 0.032064 0.047592
3 0.725721 0.639455 0.030273 0.057064
4 0.723921 0.522148 0.138954 0.304362
5 0.271475 0.501539 0.150490 0.320210
1 0.240412 0.685822 0.032926 0.061812
1 0.755398 0.849794 0.032041 0.058599
1 0.226447 0.736556 0.032950 0.053935
1 0.229284 0.953318 0.032950 0.047576
1 0.127905 0.744211 0.036508 0.049144
