0 0.465153 0.675696 0.079298 0.141007
0 0.506329 0.905747 0.091687 0.145940
0 0.597095 0.908612 0.087253 0.131485
0 0.704350 0.353213 0.074797 0.099866
1 0.087205 0.824866 0.040961 0.050721
1 0.243975 0.162911 0.030278 0.039631
1 0.251107 0.197689 0.029387 0.034874
1 0.188937 0.493029 0.033841 0.058658
1 0.318332 0.396124 0.025825 0.045973
1 0.287620 0.241565 0.024910 0.044388
1 0.293857 0.389656 0.023313 0.041326
1 0.312088 0.518964 0.027625 0.041183
1 0.514022 0.500231 0.030278 0.053901
1 0.520426 0.656602 0.028497 0.057064
1 0.761183 0.211988 0.027606 0.036460
1 0.767255 0.231619 0.024934 0.033289
1 0.682104 0.420180 0.028497 0.047458
1 0.731836 0.390793 0.024934 0.039622
1 0.728148 0.888578 0.032498 0.059035
1 0.719908 0.945755 0.033624 0.053188
1 0.773360 0.939853 0.029387 0.058649
1 0.880262 0.820961 0.032945 0.049136
2 0.312542 0.434169 0.028497 0.045973
2 0.765792 0.641833 0.032055 0.052307
3 0.279189 0.566233 0.032064 0.047601
3 0.725721 0.639455 0.030273 0.057064
4 0.723676 0.522148 0.139444 0.304362
5 0.271791 0.501539 0.150490 0.320210
1 0.543329 0.880151 0.032926 0.061812
1 0.638751 0.719518 0.032950 0.066552
1 0.543457 0.932139 0.032945 0.053926
1 0.229284 0.953318 0.032950 0.047576
1 0.124757 0.747320 0.036508 0.049136
