1 0.872066 0.145847 0.027602 0.058583
0 0.479469 0.345722 0.099109 0.157722
0 0.434391 0.915347 0.127359 0.169306
0 0.680238 0.157958 0.065070 0.126750
0 0.791352 0.645417 0.104109 0.185111
1 0.351883 0.431910 0.034719 0.060181
1 0.642922 0.541931 0.032078 0.066500
1 0.529234 0.291326 0.032953 0.060153
1 0.543660 0.150118 0.029383 0.050653
1 0.736445 0.127931 0.023156 0.041111
1 0.815117 0.048500 0.023156 0.045917
1 0.936355 0.799174 0.034727 0.066486
1 0.282750 0.183368 0.027609 0.047486
1 0.584621 0.596549 0.032945 0.066486
1 0.495512 0.433576 0.035617 0.066486
2 0.896730 0.622667 0.032055 0.068083
3 0.255594 0.313965 0.028500 0.049069
3 0.789703 0.313076 0.028516 0.045875
4 0.835734 0.435069 0.175422 0.351444
5 0.257375 0.449319 0.174531 0.357778
1 0.478082 0.939271 0.037398 0.064903
1 0.524625 0.983778 0.041719 0.032444
1 0.571191 0.924521 0.046305 0.071236
2 0.514730 0.929833 0.033852 0.068056
