0 0.480045 0.679010 0.079298 0.141007
0 0.537514 0.905747 0.091682 0.145940
0 0.630608 0.911103 0.087257 0.131485
0 0.704350 0.352588 0.074797 0.099874
1 0.086762 0.825189 0.040961 0.050730
1 0.243975 0.162299 0.030278 0.039631
1 0.250349 0.197320 0.029387 0.034874
1 0.189166 0.492773 0.033836 0.058649
1 0.318332 0.396124 0.025825 0.045973
1 0.287620 0.241565 0.024910 0.044388
1 0.294121 0.389656 0.023313 0.041326
1 0.312088 0.518964 0.027625 0.041183
1 0.513999 0.500361 0.030278 0.053893
1 0.522754 0.645831 0.028497 0.057064
1 0.761065 0.211376 0.027606 0.036460
1 0.766840 0.231745 0.024934 0.033289
1 0.682191 0.417206 0.028492 0.046829
1 0.731492 0.390055 0.024934 0.039622
1 0.728054 0.888465 0.032705 0.059597
1 0.720257 0.945755 0.033624 0.053188
1 0.773360 0.939853 0.029387 0.058649
1 0.878749 0.820961 0.032945 0.049136
2 0.312542 0.434169 0.028497 0.045973
2 0.765792 0.641833 0.032055 0.052307
3 0.278911 0.566397 0.032064 0.047592
3 0.725721 0.639455 0.030273 0.057064
4 0.723659 0.522148 0.139477 0.304362
5 0.271814 0.501539 0.150490 0.320210
1 0.580596 0.898809 0.032926 0.061812
1 0.628704 0.751305 0.032950 0.066552
1 0.583487 0.928821 0.032950 0.053935
1 0.229284 0.953318 0.032950 0.047576
1 0.124524 0.747550 0.036513 0.049144
