0 0.631008 0.876145 0.096230 0.167945
0 0.252538 0.678523 0.092182 0.128540
0 0.251140 0.800751 0.080085 0.164304
0 0.605679 0.695373 0.093591 0.145780
1 0.095014 0.819140 0.040961 0.050730
1 0.243975 0.173834 0.030278 0.039631
1 0.245434 0.205407 0.029387 0.034874
1 0.184925 0.497492 0.033836 0.058658
1 0.318332 0.396124 0.025825 0.045973
1 0.287620 0.241565 0.024910 0.044388
1 0.291774 0.389652 0.023313 0.041317
1 0.312088 0.518964 0.027625 0.041183
1 0.540207 0.714245 0.030273 0.055520
1 0.557719 0.948574 0.028492 0.057064
1 0.754508 0.201799 0.027601 0.042760
1 0.718598 0.412777 0.023153 0.047567
1 0.732844 0.392945 0.024934 0.039614
1 0.719842 0.922429 0.029383 0.050747
1 0.710328 0.953683 0.033624 0.053188
1 0.773360 0.939853 0.029387 0.058649
1 0.876852 0.819375 0.032950 0.049136
2 0.312542 0.434169 0.028497 0.045973
2 0.765792 0.641833 0.032055 0.052307
3 0.281381 0.564929 0.032064 0.047592
3 0.725721 0.639455 0.030273 0.057064
4 0.723047 0.522148 0.138921 0.304362
5 0.271376 0.501539 0.150490 0.320210
1 0.224465 0.666430 0.031362 0.060411
1 0.572564 0.859564 0.032639 0.058591
1 0.205627 0.702731 0.024929 0.053935
1 0.229284 0.953318 0.032950 0.047576
1 0.128893 0.743230 0.036513 0.049144
