0 0.472274 0.677282 0.079298 0.141007
0 0.521244 0.905747 0.091687 0.145940
0 0.613122 0.909803 0.087253 0.131485
0 0.704350 0.352915 0.074797 0.099874
1 0.086993 0.825021 0.040961 0.050730
1 0.243975 0.162617 0.030278 0.039631
1 0.250745 0.197513 0.029387 0.034874
1 0.189046 0.492907 0.033841 0.058649
1 0.318332 0.396124 0.025825 0.045973
1 0.287620 0.241565 0.024910 0.044388
1 0.293984 0.389656 0.023313 0.041326
1 0.312088 0.518964 0.027625 0.041183
1 0.514010 0.500294 0.030273 0.053893
1 0.521539 0.651451 0.028497 0.057064
1 0.761126 0.211695 0.027606 0.036460
1 0.767057 0.231678 0.024934 0.033289
1 0.682147 0.418763 0.028497 0.047156
1 0.731671 0.390440 0.024934 0.039622
1 0.728103 0.888523 0.032597 0.059312
1 0.720073 0.945755 0.033624 0.053188
1 0.773360 0.939853 0.029387 0.058649
1 0.879538 0.820961 0.032950 0.049136
2 0.312542 0.434169 0.028497 0.045973
2 0.765792 0.641833 0.032055 0.052307
3 0.279057 0.566313 0.032064 0.047592
3 0.725721 0.639455 0.030273 0.057064
4 0.723669 0.522148 0.139458 0.304362
5 0.271803 0.501539 0.150485 0.320210
1 0.562104 0.890319 0.032926 0.061812
1 0.633445 0.734778 0.032950 0.066552
1 0.562604 0.930554 0.032945 0.053926
1 0.229284 0.953318 0.032950 0.047576
1 0.124647 0.747433 0.036513 0.049144
