0 0.244331 0.739148 0.074807 0.147391
0 0.255403 0.849757 0.073907 0.139497
0 0.335693 0.914941 0.085485 0.106208
0 0.704350 0.347143 0.074797 0.099874
1 0.082917 0.828008 0.040961 0.050730
1 0.243975 0.156913 0.030278 0.039631
1 0.243730 0.194107 0.029383 0.034874
1 0.185690 0.471061 0.033841 0.058649
1 0.318332 0.396124 0.025825 0.045973
1 0.286640 0.243872 0.026871 0.049002
1 0.262356 0.437915 0.027681 0.052022
1 0.245957 0.526032 0.033440 0.052735
1 0.513796 0.501506 0.030278 0.053901
1 0.514991 0.639404 0.028492 0.057064
1 0.760035 0.206057 0.027601 0.036460
1 0.763230 0.232810 0.024934 0.033289
1 0.682957 0.391351 0.028497 0.041376
1 0.728485 0.383628 0.024934 0.039622
1 0.727088 0.903658 0.032950 0.060235
1 0.713565 0.950034 0.032059 0.057064
1 0.773360 0.939853 0.029387 0.058649
1 0.874647 0.828377 0.032950 0.049136
2 0.308900 0.429123 0.028497 0.045965
2 0.765792 0.641833 0.032055 0.052307
3 0.283520 0.574962 0.034731 0.055478
3 0.725721 0.639455 0.030273 0.057064
4 0.723499 0.522148 0.139797 0.304362
5 0.272022 0.501539 0.150490 0.320210
1 0.255869 0.911095 0.034727 0.061820
1 0.300862 0.920549 0.030273 0.052307
1 0.272917 0.948570 0.032950 0.041216
1 0.223348 0.952001 0.028497 0.052844
1 0.122488 0.749564 0.036513 0.049144
