0 0.629965 0.714761 0.093577 0.134723
0 0.257729 0.677043 0.092564 0.114253
0 0.252446 0.792970 0.077512 0.166191
0 0.636246 0.598201 0.086404 0.130025
1 0.092149 0.821242 0.040961 0.050721
1 0.243975 0.169824 0.030278 0.039631
1 0.246572 0.200843 0.029383 0.034874
1 0.186397 0.495852 0.033841 0.058649
1 0.318332 0.396124 0.025825 0.045973
1 0.287620 0.241565 0.024910 0.044388
1 0.291774 0.389652 0.023313 0.041317
1 0.312088 0.518964 0.027625 0.041183
1 0.550624 0.768410 0.030278 0.053901
1 0.693320 0.908041 0.028497 0.057072
1 0.745688 0.196674 0.027606 0.042760
1 0.768659 0.232362 0.027102 0.038666
1 0.718598 0.412777 0.023153 0.047567
1 0.732844 0.392945 0.024934 0.039614
1 0.728640 0.890847 0.030127 0.052735
1 0.716011 0.945755 0.033624 0.053188
1 0.773360 0.939853 0.029387 0.058649
1 0.878214 0.819811 0.032950 0.049136
2 0.312542 0.434169 0.028497 0.045973
2 0.765792 0.641833 0.032055 0.052307
3 0.281381 0.564929 0.032064 0.047592
3 0.725721 0.639455 0.030273 0.057064
4 0.723881 0.522148 0.139034 0.304362
5 0.271527 0.501539 0.150490 0.320210
1 0.235328 0.675134 0.032926 0.061812
1 0.767712 0.834010 0.032041 0.058591
1 0.214788 0.699685 0.032950 0.053935
1 0.229284 0.953318 0.032950 0.047576
1 0.127377 0.744732 0.036508 0.049144
