0 0.612491 0.713377 0.081993 0.134723
0 0.254538 0.675013 0.092564 0.114253
0 0.249998 0.790243 0.077507 0.166191
0 0.633155 0.604622 0.086404 0.130017
1 0.091937 0.821397 0.040961 0.050730
1 0.243975 0.169530 0.030278 0.039631
1 0.246656 0.200508 0.029383 0.034874
1 0.186506 0.495734 0.033841 0.058649
1 0.318332 0.396124 0.025825 0.045973
1 0.287620 0.241565 0.024910 0.044388
1 0.291774 0.389652 0.023313 0.041317
1 0.312088 0.518964 0.027625 0.041183
1 0.547571 0.764237 0.030278 0.053893
1 0.693636 0.907706 0.028497 0.057072
1 0.744180 0.195600 0.027606 0.042760
1 0.771654 0.232248 0.027615 0.039664
1 0.718598 0.412777 0.023153 0.047567
1 0.732844 0.392945 0.024934 0.039614
1 0.729145 0.889815 0.030231 0.053003
1 0.716176 0.945755 0.033624 0.053188
1 0.773360 0.939853 0.029387 0.058649
1 0.878586 0.819878 0.032950 0.049136
2 0.312542 0.434169 0.028497 0.045973
2 0.765792 0.641833 0.032055 0.052307
3 0.281381 0.564929 0.032064 0.047592
3 0.725721 0.639455 0.030273 0.057064
4 0.723871 0.522148 0.139053 0.304362
5 0.271541 0.501539 0.150490 0.320210
1 0.232335 0.675134 0.032926 0.061812
1 0.770318 0.830671 0.032041 0.058591
1 0.212762 0.699685 0.032950 0.053935
1 0.229284 0.953318 0.032950 0.047576
1 0.127264 0.744841 0.036508 0.049144
