1 0.216682 0.675042 0.033214 0.053423
0 0.567309 0.898503 0.089114 0.152156
0 0.258838 0.737945 0.095613 0.174010
0 0.322606 0.901032 0.089397 0.131829
0 0.646920 0.841401 0.098902 0.171074
1 0.097804 0.817097 0.040961 0.050721
1 0.243975 0.177735 0.030278 0.039631
1 0.244326 0.209845 0.029387 0.034874
1 0.183492 0.499086 0.033836 0.058658
1 0.318332 0.396124 0.025825 0.045973
1 0.287620 0.241565 0.024910 0.044388
1 0.291774 0.389652 0.023313 0.041317
1 0.312088 0.518964 0.027625 0.041183
1 0.538400 0.712148 0.030278 0.055520
1 0.265353 0.934497 0.033845 0.057064
1 0.758054 0.202701 0.027606 0.042768
1 0.718598 0.412777 0.023153 0.047567
1 0.732844 0.392945 0.024934 0.039614
1 0.722552 0.916263 0.029383 0.050747
1 0.710328 0.953683 0.033624 0.053188
1 0.773360 0.939853 0.029387 0.058649
1 0.878897 0.819375 0.032950 0.049136
2 0.312542 0.434169 0.028497 0.045973
2 0.765792 0.641833 0.032055 0.052307
3 0.281381 0.564929 0.032064 0.047592
3 0.725721 0.639455 0.030273 0.057064
4 0.723047 0.522148 0.138921 0.304362
5 0.271225 0.501539 0.150490 0.320210
1 0.231105 0.636065 0.024943 0.045990
1 0.500090 0.947114 0.033836 0.058591
1 0.229284 0.953318 0.032950 0.047576
1 0.130370 0.741770 0.036508 0.049144
