0 0.242726 0.736296 0.074802 0.147391
0 0.258372 0.847647 0.073907 0.139505
0 0.333021 0.914606 0.085485 0.106208
0 0.704350 0.347064 0.074797 0.099866
1 0.082858 0.828054 0.040966 0.050721
1 0.243975 0.156837 0.030278 0.039631
1 0.243629 0.194056 0.029387 0.034874
1 0.185448 0.470050 0.033836 0.058658
1 0.318332 0.396124 0.025825 0.045973
1 0.286456 0.244304 0.027238 0.049866
1 0.259621 0.446346 0.028534 0.053750
1 0.244074 0.528846 0.034529 0.054908
1 0.513791 0.501523 0.030278 0.053901
1 0.514835 0.639430 0.028492 0.057064
1 0.760019 0.205973 0.027606 0.036460
1 0.763174 0.232827 0.024934 0.033289
1 0.682967 0.390961 0.028497 0.041300
1 0.728438 0.383532 0.024934 0.039614
1 0.727071 0.903922 0.032945 0.060243
1 0.713410 0.950096 0.032059 0.057072
1 0.773360 0.939853 0.029387 0.058649
1 0.874760 0.828633 0.032950 0.049144
2 0.308049 0.428473 0.028492 0.045973
2 0.765792 0.641833 0.032055 0.052307
3 0.284008 0.576695 0.034727 0.055487
3 0.725721 0.639455 0.030273 0.057064
4 0.723497 0.522148 0.139802 0.304362
5 0.272022 0.501539 0.150490 0.320210
1 0.256633 0.907697 0.034727 0.061820
1 0.299604 0.921951 0.030273 0.052307
1 0.278259 0.948570 0.032945 0.041216
1 0.222752 0.951871 0.028049 0.053372
1 0.122458 0.749597 0.036508 0.049144
