0 0.503584 0.671896 0.079298 0.141007
0 0.324918 0.904161 0.091682 0.145940
0 0.420535 0.905067 0.087253 0.131477
0 0.693933 0.322374 0.075707 0.097265
1 0.088473 0.823935 0.040961 0.050721
1 0.243975 0.164690 0.030278 0.039631
1 0.253292 0.198746 0.029383 0.034874
1 0.188285 0.493754 0.033836 0.058649
1 0.318332 0.396124 0.025825 0.045973
1 0.287620 0.241565 0.024910 0.044388
1 0.293108 0.389652 0.023313 0.041317
1 0.312088 0.518964 0.027625 0.041183
1 0.514281 0.499585 0.030278 0.053901
1 0.563716 0.671103 0.028497 0.057072
1 0.759920 0.211057 0.027606 0.036460
1 0.768447 0.231267 0.024934 0.033289
1 0.720997 0.418079 0.023238 0.047567
1 0.732830 0.392915 0.024934 0.039622
1 0.728414 0.888909 0.031890 0.057416
1 0.718909 0.945755 0.033624 0.053188
1 0.773360 0.939853 0.029387 0.058649
1 0.884604 0.820961 0.032950 0.049136
2 0.312542 0.434169 0.028497 0.045973
2 0.765792 0.641833 0.032055 0.052307
3 0.279979 0.565763 0.032069 0.047601
3 0.725721 0.639455 0.030273 0.057064
4 0.723730 0.522148 0.139336 0.304362
5 0.271725 0.501539 0.150490 0.320210
1 0.365082 0.878742 0.032926 0.061812
1 0.631598 0.676875 0.032950 0.066552
1 0.363377 0.936191 0.032945 0.053926
1 0.229284 0.953318 0.032950 0.047576
1 0.125431 0.746657 0.036508 0.049136
