0 0.489489 0.670965 0.079298 0.141007
0 0.333940 0.904161 0.091687 0.145940
0 0.428339 0.905994 0.087253 0.131485
0 0.690801 0.308444 0.075702 0.106552
1 0.088148 0.824174 0.040961 0.050730
1 0.243975 0.164232 0.030278 0.039622
1 0.252729 0.198469 0.029387 0.034874
1 0.188454 0.493565 0.033836 0.058658
1 0.318332 0.396124 0.025825 0.045973
1 0.287620 0.241565 0.024910 0.044388
1 0.293301 0.389656 0.023313 0.041326
1 0.312088 0.518964 0.027625 0.041183
1 0.514072 0.499950 0.030273 0.053893
1 0.534484 0.670176 0.028497 0.057064
1 0.760264 0.211326 0.027606 0.036460
1 0.768141 0.231359 0.024934 0.033289
1 0.728763 0.428935 0.024680 0.047567
1 0.732575 0.392370 0.024934 0.039622
1 0.728346 0.888826 0.032045 0.057836
1 0.719164 0.945755 0.033624 0.053188
1 0.773360 0.939853 0.029387 0.058649
1 0.883485 0.820961 0.032945 0.049136
2 0.312542 0.434169 0.028497 0.045973
2 0.765792 0.641833 0.032055 0.052307
3 0.279774 0.565885 0.032064 0.047592
3 0.725721 0.639455 0.030273 0.057064
4 0.723716 0.522148 0.139364 0.304362
5 0.271739 0.501539 0.150490 0.320210
1 0.375497 0.888054 0.032926 0.061812
1 0.643949 0.669107 0.032950 0.066552
1 0.375016 0.940537 0.032945 0.053926
1 0.229284 0.953318 0.032950 0.047576
1 0.125257 0.746829 0.036508 0.049144
