0 0.240858 0.733758 0.074807 0.147399
0 0.260351 0.846237 0.073907 0.139505
0 0.334802 0.914488 0.085485 0.106208
0 0.704350 0.347009 0.074797 0.099874
1 0.082818 0.828083 0.040961 0.050730
1 0.243975 0.156779 0.030278 0.039631
1 0.243563 0.194023 0.029387 0.034874
1 0.185285 0.469379 0.033841 0.058658
1 0.318332 0.396124 0.025825 0.045973
1 0.286334 0.244589 0.027484 0.050436
1 0.257799 0.451967 0.029105 0.054908
1 0.242820 0.530721 0.035254 0.056342
1 0.513791 0.501535 0.030278 0.053893
1 0.514731 0.639446 0.028492 0.057064
1 0.760009 0.205923 0.027606 0.036460
1 0.763141 0.232840 0.024934 0.033297
1 0.682976 0.390705 0.028497 0.041242
1 0.728410 0.383469 0.024934 0.039622
1 0.727062 0.904098 0.032945 0.060243
1 0.713306 0.950134 0.032059 0.057064
1 0.773360 0.939853 0.029387 0.058649
1 0.874837 0.828800 0.032945 0.049144
2 0.307484 0.428045 0.028492 0.045973
2 0.765792 0.641833 0.032055 0.052307
3 0.284331 0.577848 0.034731 0.055478
3 0.725721 0.639455 0.030273 0.057064
4 0.723497 0.522148 0.139802 0.304362
5 0.272026 0.501539 0.150490 0.320210
1 0.254215 0.901808 0.034727 0.061820
1 0.302747 0.922416 0.030273 0.052315
1 0.282712 0.948570 0.032945 0.041216
1 0.222359 0.951787 0.027752 0.053725
1 0.122436 0.749614 0.036513 0.049144
