0 0.457491 0.683289 0.079298 0.141007
0 0.586020 0.899799 0.091682 0.145940
0 0.678247 0.907546 0.087257 0.131485
0 0.704350 0.351279 0.074797 0.099874
1 0.085839 0.825868 0.040961 0.050730
1 0.243975 0.161007 0.030278 0.039631
1 0.248758 0.196548 0.029383 0.034874
1 0.189639 0.492248 0.033841 0.058658
1 0.318332 0.396124 0.025825 0.045973
1 0.287620 0.241565 0.024910 0.044388
1 0.294665 0.389656 0.023318 0.041326
1 0.312088 0.518964 0.027625 0.041183
1 0.513949 0.500638 0.030273 0.053893
1 0.522868 0.638129 0.028497 0.057064
1 0.760818 0.210101 0.027601 0.036460
1 0.765973 0.231997 0.024934 0.033289
1 0.682375 0.411003 0.028492 0.045529
1 0.730770 0.388511 0.024934 0.039622
1 0.727839 0.890268 0.032945 0.060235
1 0.720985 0.945755 0.033629 0.053188
1 0.773360 0.939853 0.029387 0.058649
1 0.875591 0.820961 0.032945 0.049136
2 0.312542 0.434169 0.028497 0.045973
2 0.765792 0.641833 0.032055 0.052307
3 0.281720 0.566514 0.032064 0.047592
3 0.725721 0.639455 0.030273 0.057064
4 0.723622 0.522148 0.139552 0.304362
5 0.271864 0.501539 0.150485 0.320210
1 0.608966 0.903498 0.032926 0.061812
1 0.629717 0.848712 0.032950 0.066552
1 0.633984 0.924086 0.032945 0.055319
1 0.229284 0.953318 0.032950 0.047576
1 0.124036 0.748037 0.036508 0.049144
