1 0.872277 0.145757 0.027602 0.058569
0 0.451562 0.412833 0.100703 0.166250
0 0.417770 0.914819 0.127367 0.170361
0 0.692844 0.228521 0.073062 0.134625
0 0.809020 0.636833 0.111320 0.185111
1 0.351988 0.431910 0.034727 0.060181
1 0.666074 0.531639 0.032070 0.066500
1 0.529078 0.291604 0.032953 0.060153
1 0.543660 0.150118 0.029383 0.050653
1 0.736445 0.127931 0.023156 0.041111
1 0.815207 0.048174 0.023148 0.045903
1 0.936355 0.799174 0.034727 0.066486
1 0.282750 0.183368 0.027609 0.047486
1 0.584621 0.596549 0.032945 0.066486
1 0.527184 0.428743 0.035617 0.066486
2 0.896730 0.622667 0.032055 0.068083
3 0.255594 0.313965 0.028500 0.049069
3 0.789336 0.312611 0.028516 0.045861
4 0.835734 0.435069 0.175422 0.351444
5 0.257375 0.449319 0.174531 0.357778
1 0.457730 0.947868 0.037398 0.064903
1 0.521020 0.987778 0.040070 0.024444
1 0.572402 0.930549 0.046305 0.071236
2 0.505574 0.940236 0.033852 0.068056
