0 0.682500 0.703662 0.093577 0.134723
0 0.273384 0.685415 0.092564 0.114253
0 0.279168 0.875579 0.100646 0.167819
0 0.651824 0.557785 0.078407 0.144279
1 0.092936 0.820663 0.040961 0.050721
1 0.243975 0.170931 0.030278 0.039631
1 0.246258 0.202102 0.029387 0.034874
1 0.185992 0.496305 0.033841 0.058649
1 0.318332 0.396124 0.025825 0.045973
1 0.287620 0.241565 0.024910 0.044388
1 0.291774 0.389652 0.023313 0.041317
1 0.312088 0.518964 0.027625 0.041183
1 0.540059 0.720705 0.030278 0.054715
1 0.692142 0.909299 0.028497 0.057072
1 0.751305 0.200671 0.027606 0.042768
1 0.766909 0.228968 0.023600 0.031879
1 0.718598 0.412777 0.023153 0.047567
1 0.732844 0.392945 0.024934 0.039614
1 0.725584 0.896791 0.029755 0.051737
1 0.715389 0.945755 0.033624 0.053188
1 0.773360 0.939853 0.029387 0.058649
1 0.876819 0.819564 0.032950 0.049144
2 0.312542 0.434169 0.028497 0.045973
2 0.765792 0.641833 0.032055 0.052307
3 0.281381 0.564929 0.032064 0.047592
3 0.725721 0.639455 0.030273 0.057064
4 0.723914 0.522148 0.138968 0.304362
5 0.271484 0.501539 0.150490 0.320210
1 0.243103 0.688213 0.032926 0.061812
1 0.758004 0.846456 0.032041 0.058599
1 0.228984 0.737202 0.032945 0.053935
1 0.229284 0.953318 0.032950 0.047576
1 0.127792 0.744320 0.036508 0.049144
