0 0.642547 0.894937 0.089119 0.141770
0 0.260148 0.683201 0.091871 0.140076
0 0.306581 0.867236 0.098940 0.178834
0 0.671722 0.776703 0.098902 0.171074
1 0.095900 0.818494 0.040961 0.050730
1 0.243975 0.175076 0.030278 0.039631
1 0.245082 0.206816 0.029383 0.034874
1 0.184472 0.497995 0.033836 0.058658
1 0.318332 0.396124 0.025825 0.045973
1 0.287620 0.241565 0.024910 0.044388
1 0.291774 0.389652 0.023313 0.041317
1 0.312088 0.518964 0.027625 0.041183
1 0.537104 0.721258 0.030278 0.055520
1 0.443285 0.938918 0.033845 0.057064
1 0.755631 0.202085 0.027606 0.042760
1 0.718598 0.412777 0.023153 0.047567
1 0.732844 0.392945 0.024934 0.039614
1 0.720705 0.920474 0.029383 0.050747
1 0.710328 0.953683 0.033624 0.053188
1 0.773360 0.939853 0.029387 0.058649
1 0.877500 0.819375 0.032945 0.049136
2 0.312542 0.434169 0.028497 0.045973
2 0.765792 0.641833 0.032055 0.052307
3 0.281381 0.564929 0.032064 0.047592
3 0.725721 0.639455 0.030273 0.057064
4 0.723047 0.522148 0.138921 0.304362
5 0.271329 0.501539 0.150490 0.320210
1 0.223009 0.662693 0.030306 0.059463
1 0.500028 0.936711 0.033836 0.058591
1 0.207606 0.700759 0.024929 0.053935
1 0.229284 0.953318 0.032950 0.047576
1 0.129361 0.742768 0.036508 0.049144
