1 0.209458 0.720881 0.027606 0.049144
0 0.568164 0.899136 0.095754 0.149983
0 0.259479 0.754098 0.092267 0.188482
0 0.301041 0.871288 0.080669 0.161535
0 0.648120 0.844971 0.098907 0.171065
1 0.097938 0.816997 0.040966 0.050721
1 0.243975 0.180050 0.030278 0.039631
1 0.243669 0.212479 0.029383 0.034874
1 0.185075 0.494459 0.033836 0.058649
1 0.318332 0.396124 0.025825 0.045973
1 0.287620 0.241565 0.024910 0.044388
1 0.291774 0.389652 0.023313 0.041317
1 0.312088 0.518964 0.027625 0.041183
1 0.538322 0.716577 0.030273 0.055520
1 0.274781 0.944782 0.033850 0.057064
1 0.755323 0.198872 0.027601 0.042760
1 0.718598 0.412777 0.023153 0.047567
1 0.732844 0.392945 0.024934 0.039614
1 0.724159 0.912609 0.029383 0.050755
1 0.710328 0.953683 0.033624 0.053188
1 0.773360 0.939853 0.029387 0.058649
1 0.880108 0.819375 0.032950 0.049136
2 0.312542 0.434169 0.028497 0.045973
2 0.765792 0.641833 0.032055 0.052307
3 0.281381 0.564929 0.032064 0.047592
3 0.725721 0.639455 0.030273 0.057064
4 0.723047 0.522148 0.138921 0.304362
5 0.271140 0.501539 0.150490 0.320210
1 0.241124 0.644954 0.024943 0.045982
1 0.500542 0.944320 0.033836 0.058591
1 0.229284 0.953318 0.032950 0.047576
1 0.130441 0.741703 0.036508 0.049144
