0 0.702877 0.805373 0.086442 0.148951
0 0.246746 0.674966 0.092418 0.119765
0 0.277839 0.790906 0.091937 0.143742
0 0.620813 0.590784 0.078139 0.136988
1 0.094340 0.819635 0.040961 0.050730
1 0.243975 0.172894 0.030278 0.039631
1 0.245702 0.204333 0.029387 0.034874
1 0.185271 0.497106 0.033841 0.058658
1 0.318332 0.396124 0.025825 0.045973
1 0.287620 0.241565 0.024910 0.044388
1 0.291774 0.389652 0.023313 0.041317
1 0.312088 0.518964 0.027625 0.041183
1 0.540441 0.699824 0.030278 0.055520
1 0.682385 0.929723 0.028492 0.057064
1 0.753652 0.201581 0.027606 0.042760
1 0.764006 0.223335 0.017795 0.020612
1 0.718598 0.412777 0.023153 0.047567
1 0.732844 0.392945 0.024934 0.039614
1 0.721812 0.909983 0.029383 0.050755
1 0.710328 0.953683 0.033624 0.053188
1 0.773360 0.939853 0.029387 0.058649
1 0.876357 0.819375 0.032950 0.049136
2 0.312542 0.434169 0.028497 0.045973
2 0.765792 0.641833 0.032055 0.052307
3 0.281381 0.564929 0.032064 0.047592
3 0.725721 0.639455 0.030273 0.057064
4 0.722585 0.522148 0.138921 0.304362
5 0.271409 0.501539 0.150490 0.320210
1 0.225575 0.669279 0.032168 0.061141
1 0.616991 0.828037 0.032041 0.058591
1 0.204121 0.704228 0.024934 0.053926
1 0.229284 0.953318 0.032950 0.047576
1 0.128537 0.743582 0.036508 0.049144
