1 0.872957 0.145451 0.027602 0.058569
0 0.392145 0.433875 0.094789 0.121944
0 0.303656 0.844306 0.144297 0.223111
0 0.714590 0.345840 0.091930 0.165597
0 0.603441 0.666944 0.119383 0.178833
1 0.366254 0.423292 0.034727 0.060167
1 0.668262 0.554937 0.033836 0.066486
1 0.528574 0.292493 0.032945 0.060153
1 0.543660 0.150118 0.029383 0.050653
1 0.736445 0.127938 0.023156 0.041125
1 0.815504 0.047118 0.023148 0.045903
1 0.936355 0.799174 0.034727 0.066486
1 0.282750 0.183368 0.027609 0.047486
1 0.584621 0.596549 0.032945 0.066486
1 0.477793 0.380507 0.035617 0.066486
2 0.896730 0.622667 0.032055 0.068083
3 0.255594 0.313965 0.028500 0.049069
3 0.788172 0.311132 0.028516 0.045875
4 0.835734 0.435069 0.175422 0.351444
5 0.257375 0.449319 0.174531 0.357778
1 0.340227 0.851632 0.037406 0.064903
1 0.420773 0.936889 0.040078 0.066500
1 0.571488 0.931410 0.046305 0.071236
2 0.407422 0.875174 0.043625 0.082347
