0 0.611972 0.750587 0.075368 0.161628
0 0.248461 0.705206 0.096103 0.141166
0 0.270695 0.832827 0.083737 0.171007
0 0.548094 0.564132 0.072163 0.137911
1 0.091150 0.821976 0.040961 0.050730
1 0.243975 0.168431 0.030278 0.039631
1 0.246970 0.199249 0.029387 0.034874
1 0.186911 0.495281 0.033841 0.058649
1 0.318332 0.396124 0.025825 0.045973
1 0.287620 0.241565 0.024910 0.044388
1 0.291774 0.389652 0.023313 0.041317
1 0.312088 0.518964 0.027625 0.041183
1 0.526256 0.663234 0.030278 0.053901
1 0.694814 0.906447 0.028497 0.057072
1 0.758612 0.192496 0.027601 0.048733
1 0.779149 0.227576 0.024934 0.039664
1 0.719168 0.412232 0.023153 0.047567
1 0.732844 0.392945 0.024934 0.039614
1 0.728980 0.889606 0.030608 0.054010
1 0.716798 0.945755 0.033624 0.053188
1 0.773360 0.939853 0.029387 0.058649
1 0.879981 0.820126 0.032950 0.049144
2 0.312542 0.434169 0.028497 0.045973
2 0.765792 0.641833 0.032055 0.052307
3 0.281381 0.564929 0.032064 0.047592
3 0.725721 0.639455 0.030273 0.057064
4 0.723838 0.522148 0.139119 0.304362
5 0.271581 0.501539 0.150485 0.320210
1 0.224583 0.716799 0.032926 0.061820
1 0.772924 0.822760 0.032041 0.058591
1 0.207062 0.730713 0.032945 0.053926
1 0.229284 0.953318 0.032950 0.047576
1 0.126845 0.745256 0.036508 0.049136
