0 0.480695 0.679161 0.079298 0.141007
0 0.538871 0.905747 0.091682 0.145940
0 0.632066 0.911208 0.087253 0.131477
0 0.704350 0.352559 0.074797 0.099866
1 0.086744 0.825206 0.040961 0.050730
1 0.243975 0.162265 0.030278 0.039631
1 0.250316 0.197303 0.029387 0.034874
1 0.189175 0.492764 0.033836 0.058649
1 0.318332 0.396124 0.025825 0.045973
1 0.287620 0.241565 0.024910 0.044388
1 0.294131 0.389656 0.023313 0.041326
1 0.312088 0.518964 0.027625 0.041183
1 0.513999 0.500369 0.030278 0.053893
1 0.522856 0.645361 0.028492 0.057064
1 0.761060 0.211351 0.027606 0.036460
1 0.766821 0.231745 0.024934 0.033289
1 0.682194 0.417076 0.028497 0.046804
1 0.731477 0.390021 0.024934 0.039622
1 0.728049 0.888461 0.032714 0.059622
1 0.720271 0.945755 0.033624 0.053188
1 0.773360 0.939853 0.029387 0.058649
1 0.878683 0.820961 0.032945 0.049136
2 0.312542 0.434169 0.028497 0.045973
2 0.765792 0.641833 0.032055 0.052307
3 0.278902 0.566405 0.032064 0.047592
3 0.725721 0.639455 0.030273 0.057064
4 0.723657 0.522148 0.139482 0.304362
5 0.271814 0.501539 0.150490 0.320210
1 0.581642 0.898859 0.032926 0.061812
1 0.628567 0.752651 0.032950 0.066560
1 0.585229 0.928679 0.032945 0.053935
1 0.229284 0.953318 0.032950 0.047576
1 0.124515 0.747563 0.036513 0.049136
