0 0.636722 0.691485 0.083388 0.147466
0 0.253438 0.685986 0.096838 0.131250
0 0.307571 0.900348 0.087253 0.131485
0 0.609333 0.347651 0.066706 0.106242
1 0.089915 0.822878 0.040961 0.050721
1 0.243975 0.166703 0.030278 0.039631
1 0.260337 0.197689 0.029383 0.034874
1 0.187545 0.494576 0.033836 0.058649
1 0.318332 0.396124 0.025825 0.045973
1 0.287620 0.241565 0.024910 0.044388
1 0.292255 0.389652 0.023313 0.041317
1 0.312088 0.518964 0.027625 0.041183
1 0.515311 0.497823 0.030273 0.053901
1 0.700839 0.874442 0.028492 0.057072
1 0.758400 0.209849 0.027601 0.036460
1 0.769941 0.237596 0.024934 0.044572
1 0.721772 0.409757 0.023148 0.047567
1 0.732844 0.392945 0.024934 0.039614
1 0.728718 0.889287 0.031197 0.055587
1 0.717769 0.945755 0.033624 0.053188
1 0.773360 0.939853 0.029387 0.058649
1 0.882156 0.820512 0.032945 0.049144
2 0.312542 0.434169 0.028497 0.045973
2 0.765792 0.641833 0.032055 0.052307
3 0.280877 0.565231 0.032064 0.047592
3 0.725721 0.639455 0.030273 0.057064
4 0.723789 0.522148 0.139218 0.304362
5 0.271645 0.501539 0.150490 0.320210
1 0.229083 0.696208 0.032926 0.061812
1 0.764385 0.737999 0.031626 0.059337
1 0.224934 0.794148 0.032950 0.053935
1 0.229284 0.953318 0.032950 0.047576
1 0.126195 0.745898 0.036508 0.049144
