0 0.628259 0.715025 0.091645 0.134715
0 0.257439 0.676858 0.092568 0.114253
0 0.252224 0.792722 0.077512 0.166183
0 0.635964 0.598784 0.086404 0.130017
1 0.092130 0.821254 0.040961 0.050730
1 0.243975 0.169799 0.030278 0.039631
1 0.246579 0.200810 0.029387 0.034874
1 0.186409 0.495843 0.033836 0.058649
1 0.318332 0.396124 0.025825 0.045973
1 0.287620 0.241565 0.024910 0.044388
1 0.291774 0.389652 0.023313 0.041317
1 0.312088 0.518964 0.027625 0.041183
1 0.550346 0.768033 0.030278 0.053901
1 0.693348 0.908012 0.028497 0.057064
1 0.745551 0.196573 0.027606 0.042760
1 0.768702 0.232445 0.027187 0.038834
1 0.718598 0.412777 0.023153 0.047567
1 0.732844 0.392945 0.024934 0.039614
1 0.728713 0.890705 0.030141 0.052768
1 0.716025 0.945755 0.033624 0.053188
1 0.773360 0.939853 0.029387 0.058649
1 0.878247 0.819815 0.032950 0.049144
2 0.312542 0.434169 0.028497 0.045973
2 0.765792 0.641833 0.032055 0.052307
3 0.281381 0.564929 0.032064 0.047592
3 0.725721 0.639455 0.030273 0.057064
4 0.723878 0.522148 0.139039 0.304362
5 0.271527 0.501539 0.150490 0.320210
1 0.235054 0.675134 0.032926 0.061812
1 0.767950 0.833708 0.032045 0.058591
1 0.214604 0.699685 0.032950 0.053935
1 0.229284 0.953318 0.032950 0.047576
1 0.127366 0.744740 0.036513 0.049144
