1 0.872324 0.145729 0.027602 0.058569
0 0.450418 0.415208 0.100695 0.166250
0 0.414207 0.914708 0.127367 0.170583
0 0.694184 0.255833 0.074398 0.148861
0 0.809020 0.632083 0.111320 0.185111
1 0.352012 0.431910 0.034727 0.060181
1 0.674758 0.536389 0.032078 0.066500
1 0.529043 0.291667 0.032945 0.060167
1 0.543660 0.150118 0.029383 0.050653
1 0.736445 0.127931 0.023156 0.041111
1 0.815227 0.048104 0.023156 0.045903
1 0.936355 0.799174 0.034727 0.066486
1 0.282750 0.183368 0.027609 0.047486
1 0.584621 0.596549 0.032945 0.066486
1 0.527855 0.421618 0.035617 0.066486
2 0.896730 0.622667 0.032055 0.068083
3 0.255594 0.313965 0.028500 0.049069
3 0.789258 0.312514 0.028516 0.045861
4 0.835734 0.435069 0.175422 0.351444
5 0.257375 0.449319 0.174531 0.357778
1 0.452387 0.946507 0.037398 0.064903
1 0.527121 0.987097 0.040070 0.025806
1 0.572340 0.930604 0.046305 0.071236
2 0.499848 0.936840 0.033852 0.068042
