0 0.500266 0.671678 0.079298 0.141007
0 0.326223 0.904161 0.091682 0.145940
0 0.421496 0.905285 0.087253 0.131477
0 0.693195 0.319098 0.075702 0.099455
1 0.088398 0.823989 0.040961 0.050730
1 0.243975 0.164581 0.030278 0.039631
1 0.253160 0.198679 0.029383 0.034874
1 0.188325 0.493708 0.033841 0.058658
1 0.318332 0.396124 0.025825 0.045973
1 0.287620 0.241565 0.024910 0.044388
1 0.293150 0.389656 0.023313 0.041326
1 0.312088 0.518964 0.027625 0.041183
1 0.514225 0.499681 0.030278 0.053893
1 0.556838 0.670885 0.028492 0.057072
1 0.760000 0.211124 0.027606 0.036460
1 0.768374 0.231284 0.024929 0.033289
1 0.723461 0.420260 0.023577 0.047567
1 0.732769 0.392785 0.024934 0.039614
1 0.728398 0.888893 0.031923 0.057517
1 0.718966 0.945755 0.033624 0.053188
1 0.773360 0.939853 0.029387 0.058649
1 0.884343 0.820961 0.032945 0.049136
2 0.312542 0.434169 0.028497 0.045973
2 0.765792 0.641833 0.032055 0.052307
3 0.279929 0.565793 0.032064 0.047592
3 0.725721 0.639455 0.030273 0.057064
4 0.723725 0.522148 0.139345 0.304362
5 0.271730 0.501539 0.150490 0.320210
1 0.366831 0.881552 0.032926 0.061812
1 0.634444 0.674316 0.032950 0.066552
1 0.365474 0.937420 0.032945 0.053935
1 0.229284 0.953318 0.032950 0.047576
1 0.125389 0.746695 0.036508 0.049144
