0 0.488659 0.670914 0.079298 0.141007
0 0.336004 0.904161 0.091687 0.145940
0 0.430441 0.906053 0.087253 0.131485
0 0.690617 0.307626 0.075702 0.107097
1 0.088129 0.824190 0.040961 0.050730
1 0.243975 0.164203 0.030278 0.039631
1 0.252696 0.198456 0.029387 0.034883
1 0.188464 0.493557 0.033836 0.058658
1 0.318332 0.396124 0.025825 0.045973
1 0.287620 0.241565 0.024910 0.044388
1 0.293311 0.389656 0.023313 0.041326
1 0.312088 0.518964 0.027625 0.041183
1 0.514072 0.499958 0.030273 0.053893
1 0.532764 0.670122 0.028497 0.057072
1 0.760285 0.211342 0.027601 0.036460
1 0.768122 0.231359 0.024934 0.033289
1 0.728021 0.430268 0.024760 0.047567
1 0.732561 0.392336 0.024934 0.039622
1 0.728341 0.888821 0.032055 0.057861
1 0.719180 0.945755 0.033629 0.053188
1 0.773360 0.939853 0.029387 0.058649
1 0.883421 0.820961 0.032950 0.049136
2 0.312542 0.434169 0.028497 0.045973
2 0.765792 0.641833 0.032055 0.052307
3 0.279764 0.565893 0.032064 0.047592
3 0.725721 0.639455 0.030273 0.057064
4 0.723716 0.522148 0.139364 0.304362
5 0.271744 0.501539 0.150490 0.320210
1 0.377425 0.887433 0.032926 0.061812
1 0.644783 0.670013 0.032950 0.066552
1 0.376906 0.940398 0.032945 0.053935
1 0.229284 0.953318 0.032950 0.047576
1 0.125247 0.746837 0.036508 0.049144
