0 0.354879 0.179146 0.072133 0.099736
0 0.329602 0.863076 0.113984 0.215292
0 0.679902 0.156715 0.064117 0.123486
0 0.792012 0.811528 0.087273 0.193139
1 0.530543 0.427951 0.034727 0.071236
1 0.576305 0.426285 0.033844 0.066486
1 0.526941 0.295410 0.032945 0.060153
1 0.543660 0.150118 0.029383 0.050653
1 0.736445 0.127951 0.023156 0.041153
1 0.816469 0.043687 0.023156 0.045903
1 0.936355 0.799174 0.034727 0.066486
1 0.282750 0.183368 0.027609 0.047486
1 0.584621 0.596549 0.032945 0.066486
1 0.674785 0.429389 0.035617 0.066500
2 0.840109 0.795312 0.032062 0.068069
3 0.317984 0.205896 0.028500 0.049069
3 0.703383 0.126882 0.027609 0.045903
4 0.835734 0.435069 0.175422 0.351444
5 0.255645 0.450347 0.174539 0.357778
1 0.428340 0.439264 0.037398 0.064917
1 0.215629 0.953521 0.040070 0.052236
1 0.568496 0.934201 0.046305 0.071236
2 0.399184 0.895701 0.048977 0.088653
