0 0.462288 0.687559 0.079298 0.141007
0 0.586279 0.898414 0.091682 0.145940
0 0.675504 0.909769 0.087257 0.131485
0 0.704350 0.351472 0.074797 0.099874
1 0.085975 0.825768 0.040961 0.050730
1 0.243975 0.161191 0.030278 0.039631
1 0.248992 0.196657 0.029387 0.034874
1 0.189569 0.492324 0.033841 0.058658
1 0.318332 0.396124 0.025825 0.045973
1 0.287620 0.241565 0.024910 0.044388
1 0.294588 0.389656 0.023313 0.041326
1 0.312088 0.518964 0.027625 0.041183
1 0.513956 0.500596 0.030278 0.053893
1 0.523230 0.638070 0.028497 0.057064
1 0.760853 0.210285 0.027606 0.036460
1 0.766100 0.231963 0.024934 0.033289
1 0.682349 0.411909 0.028497 0.045713
1 0.730874 0.388737 0.024934 0.039622
1 0.727872 0.889652 0.032945 0.060243
1 0.720879 0.945755 0.033624 0.053188
1 0.773360 0.939853 0.029387 0.058649
1 0.876051 0.820961 0.032950 0.049136
2 0.312542 0.434169 0.028497 0.045973
2 0.765792 0.641833 0.032055 0.052307
3 0.281041 0.566514 0.032064 0.047592
3 0.725721 0.639455 0.030273 0.057064
4 0.723626 0.522148 0.139543 0.304362
5 0.271857 0.501539 0.150490 0.320210
1 0.608579 0.902458 0.032926 0.061812
1 0.631159 0.826523 0.032950 0.066552
1 0.628749 0.924308 0.032945 0.054874
1 0.229284 0.953318 0.032950 0.047576
1 0.124107 0.747966 0.036508 0.049136
