1 0.872687 0.145569 0.027609 0.058583
0 0.417664 0.434222 0.092625 0.121944
0 0.304105 0.854187 0.141602 0.209681
0 0.716215 0.340812 0.088211 0.153625
0 0.703473 0.652694 0.119383 0.178833
1 0.352191 0.431910 0.034727 0.060181
1 0.691910 0.515813 0.032961 0.066486
1 0.528777 0.292146 0.032945 0.060153
1 0.543660 0.150118 0.029383 0.050653
1 0.736445 0.127938 0.023156 0.041125
1 0.815387 0.047542 0.023148 0.045917
1 0.936355 0.799174 0.034727 0.066486
1 0.282750 0.183368 0.027609 0.047486
1 0.584621 0.596549 0.032945 0.066486
1 0.478152 0.381146 0.035617 0.066486
2 0.896730 0.622667 0.032055 0.068083
3 0.255594 0.313965 0.028500 0.049069
3 0.788641 0.311729 0.028516 0.045875
4 0.835734 0.435069 0.175422 0.351444
5 0.257375 0.449319 0.174531 0.357778
1 0.335129 0.867174 0.037398 0.064903
1 0.527184 0.942826 0.040070 0.066514
1 0.571855 0.931063 0.046305 0.071236
2 0.426566 0.913181 0.040945 0.079194
