0 0.509022 0.672139 0.079298 0.141007
0 0.322915 0.902852 0.091682 0.145940
0 0.417674 0.905013 0.087253 0.131485
0 0.693820 0.322592 0.075707 0.096728
1 0.088534 0.823893 0.040961 0.050721
1 0.243975 0.164773 0.030278 0.039631
1 0.253850 0.198700 0.029387 0.034883
1 0.188256 0.493788 0.033836 0.058649
1 0.318332 0.396124 0.025825 0.045973
1 0.287620 0.241565 0.024910 0.044388
1 0.293070 0.389652 0.023313 0.041317
1 0.312088 0.518964 0.027625 0.041183
1 0.514321 0.499518 0.030273 0.053901
1 0.567321 0.672278 0.028497 0.057072
1 0.759859 0.211007 0.027606 0.036460
1 0.768504 0.231430 0.024934 0.033599
1 0.719910 0.416275 0.023148 0.047567
1 0.732844 0.392945 0.024934 0.039614
1 0.728428 0.888926 0.031861 0.057349
1 0.718862 0.945755 0.033624 0.053188
1 0.773360 0.939853 0.029387 0.058649
1 0.884602 0.820948 0.032945 0.049144
2 0.312542 0.434169 0.028497 0.045973
2 0.765792 0.641833 0.032055 0.052307
3 0.280014 0.565742 0.032064 0.047592
3 0.725721 0.639455 0.030273 0.057064
4 0.723732 0.522148 0.139331 0.304362
5 0.271720 0.501539 0.150490 0.320210
1 0.362547 0.878968 0.032926 0.061812
1 0.628996 0.677513 0.032950 0.066552
1 0.360549 0.936816 0.032945 0.053935
1 0.229284 0.953318 0.032950 0.047576
1 0.125462 0.746628 0.036513 0.049144
