0 0.652672 0.678695 0.076635 0.138633
0 0.271616 0.731367 0.102347 0.176040
0 0.295629 0.895499 0.087253 0.131485
0 0.658657 0.320600 0.076032 0.100176
1 0.089552 0.823146 0.040961 0.050721
1 0.243975 0.166200 0.030278 0.039631
1 0.265580 0.197269 0.029387 0.034874
1 0.187731 0.494367 0.033841 0.058649
1 0.318332 0.396124 0.025825 0.045973
1 0.287620 0.241565 0.024910 0.044388
1 0.292469 0.389652 0.023318 0.041317
1 0.312088 0.518964 0.027625 0.041183
1 0.515049 0.498272 0.030278 0.053893
1 0.690101 0.732190 0.028497 0.057064
1 0.758784 0.210155 0.027606 0.036468
1 0.769562 0.235973 0.024929 0.041678
1 0.722545 0.409027 0.023148 0.047567
1 0.732844 0.392945 0.024934 0.039614
1 0.728640 0.889190 0.031371 0.056049
1 0.718056 0.945755 0.033624 0.053188
1 0.773360 0.939853 0.029387 0.058649
1 0.882802 0.820629 0.032945 0.049144
2 0.312542 0.434169 0.028497 0.045973
2 0.765792 0.641833 0.032055 0.052307
3 0.280650 0.565365 0.032064 0.047592
3 0.725721 0.639455 0.030273 0.057064
4 0.723772 0.522148 0.139251 0.304362
5 0.271666 0.501539 0.150485 0.320210
1 0.257340 0.768658 0.032926 0.061812
1 0.722156 0.675138 0.028497 0.064958
1 0.244866 0.862966 0.032945 0.053935
1 0.229284 0.953318 0.032950 0.047576
1 0.126001 0.746091 0.036508 0.049144
