0 0.567889 0.897982 0.089114 0.152156
0 0.257762 0.727135 0.094713 0.175445
0 0.333007 0.899333 0.090650 0.133935
0 0.646838 0.841183 0.098907 0.171074
1 0.097729 0.817152 0.040961 0.050730
1 0.243975 0.177626 0.030278 0.039631
1 0.244357 0.209719 0.029383 0.034874
1 0.183532 0.499039 0.033841 0.058649
1 0.318332 0.396124 0.025825 0.045973
1 0.287620 0.241565 0.024910 0.044388
1 0.291774 0.389652 0.023313 0.041317
1 0.312088 0.518964 0.027625 0.041183
1 0.538374 0.712265 0.030273 0.055520
1 0.273098 0.946032 0.033850 0.057064
1 0.757955 0.202676 0.027606 0.042768
1 0.718598 0.412777 0.023153 0.047567
1 0.732844 0.392945 0.024934 0.039614
1 0.722479 0.916435 0.029387 0.050755
1 0.710328 0.953683 0.033624 0.053188
1 0.773360 0.939853 0.029387 0.058649
1 0.878841 0.819375 0.032950 0.049136
2 0.312542 0.434169 0.028497 0.045973
2 0.765792 0.641833 0.032055 0.052307
3 0.281381 0.564929 0.032064 0.047592
3 0.725721 0.639455 0.030273 0.057064
4 0.723047 0.522148 0.138921 0.304362
5 0.271230 0.501539 0.150490 0.320210
1 0.230087 0.636825 0.024943 0.045982
1 0.500184 0.947286 0.033836 0.058599
1 0.229284 0.953318 0.032950 0.047576
1 0.130328 0.741812 0.036508 0.049144
