1 0.874188 0.144903 0.027609 0.058583
0 0.498109 0.423215 0.080172 0.112431
0 0.401809 0.519861 0.104711 0.201250
0 0.666418 0.330069 0.079508 0.152028
0 0.712543 0.693611 0.081055 0.180528
1 0.532359 0.426896 0.034734 0.071236
1 0.573559 0.428882 0.033836 0.066486
1 0.527676 0.294104 0.032945 0.060153
1 0.543660 0.150118 0.029383 0.050653
1 0.736445 0.127944 0.023156 0.041139
1 0.816035 0.045229 0.023148 0.045903
1 0.936355 0.799174 0.034727 0.066486
1 0.282750 0.183368 0.027609 0.047486
1 0.584621 0.596549 0.032945 0.066486
1 0.660754 0.368590 0.035617 0.066486
2 0.897496 0.622667 0.032055 0.068083
3 0.255594 0.313965 0.028500 0.049069
3 0.786078 0.308472 0.028516 0.045861
4 0.835734 0.435069 0.175422 0.351444
5 0.257375 0.449319 0.174531 0.357778
1 0.423496 0.474736 0.037398 0.064917
1 0.221223 0.953521 0.040070 0.052236
1 0.569840 0.932951 0.046305 0.071236
2 0.398332 0.895521 0.048977 0.088653
