1 0.217307 0.679635 0.031965 0.052475
0 0.566727 0.899023 0.089119 0.152156
0 0.260094 0.742823 0.096513 0.167072
0 0.310509 0.901992 0.091706 0.134555
0 0.647003 0.841619 0.098907 0.171074
1 0.097879 0.817039 0.040961 0.050721
1 0.243975 0.177844 0.030278 0.039631
1 0.244295 0.209971 0.029383 0.034874
1 0.183454 0.499128 0.033836 0.058658
1 0.318332 0.396124 0.025825 0.045973
1 0.287620 0.241565 0.024910 0.044388
1 0.291774 0.389652 0.023313 0.041317
1 0.312088 0.518964 0.027625 0.041183
1 0.538426 0.712030 0.030273 0.055520
1 0.258162 0.912890 0.033845 0.057072
1 0.758150 0.202727 0.027601 0.042768
1 0.718598 0.412777 0.023153 0.047567
1 0.732844 0.392945 0.024934 0.039614
1 0.722627 0.916095 0.029383 0.050747
1 0.710328 0.953683 0.033624 0.053188
1 0.773360 0.939853 0.029387 0.058649
1 0.878954 0.819375 0.032950 0.049136
2 0.312542 0.434169 0.028497 0.045973
2 0.765792 0.641833 0.032055 0.052307
3 0.281381 0.564929 0.032064 0.047592
3 0.725721 0.639455 0.030273 0.057064
4 0.723047 0.522148 0.138921 0.304362
5 0.271221 0.501539 0.150490 0.320210
1 0.232085 0.637156 0.024943 0.045990
1 0.499995 0.946942 0.033836 0.058599
1 0.229284 0.953318 0.032950 0.047576
1 0.130410 0.741732 0.036513 0.049136
