0 0.429369 0.651162 0.092639 0.152106
0 0.344894 0.903523 0.091682 0.145940
0 0.590064 0.884392 0.090844 0.163213
0 0.704350 0.349702 0.074797 0.099874
1 0.084722 0.826682 0.040961 0.050730
1 0.243975 0.159446 0.030278 0.039631
1 0.246840 0.195617 0.029383 0.034874
1 0.190212 0.491611 0.033836 0.058658
1 0.318332 0.396124 0.025825 0.045973
1 0.287620 0.241565 0.024910 0.044388
1 0.295328 0.389656 0.023313 0.041326
1 0.309873 0.496615 0.027625 0.041183
1 0.513890 0.500969 0.030278 0.053901
1 0.519861 0.638616 0.028497 0.057064
1 0.760518 0.208557 0.027606 0.036460
1 0.764927 0.232307 0.024934 0.033289
1 0.682597 0.403507 0.028492 0.043943
1 0.729899 0.386648 0.024934 0.039622
1 0.727552 0.895378 0.032945 0.060235
1 0.718426 0.948112 0.032055 0.057064
1 0.773360 0.939853 0.029387 0.058649
1 0.871774 0.820961 0.032945 0.049136
2 0.312542 0.434169 0.028497 0.045973
2 0.765792 0.641833 0.032055 0.052307
3 0.280688 0.562026 0.032064 0.047592
3 0.725721 0.639455 0.030273 0.057064
4 0.723574 0.522148 0.139647 0.304362
5 0.271923 0.501539 0.150490 0.320210
1 0.370700 0.914815 0.032926 0.061812
1 0.400608 0.897538 0.032950 0.066552
1 0.395090 0.949035 0.032950 0.055503
1 0.229284 0.953318 0.032950 0.047576
1 0.123445 0.748620 0.036513 0.049136
