0 0.475511 0.678003 0.079298 0.141007
0 0.528023 0.905747 0.091682 0.145940
0 0.620408 0.910344 0.087253 0.131477
0 0.704350 0.352777 0.074797 0.099866
1 0.086899 0.825092 0.040961 0.050721
1 0.243975 0.162483 0.030278 0.039631
1 0.250580 0.197429 0.029387 0.034874
1 0.189095 0.492852 0.033836 0.058658
1 0.318332 0.396124 0.025825 0.045973
1 0.287620 0.241565 0.024910 0.044388
1 0.294041 0.389656 0.023313 0.041326
1 0.312088 0.518964 0.027625 0.041183
1 0.514006 0.500323 0.030273 0.053901
1 0.522045 0.649111 0.028492 0.057064
1 0.761100 0.211560 0.027601 0.036460
1 0.766967 0.231703 0.024934 0.033289
1 0.682165 0.418117 0.028497 0.047022
1 0.731595 0.390281 0.024934 0.039622
1 0.728080 0.888498 0.032644 0.059430
1 0.720151 0.945755 0.033629 0.053188
1 0.773360 0.939853 0.029387 0.058649
1 0.879208 0.820961 0.032950 0.049136
2 0.312542 0.434169 0.028497 0.045973
2 0.765792 0.641833 0.032055 0.052307
3 0.278996 0.566346 0.032064 0.047592
3 0.725721 0.639455 0.030273 0.057064
4 0.723664 0.522148 0.139467 0.304362
5 0.271810 0.501539 0.150490 0.320210
1 0.570639 0.894945 0.032926 0.061820
1 0.631032 0.741716 0.032950 0.066552
1 0.571305 0.929832 0.032950 0.053926
1 0.229284 0.953318 0.032950 0.047576
1 0.124597 0.747483 0.036508 0.049144
