0 0.594357 0.713175 0.073963 0.134723
0 0.251350 0.672991 0.092568 0.114253
0 0.247547 0.787521 0.077507 0.166183
0 0.618438 0.607710 0.086404 0.130017
1 0.091725 0.821552 0.040961 0.050721
1 0.243975 0.169237 0.030278 0.039631
1 0.246741 0.200172 0.029383 0.034874
1 0.186616 0.495612 0.033836 0.058658
1 0.318332 0.396124 0.025825 0.045973
1 0.287620 0.241565 0.024910 0.044388
1 0.291774 0.389652 0.023313 0.041317
1 0.312088 0.518964 0.027625 0.041183
1 0.541393 0.739325 0.030278 0.053901
1 0.693951 0.907366 0.028497 0.057064
1 0.743754 0.195436 0.027601 0.043305
1 0.776529 0.231275 0.027196 0.039664
1 0.718598 0.412777 0.023153 0.047567
1 0.732844 0.392945 0.024934 0.039614
1 0.729100 0.889761 0.030330 0.053280
1 0.716345 0.945755 0.033624 0.053188
1 0.773360 0.939853 0.029387 0.058649
1 0.878961 0.819945 0.032945 0.049136
2 0.312542 0.434169 0.028497 0.045973
2 0.765792 0.641833 0.032055 0.052307
3 0.281381 0.564929 0.032064 0.047592
3 0.725721 0.639455 0.030273 0.057064
4 0.723862 0.522148 0.139072 0.304362
5 0.271550 0.501539 0.150490 0.320210
1 0.229343 0.675134 0.032926 0.061812
1 0.772924 0.827332 0.032041 0.058591
1 0.210455 0.704669 0.032945 0.053935
1 0.229284 0.953318 0.032950 0.047576
1 0.127151 0.744954 0.036508 0.049136
