1 0.871352 0.146160 0.027609 0.058569
0 0.416754 0.444458 0.094617 0.132806
0 0.502660 0.916215 0.127367 0.167569
0 0.797785 0.230917 0.057945 0.126750
0 0.812578 0.717972 0.105938 0.196389
1 0.351367 0.431910 0.034719 0.060181
1 0.600180 0.537972 0.032078 0.066500
1 0.458176 0.211660 0.032945 0.060153
1 0.543660 0.150118 0.029383 0.050653
1 0.736445 0.127924 0.023156 0.041097
1 0.814809 0.049597 0.023148 0.045917
1 0.936355 0.799174 0.034727 0.066486
1 0.282750 0.183368 0.027609 0.047486
1 0.584621 0.596549 0.032945 0.066486
1 0.525402 0.331854 0.035617 0.066486
2 0.896730 0.622667 0.032055 0.068083
3 0.255594 0.313965 0.028500 0.049069
3 0.791484 0.315340 0.028516 0.045875
4 0.835734 0.435069 0.175422 0.351444
5 0.257375 0.449319 0.174531 0.357778
1 0.647398 0.967681 0.042734 0.064639
1 0.694605 0.973972 0.042758 0.037806
1 0.811629 0.952937 0.046305 0.052069
2 0.584191 0.863340 0.033852 0.068042
