0 0.729696 0.749635 0.093577 0.134723
0 0.265719 0.681690 0.092568 0.114253
0 0.242217 0.814534 0.092644 0.153515
0 0.658947 0.529249 0.078402 0.144270
1 0.093285 0.820411 0.040961 0.050721
1 0.243975 0.171418 0.030278 0.039631
1 0.246122 0.202647 0.029387 0.034874
1 0.185815 0.496502 0.033836 0.058658
1 0.318332 0.396124 0.025825 0.045973
1 0.287620 0.241565 0.024910 0.044388
1 0.291774 0.389652 0.023313 0.041317
1 0.312088 0.518964 0.027625 0.041183
1 0.541393 0.694161 0.030278 0.055520
1 0.691623 0.909853 0.028497 0.057072
1 0.752309 0.201237 0.027606 0.042760
1 0.766140 0.227475 0.022064 0.028893
1 0.718598 0.412777 0.023153 0.047567
1 0.732844 0.392945 0.024934 0.039614
1 0.724244 0.899400 0.029590 0.051284
1 0.715115 0.945755 0.033624 0.053188
1 0.773360 0.939853 0.029387 0.058649
1 0.876209 0.819455 0.032945 0.049144
2 0.312542 0.434169 0.028497 0.045973
2 0.765792 0.641833 0.032055 0.052307
3 0.281381 0.564929 0.032064 0.047592
3 0.725721 0.639455 0.030273 0.057064
4 0.723928 0.522148 0.138940 0.304362
5 0.271466 0.501539 0.150490 0.320210
1 0.238702 0.684304 0.032926 0.061812
1 0.753739 0.851921 0.032041 0.058591
1 0.224830 0.736145 0.032950 0.053935
1 0.229284 0.953318 0.032950 0.047576
1 0.127976 0.744136 0.036508 0.049144
