1 0.873324 0.145285 0.027602 0.058569
0 0.400328 0.429528 0.089938 0.147222
0 0.264605 0.818063 0.140477 0.221764
0 0.587336 0.327472 0.081016 0.167833
0 0.720730 0.682229 0.122914 0.191569
1 0.419883 0.459618 0.034734 0.071236
1 0.608215 0.568049 0.033836 0.066486
1 0.528309 0.292972 0.032945 0.060167
1 0.543660 0.150118 0.029383 0.050653
1 0.736445 0.127938 0.023156 0.041125
1 0.815660 0.046562 0.023148 0.045903
1 0.936355 0.799174 0.034727 0.066486
1 0.282750 0.183368 0.027609 0.047486
1 0.584621 0.596549 0.032945 0.066486
1 0.469305 0.393910 0.035625 0.066486
2 0.896730 0.622667 0.032055 0.068083
3 0.255594 0.313965 0.028500 0.049069
3 0.787555 0.310347 0.028516 0.045861
4 0.835734 0.435069 0.175422 0.351444
5 0.257375 0.449319 0.174531 0.357778
1 0.308258 0.893361 0.037406 0.064917
1 0.226059 0.953521 0.040070 0.052236
1 0.570996 0.931868 0.046305 0.071236
2 0.398746 0.892750 0.048977 0.088639
