0 0.480370 0.670369 0.079298 0.141007
0 0.356649 0.904161 0.091687 0.145940
0 0.451463 0.906598 0.087253 0.131485
0 0.688775 0.299425 0.075702 0.112559
1 0.087936 0.824329 0.040961 0.050721
1 0.243975 0.163935 0.030278 0.039631
1 0.252366 0.198293 0.029387 0.034874
1 0.188563 0.493444 0.033836 0.058649
1 0.318332 0.396124 0.025825 0.045973
1 0.287620 0.241565 0.024910 0.044388
1 0.293424 0.389656 0.023313 0.041326
1 0.312088 0.518964 0.027625 0.041183
1 0.514062 0.500013 0.030273 0.053901
1 0.515570 0.669572 0.028492 0.057064
1 0.760488 0.211510 0.027601 0.036460
1 0.767941 0.231418 0.024929 0.033289
1 0.720608 0.443616 0.025608 0.047567
1 0.732410 0.392013 0.024934 0.039614
1 0.728301 0.888767 0.032144 0.058104
1 0.719333 0.945755 0.033624 0.053188
1 0.773360 0.939853 0.029387 0.058649
1 0.882762 0.820961 0.032950 0.049136
2 0.312542 0.434169 0.028497 0.045973
2 0.765792 0.641833 0.032055 0.052307
3 0.279642 0.565961 0.032064 0.047592
3 0.725721 0.639455 0.030273 0.057064
4 0.723706 0.522148 0.139383 0.304362
5 0.271753 0.501539 0.150490 0.320210
1 0.396699 0.881208 0.032926 0.061812
1 0.653143 0.679098 0.032950 0.066552
1 0.395801 0.939056 0.032950 0.053935
1 0.229284 0.953318 0.032950 0.047576
1 0.125146 0.746938 0.036513 0.049144
