0 0.501096 0.671737 0.079298 0.141007
0 0.325898 0.904161 0.091682 0.145940
0 0.421256 0.905231 0.087253 0.131485
0 0.693379 0.319916 0.075702 0.098909
1 0.088417 0.823977 0.040961 0.050721
1 0.243975 0.164606 0.030278 0.039631
1 0.253193 0.198695 0.029383 0.034874
1 0.188315 0.493721 0.033841 0.058649
1 0.318332 0.396124 0.025825 0.045973
1 0.287620 0.241565 0.024910 0.044388
1 0.293141 0.389656 0.023313 0.041326
1 0.312088 0.518964 0.027625 0.041183
1 0.514239 0.499656 0.030278 0.053893
1 0.558558 0.670940 0.028492 0.057064
1 0.759981 0.211107 0.027606 0.036460
1 0.768391 0.231284 0.024934 0.033289
1 0.722846 0.419715 0.023487 0.047567
1 0.732785 0.392815 0.024929 0.039622
1 0.728402 0.888897 0.031913 0.057492
1 0.718951 0.945755 0.033624 0.053188
1 0.773360 0.939853 0.029387 0.058649
1 0.884406 0.820961 0.032950 0.049136
2 0.312542 0.434169 0.028497 0.045973
2 0.765792 0.641833 0.032055 0.052307
3 0.279943 0.565784 0.032064 0.047592
3 0.725721 0.639455 0.030273 0.057064
4 0.723728 0.522148 0.139340 0.304362
5 0.271725 0.501539 0.150490 0.320210
1 0.366393 0.880852 0.032926 0.061820
1 0.633732 0.674954 0.032950 0.066552
1 0.364951 0.937114 0.032945 0.053926
1 0.229284 0.953318 0.032950 0.047576
1 0.125401 0.746686 0.036513 0.049144
