0 0.254793 0.724262 0.104194 0.153691
0 0.256298 0.859815 0.085170 0.155369
0 0.350841 0.911846 0.088440 0.106208
0 0.704350 0.347471 0.074797 0.099874
1 0.083148 0.827840 0.040961 0.050730
1 0.243975 0.157240 0.030278 0.039631
1 0.244126 0.194299 0.029383 0.034874
1 0.186661 0.475096 0.033841 0.058649
1 0.318332 0.396124 0.025825 0.045973
1 0.287375 0.242139 0.025401 0.045537
1 0.273287 0.404186 0.024274 0.045101
1 0.253483 0.514786 0.029076 0.044069
1 0.513808 0.501439 0.030273 0.053901
1 0.515613 0.639304 0.028492 0.057064
1 0.760097 0.206376 0.027601 0.036460
1 0.763447 0.232752 0.024934 0.033289
1 0.682910 0.392903 0.028497 0.041711
1 0.728664 0.384014 0.024934 0.039622
1 0.727147 0.902601 0.032945 0.060235
1 0.714185 0.949790 0.032055 0.057064
1 0.773360 0.939853 0.029387 0.058649
1 0.874187 0.827353 0.032945 0.049136
2 0.312300 0.431720 0.028492 0.045973
2 0.765792 0.641833 0.032055 0.052307
3 0.281579 0.568045 0.034731 0.055487
3 0.725721 0.639455 0.030273 0.057064
4 0.723508 0.522148 0.139779 0.304362
5 0.272008 0.501539 0.150490 0.320210
1 0.265495 0.913435 0.034731 0.061820
1 0.305891 0.914958 0.030273 0.052315
1 0.286631 0.950155 0.032950 0.041216
1 0.225723 0.952529 0.030278 0.050730
1 0.122608 0.749446 0.036508 0.049144
