0 0.610983 0.747504 0.076951 0.160042
0 0.247274 0.705734 0.096103 0.141166
0 0.265356 0.827282 0.083737 0.171007
0 0.552990 0.569685 0.072163 0.137911
1 0.091188 0.821946 0.040961 0.050721
1 0.243975 0.168482 0.030278 0.039631
1 0.246956 0.199316 0.029387 0.034874
1 0.186892 0.495302 0.033841 0.058658
1 0.318332 0.396124 0.025825 0.045973
1 0.287620 0.241565 0.024910 0.044388
1 0.291774 0.389652 0.023313 0.041317
1 0.312088 0.518964 0.027625 0.041183
1 0.527147 0.673536 0.030278 0.053901
1 0.694755 0.906506 0.028492 0.057072
1 0.756532 0.193909 0.027606 0.048372
1 0.779149 0.228104 0.024934 0.039664
1 0.719086 0.412307 0.023148 0.047567
1 0.732844 0.392945 0.024934 0.039614
1 0.728987 0.889618 0.030594 0.053968
1 0.716770 0.945755 0.033624 0.053188
1 0.773360 0.939853 0.029387 0.058649
1 0.879913 0.820113 0.032945 0.049136
2 0.312542 0.434169 0.028497 0.045973
2 0.765792 0.641833 0.032055 0.052307
3 0.281381 0.564929 0.032064 0.047592
3 0.725721 0.639455 0.030273 0.057064
4 0.723841 0.522148 0.139114 0.304362
5 0.271579 0.501539 0.150490 0.320210
1 0.223188 0.716120 0.032926 0.061820
1 0.772924 0.823062 0.032041 0.058591
1 0.207147 0.729354 0.032945 0.053926
1 0.229284 0.953318 0.032950 0.047576
1 0.126866 0.745235 0.036513 0.049144
