0 0.312967 0.700482 0.081051 0.137827
0 0.241315 0.840789 0.096136 0.155369
0 0.474154 0.885940 0.086395 0.156946
0 0.704350 0.348368 0.074797 0.099874
1 0.083779 0.827378 0.040961 0.050730
1 0.243975 0.158129 0.030278 0.039631
1 0.245219 0.194828 0.029383 0.034874
1 0.189333 0.486191 0.033841 0.058658
1 0.318332 0.396124 0.025825 0.045973
1 0.287620 0.241565 0.024910 0.044388
1 0.293850 0.391363 0.023139 0.042794
1 0.278252 0.474576 0.027625 0.041183
1 0.513841 0.501246 0.030273 0.053901
1 0.517323 0.639027 0.028492 0.057064
1 0.760266 0.207257 0.027601 0.036460
1 0.764041 0.232576 0.024934 0.033289
1 0.682783 0.397169 0.028497 0.042609
1 0.729159 0.385071 0.024934 0.039622
1 0.727309 0.899694 0.032950 0.060243
1 0.715891 0.949115 0.032055 0.057072
1 0.773360 0.939853 0.029387 0.058649
1 0.872922 0.824539 0.032950 0.049144
2 0.312008 0.431787 0.028492 0.045973
2 0.765792 0.641833 0.032055 0.052307
3 0.283424 0.554803 0.034727 0.055478
3 0.725721 0.639455 0.030273 0.057064
4 0.723537 0.522148 0.139722 0.304362
5 0.271975 0.501539 0.150490 0.320210
1 0.266694 0.890713 0.032926 0.061812
1 0.313433 0.899539 0.030278 0.056846
1 0.293843 0.944702 0.032945 0.050143
1 0.229284 0.953318 0.032950 0.047576
1 0.122945 0.749111 0.036513 0.049144
