0 0.635570 0.692416 0.084015 0.148221
0 0.251840 0.684492 0.096470 0.128263
0 0.308725 0.901095 0.087253 0.131485
0 0.606758 0.348897 0.065881 0.106233
1 0.089936 0.822865 0.040966 0.050730
1 0.243975 0.166737 0.030278 0.039631
1 0.260061 0.197714 0.029387 0.034874
1 0.187535 0.494589 0.033836 0.058658
1 0.318332 0.396124 0.025825 0.045973
1 0.287620 0.241565 0.024910 0.044388
1 0.292241 0.389652 0.023313 0.041317
1 0.312088 0.518964 0.027625 0.041183
1 0.515323 0.497802 0.030278 0.053893
1 0.701258 0.882181 0.028492 0.057064
1 0.758379 0.209832 0.027606 0.036460
1 0.769960 0.237685 0.024934 0.044732
1 0.721732 0.409799 0.023153 0.047567
1 0.732844 0.392945 0.024934 0.039614
1 0.728723 0.889295 0.031188 0.055554
1 0.717754 0.945755 0.033624 0.053188
1 0.773360 0.939853 0.029387 0.058649
1 0.882121 0.820508 0.032950 0.049136
2 0.312542 0.434169 0.028497 0.045973
2 0.765792 0.641833 0.032055 0.052307
3 0.280891 0.565222 0.032064 0.047592
3 0.725721 0.639455 0.030273 0.057064
4 0.723789 0.522148 0.139218 0.304362
5 0.271645 0.501539 0.150490 0.320210
1 0.227406 0.693591 0.032926 0.061812
1 0.766428 0.741447 0.031828 0.058968
1 0.223992 0.790512 0.032950 0.053926
1 0.229284 0.953318 0.032950 0.047576
1 0.126204 0.745889 0.036508 0.049144
