0 0.606176 0.707089 0.072681 0.135235
0 0.268902 0.696246 0.096107 0.141166
0 0.328120 0.890784 0.092074 0.153750
0 0.561345 0.493532 0.071890 0.136695
1 0.090707 0.822299 0.040961 0.050721
1 0.243975 0.167810 0.030278 0.039631
1 0.249025 0.198603 0.029387 0.034874
1 0.187139 0.495029 0.033836 0.058649
1 0.318332 0.396124 0.025825 0.045973
1 0.287620 0.241565 0.024910 0.044388
1 0.291788 0.389652 0.023313 0.041317
1 0.312088 0.518964 0.027625 0.041183
1 0.513098 0.538029 0.030278 0.053893
1 0.695042 0.906493 0.028652 0.057064
1 0.750782 0.191930 0.027606 0.036460
1 0.777665 0.225738 0.024934 0.040587
1 0.720104 0.411342 0.023148 0.047567
1 0.732844 0.392945 0.024934 0.039614
1 0.728883 0.889492 0.030820 0.054572
1 0.717147 0.945755 0.033624 0.053188
1 0.773360 0.939853 0.029387 0.058649
1 0.880761 0.820264 0.032945 0.049136
2 0.312542 0.434169 0.028497 0.045973
2 0.765792 0.641833 0.032055 0.052307
3 0.281367 0.564937 0.032064 0.047592
3 0.725721 0.639455 0.030273 0.057064
4 0.723822 0.522148 0.139152 0.304362
5 0.271605 0.501539 0.150485 0.320210
1 0.235280 0.711074 0.032926 0.061812
1 0.773268 0.818188 0.032041 0.058591
1 0.206301 0.745843 0.032950 0.053935
1 0.229284 0.953318 0.032950 0.047576
1 0.126612 0.745487 0.036513 0.049144
