0 0.625617 0.895843 0.089114 0.152156
0 0.262630 0.684719 0.091772 0.143834
0 0.326251 0.860508 0.097630 0.177341
0 0.667877 0.807198 0.098902 0.171074
1 0.096188 0.818280 0.040961 0.050721
1 0.243975 0.175478 0.030278 0.039631
1 0.244967 0.207269 0.029387 0.034874
1 0.184324 0.498163 0.033841 0.058658
1 0.318332 0.396124 0.025825 0.045973
1 0.287620 0.241565 0.024910 0.044388
1 0.291774 0.389652 0.023313 0.041317
1 0.312088 0.518964 0.027625 0.041183
1 0.537870 0.714597 0.030273 0.055520
1 0.407656 0.945096 0.033850 0.057072
1 0.755999 0.202177 0.027606 0.042760
1 0.718598 0.412777 0.023153 0.047567
1 0.732844 0.392945 0.024934 0.039614
1 0.720983 0.919836 0.029383 0.050747
1 0.710328 0.953683 0.033624 0.053188
1 0.773360 0.939853 0.029387 0.058649
1 0.877712 0.819375 0.032945 0.049136
2 0.312542 0.434169 0.028497 0.045973
2 0.765792 0.641833 0.032055 0.052307
3 0.281381 0.564929 0.032064 0.047592
3 0.725721 0.639455 0.030273 0.057064
4 0.723047 0.522148 0.138921 0.304362
5 0.271312 0.501539 0.150485 0.320210
1 0.219493 0.665533 0.029958 0.059153
1 0.502074 0.950721 0.033836 0.058591
1 0.211115 0.709581 0.024934 0.053926
1 0.229284 0.953318 0.032950 0.047576
1 0.129515 0.742617 0.036513 0.049144
