0 0.250636 0.727433 0.104194 0.153691
0 0.251553 0.859811 0.075679 0.155378
0 0.344599 0.916074 0.085485 0.106208
0 0.704350 0.347416 0.074797 0.099866
1 0.083110 0.827869 0.040961 0.050721
1 0.243975 0.157181 0.030278 0.039631
1 0.244060 0.194266 0.029383 0.034874
1 0.186501 0.474421 0.033841 0.058658
1 0.318332 0.396124 0.025825 0.045973
1 0.287253 0.242429 0.025646 0.046116
1 0.271463 0.409811 0.024840 0.046250
1 0.252227 0.516661 0.029807 0.045520
1 0.513805 0.501447 0.030278 0.053901
1 0.515509 0.639320 0.028492 0.057064
1 0.760087 0.206326 0.027601 0.036460
1 0.763410 0.232760 0.024934 0.033289
1 0.682917 0.392643 0.028492 0.041644
1 0.728633 0.383947 0.024929 0.039622
1 0.727137 0.902777 0.032945 0.060235
1 0.714081 0.949828 0.032055 0.057072
1 0.773360 0.939853 0.029387 0.058649
1 0.874262 0.827525 0.032945 0.049144
2 0.311732 0.431284 0.028497 0.045973
2 0.765792 0.641833 0.032055 0.052307
3 0.281902 0.569199 0.034727 0.055478
3 0.725721 0.639455 0.030273 0.057064
4 0.723508 0.522148 0.139779 0.304362
5 0.272008 0.501539 0.150490 0.320210
1 0.262231 0.912907 0.034727 0.061820
1 0.305052 0.915889 0.030273 0.052315
1 0.285384 0.950155 0.032945 0.041216
1 0.225325 0.952441 0.029981 0.051091
1 0.122590 0.749463 0.036508 0.049144
