0 0.635179 0.895948 0.089114 0.149849
0 0.261308 0.683909 0.091824 0.141829
0 0.320608 0.863196 0.097521 0.183876
0 0.671155 0.796879 0.098907 0.171074
1 0.096032 0.818393 0.040961 0.050730
1 0.243975 0.175260 0.030278 0.039631
1 0.245028 0.207026 0.029387 0.034874
1 0.184402 0.498075 0.033836 0.058649
1 0.318332 0.396124 0.025825 0.045973
1 0.287620 0.241565 0.024910 0.044388
1 0.291774 0.389652 0.023313 0.041317
1 0.312088 0.518964 0.027625 0.041183
1 0.537670 0.716212 0.030278 0.055512
1 0.424017 0.943960 0.033850 0.057064
1 0.755803 0.202127 0.027601 0.042760
1 0.718598 0.412777 0.023153 0.047567
1 0.732844 0.392945 0.024934 0.039614
1 0.720834 0.920176 0.029387 0.050755
1 0.710328 0.953683 0.033624 0.053188
1 0.773360 0.939853 0.029387 0.058649
1 0.877599 0.819375 0.032945 0.049136
2 0.312542 0.434169 0.028497 0.045973
2 0.765792 0.641833 0.032055 0.052307
3 0.281381 0.564929 0.032064 0.047592
3 0.725721 0.639455 0.030273 0.057064
4 0.723047 0.522148 0.138921 0.304362
5 0.271320 0.501539 0.150490 0.320210
1 0.221772 0.663477 0.030141 0.059320
1 0.501730 0.947810 0.033836 0.058591
1 0.208862 0.703616 0.024934 0.053926
1 0.229284 0.953318 0.032950 0.047576
1 0.129432 0.742697 0.036508 0.049136
