0 0.403120 0.674341 0.094420 0.156888
0 0.273721 0.868716 0.099025 0.156594
0 0.550068 0.889048 0.090844 0.157273
0 0.704350 0.349132 0.074797 0.099874
1 0.084321 0.826980 0.040961 0.050721
1 0.243975 0.158876 0.030278 0.039631
1 0.246145 0.195273 0.029387 0.034874
1 0.190419 0.491380 0.033836 0.058649
1 0.318332 0.396124 0.025825 0.045973
1 0.287620 0.241565 0.024910 0.044388
1 0.289828 0.385633 0.023134 0.042794
1 0.302962 0.479333 0.027620 0.041183
1 0.513869 0.501086 0.030273 0.053901
1 0.518772 0.638792 0.028497 0.057064
1 0.760410 0.207995 0.027606 0.036460
1 0.764545 0.232424 0.024934 0.033289
1 0.682677 0.400789 0.028492 0.043372
1 0.729583 0.385973 0.024934 0.039614
1 0.727448 0.897227 0.032945 0.060243
1 0.717340 0.948540 0.032059 0.057064
1 0.773360 0.939853 0.029387 0.058649
1 0.871850 0.822156 0.032945 0.049144
2 0.312542 0.434169 0.028497 0.045973
2 0.765792 0.641833 0.032055 0.052307
3 0.275759 0.569685 0.032064 0.047592
3 0.725721 0.639455 0.030273 0.057064
4 0.723558 0.522148 0.139680 0.304362
5 0.271946 0.501539 0.150490 0.320210
1 0.288066 0.895470 0.032926 0.061812
1 0.319668 0.899442 0.030278 0.066552
1 0.300521 0.943012 0.032945 0.055503
1 0.229284 0.953318 0.032950 0.047576
1 0.123230 0.748830 0.036508 0.049136
