0 0.458179 0.683901 0.079298 0.141007
0 0.586056 0.899606 0.091687 0.145940
0 0.677853 0.907865 0.087253 0.131485
0 0.704350 0.351309 0.074797 0.099866
1 0.085858 0.825852 0.040961 0.050730
1 0.243975 0.161032 0.030278 0.039631
1 0.248794 0.196565 0.029387 0.034874
1 0.189628 0.492257 0.033836 0.058658
1 0.318332 0.396124 0.025825 0.045973
1 0.287620 0.241565 0.024910 0.044388
1 0.294654 0.389656 0.023313 0.041326
1 0.312088 0.518964 0.027625 0.041183
1 0.513951 0.500629 0.030278 0.053893
1 0.522919 0.638121 0.028497 0.057064
1 0.760822 0.210126 0.027601 0.036460
1 0.765992 0.231997 0.024934 0.033289
1 0.682370 0.411133 0.028492 0.045554
1 0.730785 0.388544 0.024934 0.039622
1 0.727844 0.890180 0.032945 0.060243
1 0.720968 0.945755 0.033624 0.053188
1 0.773360 0.939853 0.029387 0.058649
1 0.875655 0.820961 0.032950 0.049136
2 0.312542 0.434169 0.028497 0.045973
2 0.765792 0.641833 0.032055 0.052307
3 0.281623 0.566514 0.032069 0.047592
3 0.725721 0.639455 0.030273 0.057064
4 0.723622 0.522148 0.139552 0.304362
5 0.271861 0.501539 0.150490 0.320210
1 0.608909 0.903347 0.032926 0.061812
1 0.629925 0.845545 0.032950 0.066560
1 0.633238 0.924119 0.032950 0.055252
1 0.229284 0.953318 0.032950 0.047576
1 0.124046 0.748024 0.036508 0.049136
