0 0.606602 0.724652 0.072205 0.164807
0 0.267974 0.696795 0.096107 0.141158
0 0.311294 0.881275 0.091730 0.172466
0 0.549206 0.525692 0.072163 0.137911
1 0.090858 0.822185 0.040961 0.050730
1 0.243975 0.168029 0.030278 0.039631
1 0.247085 0.198796 0.029383 0.034874
1 0.187059 0.495117 0.033836 0.058658
1 0.318332 0.396124 0.025825 0.045973
1 0.287620 0.241565 0.024910 0.044388
1 0.291774 0.389652 0.023313 0.041317
1 0.312088 0.518964 0.027625 0.041183
1 0.517797 0.613297 0.030278 0.053893
1 0.695243 0.905986 0.028497 0.057072
1 0.750973 0.187789 0.027601 0.041334
1 0.779149 0.223616 0.024934 0.039664
1 0.719779 0.411653 0.023148 0.047567
1 0.732844 0.392945 0.024934 0.039614
1 0.728918 0.889530 0.030749 0.054379
1 0.717026 0.945755 0.033629 0.053188
1 0.773360 0.939853 0.029387 0.058649
1 0.880490 0.820218 0.032950 0.049144
2 0.312542 0.434169 0.028497 0.045973
2 0.765792 0.641833 0.032055 0.052307
3 0.281381 0.564929 0.032064 0.047592
3 0.725721 0.639455 0.030273 0.057064
4 0.723827 0.522148 0.139142 0.304362
5 0.271598 0.501539 0.150490 0.320210
1 0.232853 0.715554 0.032926 0.061812
1 0.772924 0.820474 0.032041 0.058599
1 0.206426 0.740902 0.032945 0.053935
1 0.229284 0.953318 0.032950 0.047576
1 0.126694 0.745407 0.036508 0.049136
