0 0.605544 0.730554 0.085650 0.151326
0 0.246673 0.688968 0.094336 0.127701
0 0.248549 0.794379 0.081140 0.164379
0 0.573916 0.589501 0.072158 0.137911
1 0.091400 0.821791 0.040961 0.050730
1 0.243975 0.168775 0.030278 0.039631
1 0.246871 0.199652 0.029387 0.034874
1 0.186784 0.495424 0.033841 0.058649
1 0.318332 0.396124 0.025825 0.045973
1 0.287620 0.241565 0.024910 0.044388
1 0.291774 0.389652 0.023313 0.041317
1 0.312088 0.518964 0.027625 0.041183
1 0.531242 0.698108 0.030278 0.053901
1 0.694439 0.906846 0.028492 0.057064
1 0.747535 0.198930 0.027606 0.046384
1 0.779149 0.231011 0.024934 0.039656
1 0.718638 0.412735 0.023148 0.047567
1 0.732844 0.392945 0.024934 0.039614
1 0.729032 0.889673 0.030485 0.053691
1 0.716600 0.945755 0.033624 0.053188
1 0.773360 0.939853 0.029387 0.058649
1 0.879538 0.820046 0.032950 0.049136
2 0.312542 0.434169 0.028497 0.045973
2 0.765792 0.641833 0.032055 0.052307
3 0.281381 0.564929 0.032064 0.047592
3 0.725721 0.639455 0.030273 0.057064
4 0.723850 0.522148 0.139095 0.304362
5 0.271569 0.501539 0.150490 0.320210
1 0.223504 0.694945 0.032926 0.061820
1 0.772924 0.824740 0.032041 0.058591
1 0.207613 0.721879 0.032945 0.053926
1 0.229284 0.953318 0.032950 0.047576
1 0.126979 0.745126 0.036513 0.049144
