1 0.872609 0.145604 0.027609 0.058569
0 0.427020 0.429062 0.092633 0.129097
0 0.307812 0.857917 0.140109 0.202222
0 0.715621 0.336590 0.088211 0.153625
0 0.754227 0.635278 0.119375 0.178833
1 0.352152 0.431910 0.034727 0.060181
1 0.697773 0.526576 0.032078 0.066486
1 0.528832 0.292042 0.032945 0.060167
1 0.543660 0.150118 0.029383 0.050653
1 0.736445 0.127931 0.023156 0.041111
1 0.815352 0.047660 0.023156 0.045903
1 0.936355 0.799174 0.034727 0.066486
1 0.282750 0.183368 0.027609 0.047486
1 0.584621 0.596549 0.032945 0.066486
1 0.484621 0.379354 0.035617 0.066486
2 0.896730 0.622667 0.032055 0.068083
3 0.255594 0.313965 0.028500 0.049069
3 0.788770 0.311889 0.028508 0.045861
4 0.835734 0.435069 0.175422 0.351444
5 0.257375 0.449319 0.174531 0.357778
1 0.341074 0.875951 0.037398 0.064903
1 0.540098 0.955882 0.040070 0.066514
1 0.571957 0.930972 0.046305 0.071250
2 0.441703 0.913181 0.040953 0.079194
