0 0.427104 0.668490 0.079298 0.141007
0 0.585537 0.902374 0.091687 0.145940
0 0.677547 0.906598 0.087253 0.131485
0 0.704350 0.350927 0.074797 0.099874
1 0.085589 0.826053 0.040961 0.050730
1 0.243975 0.160654 0.030278 0.039631
1 0.248329 0.196338 0.029383 0.034874
1 0.189767 0.492106 0.033841 0.058658
1 0.318332 0.396124 0.025825 0.045973
1 0.287620 0.241565 0.024910 0.044388
1 0.294814 0.389656 0.023313 0.041326
1 0.312088 0.518964 0.027625 0.041183
1 0.513937 0.500709 0.030278 0.053901
1 0.522194 0.638238 0.028497 0.057064
1 0.760749 0.209757 0.027606 0.036460
1 0.765738 0.232072 0.024934 0.033289
1 0.682425 0.409320 0.028497 0.045168
1 0.730573 0.388091 0.024934 0.039622
1 0.727773 0.891414 0.032945 0.060243
1 0.720752 0.947190 0.032059 0.057064
1 0.773360 0.939853 0.029387 0.058649
1 0.874734 0.820961 0.032945 0.049136
2 0.312542 0.434169 0.028497 0.045973
2 0.765792 0.641833 0.032055 0.052307
3 0.282983 0.566514 0.032064 0.047592
3 0.725721 0.639455 0.030273 0.057064
4 0.723610 0.522148 0.139576 0.304362
5 0.271876 0.501539 0.150490 0.320210
1 0.606185 0.912118 0.032926 0.061820
1 0.625862 0.874081 0.032950 0.066552
1 0.630563 0.945604 0.032945 0.055503
1 0.229284 0.953318 0.032950 0.047576
1 0.123904 0.748167 0.036508 0.049136
