0 0.608808 0.710109 0.077945 0.141275
0 0.267936 0.694467 0.096107 0.139622
0 0.328122 0.891456 0.095839 0.155092
0 0.570007 0.449274 0.068883 0.123297
1 0.090495 0.822454 0.040961 0.050730
1 0.243975 0.167517 0.030278 0.039631
1 0.252059 0.198360 0.029387 0.034874
1 0.187248 0.494908 0.033836 0.058658
1 0.318332 0.396124 0.025825 0.045973
1 0.287620 0.241565 0.024910 0.044388
1 0.291911 0.389652 0.023313 0.041317
1 0.312088 0.518964 0.027625 0.041183
1 0.515295 0.503452 0.030278 0.053901
1 0.696016 0.908666 0.030382 0.057064
1 0.753077 0.197383 0.027606 0.036460
1 0.775337 0.229492 0.024934 0.042039
1 0.720551 0.410923 0.023148 0.047567
1 0.732844 0.392945 0.024934 0.039614
1 0.728841 0.889438 0.030924 0.054849
1 0.717316 0.945755 0.033624 0.053188
1 0.773360 0.939853 0.029387 0.058649
1 0.881136 0.820331 0.032950 0.049136
2 0.312542 0.434169 0.028497 0.045973
2 0.765792 0.641833 0.032055 0.052307
3 0.281237 0.565017 0.032069 0.047601
3 0.725721 0.639455 0.030273 0.057064
4 0.723812 0.522148 0.139171 0.304362
5 0.271616 0.501539 0.150490 0.320210
1 0.232585 0.705411 0.032926 0.061812
1 0.777033 0.804773 0.032041 0.058591
1 0.208186 0.747852 0.032950 0.053926
1 0.229284 0.953318 0.032950 0.047576
1 0.126501 0.745596 0.036508 0.049144
