0 0.474611 0.671904 0.079298 0.141007
0 0.403320 0.904673 0.091682 0.145940
0 0.496694 0.907110 0.087253 0.131485
0 0.693812 0.316862 0.075410 0.108456
1 0.087724 0.824484 0.040961 0.050730
1 0.243975 0.163641 0.030278 0.039631
1 0.252003 0.198117 0.029387 0.034874
1 0.188671 0.493326 0.033836 0.058649
1 0.318332 0.396124 0.025825 0.045973
1 0.287620 0.241565 0.024910 0.044388
1 0.293551 0.389656 0.023313 0.041326
1 0.312088 0.518964 0.027625 0.041183
1 0.514050 0.500076 0.030278 0.053893
1 0.517010 0.665982 0.028497 0.057064
1 0.760712 0.211686 0.027606 0.036460
1 0.767740 0.231477 0.024934 0.033289
1 0.710997 0.454220 0.026546 0.047567
1 0.732246 0.391661 0.024934 0.039614
1 0.728254 0.888716 0.032248 0.058372
1 0.719498 0.945755 0.033624 0.053188
1 0.773360 0.939853 0.029387 0.058649
1 0.882038 0.820961 0.032945 0.049136
2 0.312542 0.434169 0.028497 0.045973
2 0.765792 0.641833 0.032055 0.052307
3 0.279512 0.566040 0.032069 0.047601
3 0.725721 0.639455 0.030273 0.057064
4 0.723697 0.522148 0.139402 0.304362
5 0.271762 0.501539 0.150490 0.320210
1 0.441930 0.879664 0.032926 0.061812
1 0.649114 0.690382 0.032950 0.066552
1 0.441320 0.937005 0.032950 0.053926
1 0.229284 0.953318 0.032950 0.047576
1 0.125033 0.747047 0.036513 0.049144
