0 0.256871 0.722676 0.104194 0.153691
0 0.258671 0.859815 0.089915 0.155369
0 0.353959 0.909732 0.089915 0.106208
0 0.704350 0.347500 0.074797 0.099866
1 0.083167 0.827827 0.040961 0.050721
1 0.243975 0.157265 0.030278 0.039631
1 0.244159 0.194312 0.029383 0.034883
1 0.186744 0.475432 0.033836 0.058649
1 0.318332 0.396124 0.025825 0.045973
1 0.287436 0.241997 0.025278 0.045252
1 0.274199 0.401380 0.023987 0.044522
1 0.254107 0.513846 0.028713 0.043347
1 0.513808 0.501430 0.030273 0.053901
1 0.515664 0.639295 0.028492 0.057064
1 0.760104 0.206401 0.027606 0.036460
1 0.763464 0.232743 0.024929 0.033289
1 0.682905 0.393033 0.028497 0.041737
1 0.728678 0.384048 0.024934 0.039622
1 0.727151 0.902513 0.032945 0.060243
1 0.714237 0.949769 0.032055 0.057072
1 0.773360 0.939853 0.029387 0.058649
1 0.874147 0.827265 0.032950 0.049144
2 0.312582 0.431934 0.028492 0.045965
2 0.765792 0.641833 0.032055 0.052307
3 0.281416 0.567471 0.034727 0.055478
3 0.725721 0.639455 0.030273 0.057064
4 0.723511 0.522148 0.139774 0.304362
5 0.272008 0.501539 0.150490 0.320210
1 0.267128 0.913695 0.034727 0.061820
1 0.306310 0.914488 0.030273 0.052315
1 0.287253 0.950155 0.032950 0.041216
1 0.225919 0.952571 0.030424 0.050562
1 0.122620 0.749438 0.036513 0.049144
