0 0.710695 0.802731 0.086442 0.148951
0 0.245424 0.674153 0.092469 0.117768
0 0.278949 0.788763 0.087304 0.129773
0 0.634314 0.567538 0.086140 0.135210
1 0.094189 0.819748 0.040961 0.050721
1 0.243975 0.172676 0.030278 0.039631
1 0.245763 0.204090 0.029387 0.034874
1 0.185351 0.497018 0.033841 0.058649
1 0.318332 0.396124 0.025825 0.045973
1 0.287620 0.241565 0.024910 0.044388
1 0.291774 0.389652 0.023313 0.041317
1 0.312088 0.518964 0.027625 0.041183
1 0.542580 0.692576 0.030278 0.055520
1 0.681197 0.920566 0.028492 0.057072
1 0.753457 0.201531 0.027601 0.042760
1 0.718598 0.412777 0.023153 0.047567
1 0.732844 0.392945 0.024934 0.039614
1 0.716666 0.905759 0.029383 0.050747
1 0.710328 0.953683 0.033624 0.053188
1 0.773360 0.939853 0.029387 0.058649
1 0.876246 0.819375 0.032945 0.049136
2 0.312542 0.434169 0.028497 0.045973
2 0.765792 0.641833 0.032055 0.052307
3 0.281381 0.564929 0.032064 0.047592
3 0.725721 0.639455 0.030273 0.057064
4 0.722462 0.522148 0.138921 0.304362
5 0.271418 0.501539 0.150490 0.320210
1 0.225827 0.669929 0.032352 0.061300
1 0.635492 0.830503 0.032041 0.058591
1 0.202964 0.704723 0.024929 0.053926
1 0.229284 0.953318 0.032950 0.047576
1 0.128457 0.743666 0.036508 0.049144
