0 0.720436 0.743293 0.093577 0.134723
0 0.267422 0.682517 0.092564 0.114262
0 0.251119 0.822789 0.099043 0.164958
0 0.658947 0.536858 0.078402 0.144270
1 0.093205 0.820466 0.040961 0.050730
1 0.243975 0.171309 0.030278 0.039631
1 0.246152 0.202529 0.029383 0.034874
1 0.185855 0.496456 0.033841 0.058649
1 0.318332 0.396124 0.025825 0.045973
1 0.287620 0.241565 0.024910 0.044388
1 0.291774 0.389652 0.023313 0.041317
1 0.312088 0.518964 0.027625 0.041183
1 0.539969 0.695428 0.030278 0.055520
1 0.691739 0.909732 0.028492 0.057064
1 0.752210 0.201216 0.027606 0.042768
1 0.766310 0.227806 0.022403 0.029555
1 0.718598 0.412777 0.023153 0.047567
1 0.732844 0.392945 0.024934 0.039614
1 0.724543 0.898821 0.029623 0.051384
1 0.715177 0.945755 0.033624 0.053188
1 0.773360 0.939853 0.029387 0.058649
1 0.876343 0.819480 0.032950 0.049144
2 0.312542 0.434169 0.028497 0.045973
2 0.765792 0.641833 0.032055 0.052307
3 0.281381 0.564929 0.032064 0.047592
3 0.725721 0.639455 0.030273 0.057064
4 0.723923 0.522148 0.138949 0.304362
5 0.271470 0.501539 0.150490 0.320210
1 0.239682 0.685168 0.032926 0.061812
1 0.754687 0.850705 0.032041 0.058591
1 0.225754 0.736380 0.032950 0.053935
1 0.229284 0.953318 0.032950 0.047576
1 0.127936 0.744178 0.036513 0.049144
