0 0.472924 0.677433 0.079298 0.141007
0 0.522599 0.905747 0.091682 0.145940
0 0.614578 0.909912 0.087253 0.131485
0 0.704350 0.352886 0.074797 0.099866
1 0.086975 0.825038 0.040961 0.050730
1 0.243975 0.162592 0.030278 0.039631
1 0.250712 0.197496 0.029387 0.034874
1 0.189055 0.492894 0.033841 0.058658
1 0.318332 0.396124 0.025825 0.045973
1 0.287620 0.241565 0.024910 0.044388
1 0.293994 0.389656 0.023313 0.041326
1 0.312088 0.518964 0.027625 0.041183
1 0.514010 0.500298 0.030273 0.053901
1 0.521642 0.650982 0.028497 0.057064
1 0.761122 0.211669 0.027606 0.036460
1 0.767038 0.231686 0.024934 0.033289
1 0.682149 0.418633 0.028492 0.047131
1 0.731656 0.390407 0.024934 0.039622
1 0.728098 0.888519 0.032606 0.059337
1 0.720092 0.945755 0.033624 0.053188
1 0.773360 0.939853 0.029387 0.058649
1 0.879472 0.820961 0.032950 0.049136
2 0.312542 0.434169 0.028497 0.045973
2 0.765792 0.641833 0.032055 0.052307
3 0.279043 0.566317 0.032064 0.047601
3 0.725721 0.639455 0.030273 0.057064
4 0.723666 0.522148 0.139463 0.304362
5 0.271805 0.501539 0.150490 0.320210
1 0.563812 0.891246 0.032931 0.061820
1 0.632959 0.736162 0.032950 0.066552
1 0.564343 0.930407 0.032945 0.053935
1 0.229284 0.953318 0.032950 0.047576
1 0.124635 0.747441 0.036508 0.049144
