0 0.645992 0.703662 0.093577 0.134723
0 0.268824 0.682370 0.092568 0.114253
0 0.277710 0.880910 0.100650 0.167810
0 0.650985 0.560768 0.078407 0.144270
1 0.092630 0.820889 0.040961 0.050721
1 0.243975 0.170503 0.030278 0.039631
1 0.246381 0.201607 0.029387 0.034874
1 0.186150 0.496128 0.033836 0.058649
1 0.318332 0.396124 0.025825 0.045973
1 0.287620 0.241565 0.024910 0.044388
1 0.291774 0.389652 0.023313 0.041317
1 0.312088 0.518964 0.027625 0.041183
1 0.540356 0.739853 0.030278 0.053901
1 0.692601 0.908809 0.028492 0.057064
1 0.749114 0.199111 0.027606 0.042768
1 0.767592 0.230294 0.024967 0.034530
1 0.718598 0.412777 0.023153 0.047567
1 0.732844 0.392945 0.024934 0.039614
1 0.726777 0.894476 0.029896 0.052122
1 0.715629 0.945755 0.033624 0.053188
1 0.773360 0.939853 0.029387 0.058649
1 0.877363 0.819660 0.032945 0.049136
2 0.312542 0.434169 0.028497 0.045973
2 0.765792 0.641833 0.032055 0.052307
3 0.281381 0.564929 0.032064 0.047592
3 0.725721 0.639455 0.030273 0.057064
4 0.723900 0.522148 0.138996 0.304362
5 0.271503 0.501539 0.150490 0.320210
1 0.247015 0.691695 0.032926 0.061812
1 0.761793 0.841602 0.032041 0.058591
1 0.227663 0.733695 0.032950 0.053935
1 0.229284 0.953318 0.032950 0.047576
1 0.127632 0.744480 0.036508 0.049144
