0 0.579628 0.893398 0.089114 0.152148
0 0.262599 0.688482 0.091522 0.153104
0 0.342500 0.852999 0.099788 0.144119
0 0.648657 0.835306 0.098907 0.171065
1 0.096899 0.817760 0.040961 0.050721
1 0.243975 0.176468 0.030278 0.039631
1 0.244684 0.208402 0.029387 0.034874
1 0.183959 0.498570 0.033836 0.058649
1 0.318332 0.396124 0.025825 0.045973
1 0.287620 0.241565 0.024910 0.044388
1 0.291774 0.389652 0.023313 0.041317
1 0.312088 0.518964 0.027625 0.041183
1 0.538103 0.713515 0.030278 0.055520
1 0.342300 0.949413 0.033845 0.057064
1 0.756904 0.202412 0.027606 0.042760
1 0.718598 0.412777 0.023153 0.047567
1 0.732844 0.392945 0.024934 0.039614
1 0.721675 0.918263 0.029383 0.050755
1 0.710328 0.953683 0.033624 0.053188
1 0.773360 0.939853 0.029387 0.058649
1 0.878233 0.819375 0.032950 0.049136
2 0.312542 0.434169 0.028497 0.045973
2 0.765792 0.641833 0.032055 0.052307
3 0.281381 0.564929 0.032064 0.047592
3 0.725721 0.639455 0.030273 0.057064
4 0.723047 0.522148 0.138921 0.304362
5 0.271275 0.501539 0.150485 0.320210
1 0.217238 0.664526 0.027069 0.052039
1 0.501197 0.949132 0.033836 0.058599
1 0.218153 0.728221 0.024929 0.053926
1 0.229284 0.953318 0.032950 0.047576
1 0.129892 0.742244 0.036513 0.049136
