1 0.873445 0.145229 0.027609 0.058569
0 0.400754 0.432715 0.080180 0.112431
0 0.272246 0.820764 0.125195 0.216361
0 0.582437 0.328264 0.081016 0.167833
0 0.733598 0.690167 0.109523 0.197944
1 0.426410 0.428479 0.034727 0.071236
1 0.587293 0.535597 0.033836 0.066500
1 0.528223 0.293132 0.032945 0.060153
1 0.543660 0.150118 0.029383 0.050653
1 0.736445 0.127938 0.023156 0.041125
1 0.815715 0.046375 0.023148 0.045917
1 0.936355 0.799174 0.034727 0.066486
1 0.282750 0.183368 0.027609 0.047486
1 0.584621 0.596549 0.032945 0.066486
1 0.473309 0.372549 0.035617 0.066486
2 0.896730 0.622667 0.032055 0.068083
3 0.255594 0.313965 0.028500 0.049069
3 0.787344 0.310083 0.028516 0.045861
4 0.835734 0.435069 0.175422 0.351444
5 0.257375 0.449319 0.174531 0.357778
1 0.301645 0.893361 0.037398 0.064917
1 0.225379 0.953521 0.040070 0.052236
1 0.570836 0.932021 0.046297 0.071236
2 0.397707 0.895382 0.048977 0.088653
