0 0.471977 0.687122 0.079298 0.141007
0 0.579013 0.900084 0.091682 0.145940
0 0.671977 0.912622 0.087253 0.131485
0 0.704350 0.351716 0.074797 0.099874
1 0.086148 0.825642 0.040966 0.050730
1 0.243975 0.161435 0.030278 0.039631
1 0.249288 0.196799 0.029387 0.034874
1 0.189482 0.492424 0.033836 0.058658
1 0.318332 0.396124 0.025825 0.045973
1 0.287620 0.241565 0.024910 0.044388
1 0.294484 0.389656 0.023313 0.041326
1 0.312088 0.518964 0.027625 0.041183
1 0.513966 0.500545 0.030278 0.053893
1 0.523697 0.637995 0.028497 0.057064
1 0.760900 0.210529 0.027606 0.036460
1 0.766261 0.231913 0.024934 0.033289
1 0.682314 0.413070 0.028492 0.045956
1 0.731011 0.389023 0.024934 0.039622
1 0.727917 0.888859 0.032950 0.060235
1 0.720742 0.945755 0.033624 0.053188
1 0.773360 0.939853 0.029387 0.058649
1 0.876642 0.820961 0.032945 0.049136
2 0.312542 0.434169 0.028497 0.045973
2 0.765792 0.641833 0.032055 0.052307
3 0.280165 0.566514 0.032064 0.047592
3 0.725721 0.639455 0.030273 0.057064
4 0.723633 0.522148 0.139529 0.304362
5 0.271847 0.501539 0.150490 0.320210
1 0.608075 0.901124 0.032926 0.061812
1 0.630438 0.807500 0.032950 0.066560
1 0.622017 0.924597 0.032950 0.054312
1 0.229284 0.953318 0.032950 0.047576
1 0.124199 0.747873 0.036513 0.049136
