0 0.584046 0.674899 0.079298 0.141007
0 0.280575 0.866560 0.080999 0.171745
0 0.365214 0.909090 0.087253 0.131485
0 0.689814 0.314438 0.075707 0.096728
1 0.089053 0.823511 0.040961 0.050730
1 0.243975 0.165495 0.030278 0.039631
1 0.260921 0.197857 0.029383 0.034874
1 0.187988 0.494081 0.033836 0.058649
1 0.318332 0.396124 0.025825 0.045973
1 0.287620 0.241565 0.024910 0.044388
1 0.292764 0.389652 0.023313 0.041317
1 0.312088 0.518964 0.027625 0.041183
1 0.514691 0.498880 0.030278 0.053901
1 0.611996 0.676594 0.028497 0.057064
1 0.759312 0.210570 0.027606 0.036460
1 0.769041 0.233746 0.024934 0.037710
1 0.720342 0.408020 0.023153 0.047567
1 0.732844 0.392945 0.024934 0.039614
1 0.728534 0.889060 0.031612 0.056678
1 0.718452 0.945755 0.033624 0.053188
1 0.773360 0.939853 0.029387 0.058649
1 0.883685 0.820784 0.032950 0.049136
2 0.312542 0.434169 0.028497 0.045973
2 0.765792 0.641833 0.032055 0.052307
3 0.280339 0.565549 0.032064 0.047592
3 0.725721 0.639455 0.030273 0.057064
4 0.723754 0.522148 0.139288 0.304362
5 0.271692 0.501539 0.150490 0.320210
1 0.304093 0.899547 0.032926 0.061812
1 0.637370 0.656456 0.029133 0.065176
1 0.310443 0.951963 0.032950 0.053926
1 0.229284 0.953318 0.032950 0.047576
1 0.125738 0.746355 0.036508 0.049136
