1 0.874082 0.144951 0.027602 0.058569
0 0.494316 0.426160 0.080555 0.112431
0 0.394051 0.547451 0.107758 0.205764
0 0.665906 0.337500 0.100609 0.158389
0 0.733059 0.727889 0.107258 0.221667
1 0.525168 0.427389 0.034727 0.071250
1 0.573270 0.429160 0.033836 0.066486
1 0.527754 0.293965 0.032945 0.060153
1 0.543660 0.150118 0.029383 0.050653
1 0.736445 0.127944 0.023156 0.041139
1 0.815992 0.045389 0.023156 0.045917
1 0.936355 0.799174 0.034727 0.066486
1 0.282750 0.183368 0.027609 0.047486
1 0.584621 0.596549 0.032945 0.066486
1 0.641957 0.355924 0.035617 0.066486
2 0.896730 0.622667 0.032055 0.068083
3 0.255594 0.313965 0.028500 0.049069
3 0.786258 0.308701 0.028516 0.045875
4 0.835734 0.435069 0.175422 0.351444
5 0.257375 0.449319 0.174531 0.357778
1 0.410980 0.507896 0.037398 0.064903
1 0.221816 0.953521 0.040070 0.052236
1 0.569980 0.932813 0.046305 0.071236
2 0.398246 0.895493 0.048977 0.088653
