0 0.433754 0.647257 0.092644 0.152114
0 0.385144 0.901628 0.091682 0.145940
0 0.607575 0.885977 0.090844 0.163213
0 0.704350 0.349920 0.074797 0.099874
1 0.084877 0.826573 0.040961 0.050730
1 0.243975 0.159656 0.030278 0.039631
1 0.247104 0.195742 0.029383 0.034874
1 0.190132 0.491699 0.033836 0.058649
1 0.318332 0.396124 0.025825 0.045973
1 0.287620 0.241565 0.024910 0.044388
1 0.295233 0.389656 0.023313 0.041326
1 0.310393 0.501871 0.027620 0.041191
1 0.513900 0.500923 0.030278 0.053893
1 0.520276 0.638549 0.028497 0.057064
1 0.760561 0.208767 0.027606 0.036460
1 0.765071 0.232265 0.024929 0.033289
1 0.682566 0.404539 0.028497 0.044161
1 0.730016 0.386904 0.024934 0.039614
1 0.727592 0.894673 0.032950 0.060235
1 0.718838 0.947949 0.032059 0.057072
1 0.773360 0.939853 0.029387 0.058649
1 0.872300 0.820961 0.032950 0.049136
2 0.312542 0.434169 0.028497 0.045973
2 0.765792 0.641833 0.032055 0.052307
3 0.281480 0.563083 0.032064 0.047592
3 0.725721 0.639455 0.030273 0.057064
4 0.723582 0.522148 0.139632 0.304362
5 0.271913 0.501539 0.150490 0.320210
1 0.406140 0.911644 0.032931 0.061812
1 0.435335 0.884543 0.032950 0.066552
1 0.434093 0.937622 0.032945 0.055512
1 0.229284 0.953318 0.032950 0.047576
1 0.123527 0.748540 0.036508 0.049144
