0 0.357848 0.183896 0.072133 0.099736
0 0.338094 0.821924 0.113984 0.215292
0 0.680199 0.167799 0.064117 0.123486
0 0.793438 0.807090 0.087266 0.193125
1 0.530113 0.429007 0.034727 0.071236
1 0.575805 0.426757 0.033844 0.066486
1 0.527074 0.295174 0.032945 0.060153
1 0.543660 0.150118 0.029383 0.050653
1 0.736445 0.127951 0.023156 0.041153
1 0.816391 0.043965 0.023156 0.045903
1 0.936355 0.799174 0.034727 0.066486
1 0.282750 0.183368 0.027609 0.047486
1 0.584621 0.596549 0.032945 0.066486
1 0.674645 0.429826 0.035617 0.066486
2 0.870910 0.736646 0.032055 0.068069
3 0.296535 0.226896 0.026680 0.049069
3 0.705969 0.130910 0.027609 0.045903
4 0.835734 0.435069 0.175422 0.351444
5 0.256273 0.449972 0.174531 0.357778
1 0.428332 0.439424 0.037398 0.064903
1 0.216645 0.953521 0.040070 0.052236
1 0.568738 0.933979 0.046305 0.071236
2 0.399027 0.895660 0.048977 0.088653
