0 0.694255 0.706518 0.093572 0.134715
0 0.272107 0.684794 0.092564 0.114253
0 0.273209 0.863872 0.100650 0.167810
0 0.653466 0.553393 0.078402 0.144270
1 0.092995 0.820621 0.040966 0.050721
1 0.243975 0.171007 0.030278 0.039631
1 0.246235 0.202194 0.029387 0.034874
1 0.185964 0.496338 0.033841 0.058649
1 0.318332 0.396124 0.025825 0.045973
1 0.287620 0.241565 0.024910 0.044388
1 0.291774 0.389652 0.023313 0.041317
1 0.312088 0.518964 0.027625 0.041183
1 0.540860 0.716191 0.030278 0.055201
1 0.692055 0.909392 0.028492 0.057072
1 0.751715 0.200965 0.027606 0.042768
1 0.766781 0.228721 0.023346 0.031384
1 0.718598 0.412777 0.023153 0.047567
1 0.732844 0.392945 0.024934 0.039614
1 0.725361 0.897223 0.029722 0.051661
1 0.715342 0.945755 0.033624 0.053188
1 0.773360 0.939853 0.029387 0.058649
1 0.876718 0.819547 0.032945 0.049144
2 0.312542 0.434169 0.028497 0.045973
2 0.765792 0.641833 0.032055 0.052307
3 0.281381 0.564929 0.032064 0.047592
3 0.725721 0.639455 0.030273 0.057064
4 0.723916 0.522148 0.138963 0.304362
5 0.271484 0.501539 0.150490 0.320210
1 0.242368 0.687567 0.032926 0.061812
1 0.757293 0.847366 0.032041 0.058591
1 0.228292 0.737026 0.032945 0.053935
1 0.229284 0.953318 0.032950 0.047576
1 0.127825 0.744287 0.036508 0.049144
