1 0.217462 0.680789 0.031654 0.052232
0 0.566581 0.899148 0.089119 0.152156
0 0.260408 0.744044 0.096744 0.165336
0 0.307486 0.902236 0.092286 0.135243
0 0.647022 0.841674 0.098907 0.171065
1 0.097898 0.817026 0.040961 0.050730
1 0.243975 0.177869 0.030278 0.039631
1 0.244288 0.209996 0.029387 0.034874
1 0.183445 0.499140 0.033836 0.058649
1 0.318332 0.396124 0.025825 0.045973
1 0.287620 0.241565 0.024910 0.044388
1 0.291774 0.389652 0.023313 0.041317
1 0.312088 0.518964 0.027625 0.041183
1 0.538433 0.712001 0.030278 0.055512
1 0.256367 0.907487 0.033845 0.057072
1 0.758174 0.202731 0.027601 0.042760
1 0.718598 0.412777 0.023153 0.047567
1 0.732844 0.392945 0.024934 0.039614
1 0.722646 0.916053 0.029383 0.050747
1 0.710328 0.953683 0.033624 0.053188
1 0.773360 0.939853 0.029387 0.058649
1 0.878968 0.819375 0.032950 0.049136
2 0.312542 0.434169 0.028497 0.045973
2 0.765792 0.641833 0.032055 0.052307
3 0.281381 0.564929 0.032064 0.047592
3 0.725721 0.639455 0.030273 0.057064
4 0.723047 0.522148 0.138921 0.304362
5 0.271221 0.501539 0.150490 0.320210
1 0.232333 0.637433 0.024939 0.045990
1 0.499972 0.946900 0.033836 0.058599
1 0.229284 0.953318 0.032950 0.047576
1 0.130422 0.741720 0.036508 0.049144
