0 0.629647 0.697764 0.084647 0.148968
0 0.252137 0.684228 0.096103 0.126812
0 0.313787 0.899799 0.090118 0.136913
0 0.599222 0.359316 0.065052 0.106233
1 0.090014 0.822806 0.040961 0.050730
1 0.243975 0.166841 0.030278 0.039622
1 0.258956 0.197802 0.029383 0.034883
1 0.187495 0.494631 0.033841 0.058658
1 0.318332 0.396124 0.025825 0.045973
1 0.287620 0.241565 0.024910 0.044388
1 0.292196 0.389652 0.023318 0.041317
1 0.312088 0.518964 0.027625 0.041183
1 0.515379 0.497706 0.030278 0.053901
1 0.704326 0.896657 0.031169 0.057072
1 0.758299 0.209765 0.027606 0.036460
1 0.770040 0.238024 0.024934 0.045344
1 0.721569 0.409950 0.023148 0.047567
1 0.732844 0.392945 0.024934 0.039614
1 0.728739 0.889312 0.031155 0.055453
1 0.717693 0.945755 0.033624 0.053188
1 0.773360 0.939853 0.029387 0.058649
1 0.881986 0.820482 0.032945 0.049136
2 0.312542 0.434169 0.028497 0.045973
2 0.765792 0.641833 0.032055 0.052307
3 0.280938 0.565197 0.032064 0.047592
3 0.725721 0.639455 0.030273 0.057064
4 0.723791 0.522148 0.139213 0.304362
5 0.271640 0.501539 0.150490 0.320210
1 0.226463 0.692525 0.032926 0.061812
1 0.771331 0.754073 0.032041 0.058599
1 0.220377 0.779060 0.032950 0.053926
1 0.229284 0.953318 0.032950 0.047576
1 0.126246 0.745847 0.036508 0.049144
