0 0.489112 0.681032 0.079298 0.141007
0 0.556499 0.905747 0.091687 0.145940
0 0.651008 0.912613 0.087257 0.131485
0 0.704350 0.352206 0.074797 0.099866
1 0.086494 0.825390 0.040961 0.050730
1 0.243975 0.161921 0.030278 0.039631
1 0.249885 0.197093 0.029383 0.034874
1 0.189303 0.492622 0.033836 0.058649
1 0.318332 0.396124 0.025825 0.045973
1 0.287620 0.241565 0.024910 0.044388
1 0.294277 0.389656 0.023313 0.041326
1 0.312088 0.518964 0.027625 0.041183
1 0.513984 0.500440 0.030278 0.053901
1 0.524171 0.639274 0.028492 0.057072
1 0.760992 0.211007 0.027601 0.036460
1 0.766586 0.231820 0.024934 0.033289
1 0.682246 0.415398 0.028497 0.046451
1 0.731279 0.389602 0.024934 0.039622
1 0.727997 0.888393 0.032837 0.059941
1 0.720469 0.945755 0.033624 0.053188
1 0.773360 0.939853 0.029387 0.058649
1 0.877828 0.820961 0.032950 0.049136
2 0.312542 0.434169 0.028497 0.045973
2 0.765792 0.641833 0.032055 0.052307
3 0.278746 0.566497 0.032064 0.047592
3 0.725721 0.639455 0.030273 0.057064
4 0.723648 0.522148 0.139500 0.304362
5 0.271828 0.501539 0.150490 0.320210
1 0.595214 0.899572 0.032926 0.061812
1 0.626833 0.770168 0.032950 0.066560
1 0.607853 0.926804 0.032945 0.053926
1 0.229284 0.953318 0.032950 0.047576
1 0.124380 0.747693 0.036508 0.049144
