0 0.620627 0.863641 0.094458 0.172517
0 0.253862 0.679337 0.092125 0.130554
0 0.258266 0.818687 0.085297 0.165545
0 0.611423 0.698536 0.089227 0.143649
1 0.095170 0.819027 0.040961 0.050721
1 0.243975 0.174052 0.030278 0.039631
1 0.245372 0.205650 0.029387 0.034874
1 0.184847 0.497580 0.033841 0.058649
1 0.318332 0.396124 0.025825 0.045973
1 0.287620 0.241565 0.024910 0.044388
1 0.291774 0.389652 0.023313 0.041317
1 0.312088 0.518964 0.027625 0.041183
1 0.542184 0.703851 0.030278 0.055520
1 0.534767 0.948574 0.030872 0.057064
1 0.754703 0.201850 0.027606 0.042760
1 0.718598 0.412777 0.023153 0.047567
1 0.732844 0.392945 0.024934 0.039614
1 0.719993 0.922089 0.029383 0.050755
1 0.710328 0.953683 0.033624 0.053188
1 0.773360 0.939853 0.029387 0.058649
1 0.876965 0.819375 0.032950 0.049136
2 0.312542 0.434169 0.028497 0.045973
2 0.765792 0.641833 0.032055 0.052307
3 0.281381 0.564929 0.032064 0.047592
3 0.725721 0.639455 0.030273 0.057064
4 0.723047 0.522148 0.138921 0.304362
5 0.271367 0.501539 0.150490 0.320210
1 0.224213 0.665784 0.031178 0.060243
1 0.545650 0.839484 0.033836 0.058599
1 0.205971 0.702387 0.024929 0.053935
1 0.229284 0.953318 0.032950 0.047576
1 0.128975 0.743150 0.036508 0.049136
