0 0.673087 0.848817 0.097879 0.174983
0 0.249065 0.676388 0.092323 0.123280
0 0.265179 0.790398 0.097408 0.172592
0 0.597066 0.638410 0.086046 0.137156
1 0.094609 0.819438 0.040961 0.050721
1 0.243975 0.173272 0.030278 0.039631
1 0.245594 0.204761 0.029387 0.034874
1 0.185132 0.497261 0.033836 0.058649
1 0.318332 0.396124 0.025825 0.045973
1 0.287620 0.241565 0.024910 0.044388
1 0.291774 0.389652 0.023313 0.041317
1 0.312088 0.518964 0.027625 0.041183
1 0.538475 0.712659 0.030278 0.055520
1 0.649734 0.946460 0.028497 0.057064
1 0.753994 0.201669 0.027601 0.042768
1 0.718598 0.412777 0.023153 0.047567
1 0.732844 0.392945 0.024934 0.039614
1 0.725653 0.919643 0.029383 0.050747
1 0.710328 0.953683 0.033624 0.053188
1 0.773360 0.939853 0.029387 0.058649
1 0.876555 0.819375 0.032950 0.049136
2 0.312542 0.434169 0.028497 0.045973
2 0.765792 0.641833 0.032055 0.052307
3 0.281381 0.564929 0.032064 0.047592
3 0.725721 0.639455 0.030273 0.057064
4 0.722802 0.522148 0.138921 0.304362
5 0.271395 0.501539 0.150490 0.320210
1 0.225132 0.668142 0.031847 0.060847
1 0.600667 0.846883 0.032041 0.058599
1 0.204722 0.703628 0.024929 0.053935
1 0.229284 0.953318 0.032950 0.047576
1 0.128678 0.743444 0.036508 0.049136
