0 0.569489 0.896565 0.089119 0.152156
0 0.254637 0.692668 0.092234 0.164211
0 0.353042 0.889178 0.090910 0.153020
0 0.646614 0.840579 0.098902 0.171074
1 0.097516 0.817307 0.040961 0.050721
1 0.243975 0.177332 0.030278 0.039631
1 0.244439 0.209383 0.029387 0.034874
1 0.183640 0.498922 0.033841 0.058649
1 0.318332 0.396124 0.025825 0.045973
1 0.287620 0.241565 0.024910 0.044388
1 0.291774 0.389652 0.023313 0.041317
1 0.312088 0.518964 0.027625 0.041183
1 0.538306 0.712584 0.030278 0.055520
1 0.295933 0.950025 0.033845 0.057064
1 0.757686 0.202609 0.027606 0.042768
1 0.718598 0.412777 0.023153 0.047567
1 0.732844 0.392945 0.024934 0.039614
1 0.722274 0.916900 0.029383 0.050747
1 0.710328 0.953683 0.033624 0.053188
1 0.773360 0.939853 0.029387 0.058649
1 0.878685 0.819375 0.032950 0.049136
2 0.312542 0.434169 0.028497 0.045973
2 0.765792 0.641833 0.032055 0.052307
3 0.281381 0.564929 0.032064 0.047592
3 0.725721 0.639455 0.030273 0.057064
4 0.723047 0.522148 0.138921 0.304362
5 0.271242 0.501539 0.150485 0.320210
1 0.227208 0.644002 0.024943 0.045990
1 0.500443 0.947760 0.033836 0.058591
1 0.229284 0.953318 0.032950 0.047576
1 0.130217 0.741921 0.036513 0.049144
