0 0.361211 0.190396 0.072125 0.099736
0 0.341859 0.803590 0.113984 0.215292
0 0.680297 0.179236 0.064109 0.123472
0 0.787500 0.775431 0.087266 0.193139
1 0.529969 0.429354 0.034734 0.071236
1 0.575637 0.426910 0.033836 0.066486
1 0.527121 0.295090 0.032945 0.060153
1 0.543660 0.150118 0.029383 0.050653
1 0.736445 0.127951 0.023156 0.041153
1 0.816367 0.044063 0.023156 0.045903
1 0.936355 0.799174 0.034727 0.066486
1 0.282750 0.183368 0.027609 0.047486
1 0.584621 0.596549 0.032945 0.066486
1 0.674598 0.429965 0.035617 0.066486
2 0.896434 0.654326 0.032055 0.068069
3 0.277559 0.240090 0.028492 0.049069
3 0.706473 0.143521 0.027914 0.045903
4 0.835734 0.435069 0.175422 0.351444
5 0.256484 0.449847 0.174531 0.357778
1 0.428332 0.439472 0.037398 0.064917
1 0.216980 0.953521 0.040070 0.052236
1 0.568816 0.933896 0.046305 0.071236
2 0.398980 0.895653 0.048977 0.088639
