0 0.652005 0.679287 0.077969 0.139815
0 0.268723 0.742861 0.102347 0.176040
0 0.298301 0.898670 0.087253 0.131485
0 0.663921 0.317139 0.075872 0.098456
1 0.089515 0.823175 0.040961 0.050730
1 0.243975 0.166141 0.030278 0.039631
1 0.266131 0.197219 0.029387 0.034874
1 0.187752 0.494346 0.033836 0.058658
1 0.318332 0.396124 0.025825 0.045973
1 0.287620 0.241565 0.024910 0.044388
1 0.292491 0.389652 0.023313 0.041317
1 0.312088 0.518964 0.027625 0.041183
1 0.515021 0.498318 0.030278 0.053901
1 0.687877 0.719111 0.028497 0.057064
1 0.758827 0.210185 0.027606 0.036460
1 0.769522 0.235797 0.024934 0.041376
1 0.722627 0.408951 0.023153 0.047567
1 0.732844 0.392945 0.024934 0.039614
1 0.728633 0.889182 0.031395 0.056099
1 0.718089 0.945755 0.033624 0.053188
1 0.773360 0.939853 0.029387 0.058649
1 0.882870 0.820638 0.032950 0.049144
2 0.312542 0.434169 0.028497 0.045973
2 0.765792 0.641833 0.032055 0.052307
3 0.280627 0.565382 0.032064 0.047592
3 0.725721 0.639455 0.030273 0.057064
4 0.723772 0.522148 0.139251 0.304362
5 0.271668 0.501539 0.150490 0.320210
1 0.258900 0.785302 0.032926 0.061812
1 0.716369 0.669593 0.028497 0.064958
1 0.247759 0.870096 0.032945 0.053935
1 0.229284 0.953318 0.032950 0.047576
1 0.125980 0.746112 0.036513 0.049136
