0 0.259543 0.721091 0.104194 0.153691
0 0.257634 0.859815 0.091989 0.155369
0 0.357818 0.911317 0.089915 0.106208
0 0.704350 0.347525 0.074797 0.099866
1 0.083186 0.827815 0.040961 0.050730
1 0.243975 0.157290 0.030278 0.039631
1 0.244192 0.194325 0.029383 0.034874
1 0.186824 0.475768 0.033836 0.058649
1 0.318332 0.396124 0.025825 0.045973
1 0.287498 0.241854 0.025156 0.044966
1 0.275108 0.398570 0.023704 0.043951
1 0.254736 0.512911 0.028351 0.042634
1 0.513810 0.501426 0.030278 0.053893
1 0.515716 0.639287 0.028492 0.057064
1 0.760108 0.206426 0.027606 0.036460
1 0.763480 0.232735 0.024934 0.033289
1 0.682903 0.393163 0.028492 0.041762
1 0.728692 0.384077 0.024934 0.039614
1 0.727156 0.902424 0.032945 0.060235
1 0.714288 0.949748 0.032055 0.057064
1 0.773360 0.939853 0.029387 0.058649
1 0.874109 0.827181 0.032950 0.049144
2 0.312868 0.432148 0.028497 0.045973
2 0.765792 0.641833 0.032055 0.052307
3 0.281256 0.566896 0.034727 0.055487
3 0.725721 0.639455 0.030273 0.057064
4 0.723511 0.522148 0.139774 0.304362
5 0.272005 0.501539 0.150485 0.320210
1 0.268761 0.913964 0.034731 0.061820
1 0.307071 0.913582 0.030278 0.052315
1 0.287877 0.950155 0.032945 0.041216
1 0.226117 0.952617 0.030575 0.050386
1 0.122630 0.749425 0.036513 0.049136
