1 0.873109 0.145382 0.027609 0.058569
0 0.398539 0.429708 0.102391 0.140583
0 0.299203 0.844306 0.144297 0.223111
0 0.677438 0.341194 0.092625 0.167833
0 0.685215 0.677236 0.119383 0.178833
1 0.374465 0.409750 0.034727 0.060167
1 0.649004 0.567424 0.033836 0.066486
1 0.528465 0.292694 0.032945 0.060167
1 0.543660 0.150118 0.029383 0.050653
1 0.736445 0.127938 0.023156 0.041125
1 0.815570 0.046889 0.023156 0.045917
1 0.936355 0.799174 0.034727 0.066486
1 0.282750 0.183368 0.027609 0.047486
1 0.584621 0.596549 0.032945 0.066486
1 0.477059 0.381104 0.035617 0.066486
2 0.896730 0.622667 0.032055 0.068083
3 0.255594 0.313965 0.028500 0.049069
3 0.787914 0.310806 0.028516 0.045861
4 0.835734 0.435069 0.175422 0.351444
5 0.257375 0.449319 0.174531 0.357778
1 0.334844 0.864340 0.037406 0.064903
1 0.333504 0.938479 0.040070 0.066514
1 0.571285 0.931604 0.046305 0.071236
2 0.402566 0.883576 0.048977 0.088653
