0 0.348805 0.708012 0.081051 0.137836
0 0.231070 0.824144 0.096136 0.155369
0 0.503537 0.884883 0.084614 0.156946
0 0.704350 0.348616 0.074797 0.099866
1 0.083954 0.827248 0.040961 0.050721
1 0.243975 0.158368 0.030278 0.039622
1 0.245516 0.194971 0.029383 0.034874
1 0.190061 0.489220 0.033836 0.058658
1 0.318332 0.396124 0.025825 0.045973
1 0.287620 0.241565 0.024910 0.044388
1 0.292557 0.389526 0.023134 0.042794
1 0.288047 0.479333 0.027620 0.041183
1 0.513850 0.501195 0.030273 0.053901
1 0.517787 0.638951 0.028497 0.057064
1 0.760313 0.207492 0.027601 0.036460
1 0.764206 0.232525 0.024934 0.033289
1 0.682750 0.398331 0.028497 0.042852
1 0.729295 0.385365 0.024934 0.039622
1 0.727354 0.898901 0.032945 0.060235
1 0.716357 0.948930 0.032055 0.057072
1 0.773360 0.939853 0.029387 0.058649
1 0.872578 0.823775 0.032950 0.049144
2 0.312542 0.434169 0.028497 0.045973
2 0.765792 0.641833 0.032055 0.052307
3 0.283381 0.562957 0.033398 0.051535
3 0.725721 0.639455 0.030273 0.057064
4 0.723544 0.522148 0.139708 0.304362
5 0.271965 0.501539 0.150490 0.320210
1 0.260012 0.868129 0.032926 0.061812
1 0.313433 0.896628 0.030278 0.062668
1 0.294644 0.942739 0.032945 0.053364
1 0.229284 0.953318 0.032950 0.047576
1 0.123037 0.749023 0.036508 0.049136
