0 0.587420 0.675008 0.079298 0.141007
0 0.278094 0.864354 0.080108 0.173893
0 0.362476 0.909425 0.087253 0.131485
0 0.689665 0.314136 0.075702 0.096728
1 0.089072 0.823498 0.040961 0.050721
1 0.243975 0.165520 0.030278 0.039631
1 0.261183 0.197831 0.029387 0.034874
1 0.187978 0.494094 0.033836 0.058658
1 0.318332 0.396124 0.025825 0.045973
1 0.287620 0.241565 0.024910 0.044388
1 0.292754 0.389652 0.023313 0.041317
1 0.312088 0.518964 0.027625 0.041183
1 0.514705 0.498859 0.030278 0.053893
1 0.614541 0.676254 0.028497 0.057072
1 0.759293 0.210554 0.027606 0.036460
1 0.769062 0.233830 0.024929 0.037861
1 0.720627 0.408062 0.023148 0.047567
1 0.732844 0.392945 0.024934 0.039614
1 0.728539 0.889069 0.031602 0.056661
1 0.718438 0.945755 0.033624 0.053188
1 0.773360 0.939853 0.029387 0.058649
1 0.883650 0.820780 0.032945 0.049144
2 0.312542 0.434169 0.028497 0.045973
2 0.765792 0.641833 0.032055 0.052307
3 0.280349 0.565541 0.032064 0.047592
3 0.725721 0.639455 0.030273 0.057064
4 0.723754 0.522148 0.139288 0.304362
5 0.271692 0.501539 0.150490 0.320210
1 0.300530 0.900680 0.032926 0.061812
1 0.639248 0.654702 0.028817 0.065076
1 0.307707 0.952643 0.032945 0.053926
1 0.229284 0.953318 0.032950 0.047576
1 0.125747 0.746342 0.036508 0.049144
