0 0.430464 0.650180 0.092644 0.152106
0 0.352731 0.902894 0.091682 0.145940
0 0.594442 0.884786 0.090844 0.163213
0 0.704350 0.349757 0.074797 0.099866
1 0.084764 0.826657 0.040961 0.050730
1 0.243975 0.159497 0.030278 0.039631
1 0.246906 0.195642 0.029383 0.034874
1 0.190193 0.491632 0.033836 0.058649
1 0.318332 0.396124 0.025825 0.045973
1 0.287620 0.241565 0.024910 0.044388
1 0.295304 0.389656 0.023313 0.041326
1 0.310002 0.497928 0.027620 0.041191
1 0.513893 0.500956 0.030273 0.053893
1 0.519965 0.638599 0.028497 0.057064
1 0.760528 0.208607 0.027606 0.036460
1 0.764962 0.232299 0.024929 0.033289
1 0.682590 0.403763 0.028497 0.044002
1 0.729927 0.386711 0.024934 0.039614
1 0.727561 0.895201 0.032945 0.060235
1 0.718527 0.948070 0.032059 0.057064
1 0.773360 0.939853 0.029387 0.058649
1 0.871906 0.820961 0.032945 0.049136
2 0.312542 0.434169 0.028497 0.045973
2 0.765792 0.641833 0.032055 0.052307
3 0.280886 0.562290 0.032064 0.047601
3 0.725721 0.639455 0.030273 0.057064
4 0.723577 0.522148 0.139642 0.304362
5 0.271923 0.501539 0.150490 0.320210
1 0.378537 0.913544 0.032926 0.061820
1 0.406305 0.895638 0.032950 0.066560
1 0.403282 0.947131 0.032945 0.055503
1 0.229284 0.953318 0.032950 0.047576
1 0.123466 0.748599 0.036508 0.049144
