0 0.609496 0.742487 0.072205 0.164807
0 0.267161 0.697278 0.096103 0.141166
0 0.291614 0.861380 0.091730 0.180545
0 0.539187 0.543528 0.072163 0.137911
1 0.090994 0.822089 0.040961 0.050721
1 0.243975 0.168213 0.030278 0.039631
1 0.247031 0.199006 0.029387 0.034874
1 0.186991 0.495193 0.033841 0.058658
1 0.318332 0.396124 0.025825 0.045973
1 0.287620 0.241565 0.024910 0.044388
1 0.291774 0.389652 0.023313 0.041317
1 0.312088 0.518964 0.027625 0.041183
1 0.520912 0.648964 0.030278 0.053901
1 0.695042 0.906200 0.028492 0.057064
1 0.759001 0.188242 0.027606 0.050176
1 0.779149 0.225461 0.024934 0.039664
1 0.719493 0.411921 0.023153 0.047567
1 0.732844 0.392945 0.024934 0.039614
1 0.728947 0.889568 0.030683 0.054203
1 0.716920 0.945755 0.033624 0.053188
1 0.773360 0.939853 0.029387 0.058649
1 0.880252 0.820176 0.032945 0.049144
2 0.312542 0.434169 0.028497 0.045973
2 0.765792 0.641833 0.032055 0.052307
3 0.281381 0.564929 0.032064 0.047592
3 0.725721 0.639455 0.030273 0.057064
4 0.723834 0.522148 0.139128 0.304362
5 0.271588 0.501539 0.150490 0.320210
1 0.230181 0.719513 0.032926 0.061812
1 0.772924 0.821539 0.032041 0.058599
1 0.206722 0.736149 0.032945 0.053926
1 0.229284 0.953318 0.032950 0.047576
1 0.126765 0.745336 0.036508 0.049144
