0 0.749029 0.776569 0.093582 0.163221
0 0.254328 0.673838 0.092568 0.114253
0 0.236044 0.789174 0.103445 0.147173
0 0.668994 0.504421 0.087319 0.129950
1 0.093648 0.820143 0.040961 0.050721
1 0.243975 0.171925 0.030278 0.039622
1 0.245975 0.203234 0.029387 0.034874
1 0.185627 0.496711 0.033836 0.058658
1 0.318332 0.396124 0.025825 0.045973
1 0.287620 0.241565 0.024910 0.044388
1 0.291774 0.389652 0.023313 0.041317
1 0.312088 0.518964 0.027625 0.041183
1 0.549705 0.673029 0.030278 0.055520
1 0.691077 0.910436 0.028497 0.057064
1 0.752771 0.201359 0.027606 0.042768
1 0.765330 0.225902 0.020443 0.025747
1 0.718598 0.412777 0.023153 0.047567
1 0.732844 0.392945 0.024934 0.039614
1 0.722828 0.902152 0.029416 0.050831
1 0.714828 0.945755 0.033624 0.053188
1 0.773360 0.939853 0.029387 0.058649
1 0.875851 0.819375 0.032945 0.049136
2 0.312542 0.434169 0.028497 0.045973
2 0.765792 0.641833 0.032055 0.052307
3 0.281381 0.564929 0.032064 0.047592
3 0.725721 0.639455 0.030273 0.057064
4 0.723174 0.522148 0.138921 0.304362
5 0.271447 0.501539 0.150490 0.320210
1 0.229588 0.675134 0.032926 0.061812
1 0.742349 0.862206 0.032041 0.058591
1 0.200796 0.715013 0.029369 0.053935
1 0.229284 0.953318 0.032950 0.047576
1 0.128169 0.743947 0.036508 0.049136
