0 0.574656 0.893133 0.089114 0.152156
0 0.261209 0.688888 0.091494 0.154119
0 0.345643 0.852626 0.099788 0.144111
0 0.646579 0.838343 0.098907 0.171065
1 0.096975 0.817701 0.040961 0.050721
1 0.243975 0.176577 0.030278 0.039631
1 0.244654 0.208528 0.029383 0.034874
1 0.183918 0.498612 0.033841 0.058649
1 0.318332 0.396124 0.025825 0.045973
1 0.287620 0.241565 0.024910 0.044388
1 0.291774 0.389652 0.023313 0.041317
1 0.312088 0.518964 0.027625 0.041183
1 0.538129 0.713398 0.030273 0.055520
1 0.335596 0.951275 0.033850 0.057064
1 0.757000 0.202437 0.027601 0.042760
1 0.718598 0.412777 0.023153 0.047567
1 0.732844 0.392945 0.024934 0.039614
1 0.721751 0.918091 0.029383 0.050747
1 0.710328 0.953683 0.033624 0.053188
1 0.773360 0.939853 0.029387 0.058649
1 0.878289 0.819375 0.032950 0.049136
2 0.312542 0.434169 0.028497 0.045973
2 0.765792 0.641833 0.032055 0.052307
3 0.281381 0.564929 0.032064 0.047592
3 0.725721 0.639455 0.030273 0.057064
4 0.723047 0.522148 0.138921 0.304362
5 0.271272 0.501539 0.150490 0.320210
1 0.218864 0.662051 0.026296 0.049841
1 0.501103 0.948960 0.033836 0.058591
1 0.218153 0.728221 0.024929 0.053926
1 0.229284 0.953318 0.032950 0.047576
1 0.129932 0.742206 0.036508 0.049144
