0 0.639027 0.689622 0.082135 0.145973
0 0.256633 0.688972 0.097573 0.137223
0 0.305266 0.898855 0.087253 0.131485
0 0.614484 0.345164 0.068355 0.106233
1 0.089877 0.822907 0.040961 0.050730
1 0.243975 0.166653 0.030278 0.039631
1 0.260888 0.197647 0.029383 0.034874
1 0.187564 0.494555 0.033836 0.058658
1 0.318332 0.396124 0.025825 0.045973
1 0.287620 0.241565 0.024910 0.044388
1 0.292274 0.389652 0.023313 0.041317
1 0.312088 0.518964 0.027625 0.041183
1 0.515283 0.497873 0.030273 0.053901
1 0.700002 0.858960 0.028497 0.057064
1 0.758440 0.209883 0.027606 0.036460
1 0.769899 0.237429 0.024934 0.044270
1 0.721854 0.409681 0.023153 0.047567
1 0.732844 0.392945 0.024934 0.039614
1 0.728709 0.889274 0.031216 0.055629
1 0.717802 0.945755 0.033624 0.053188
1 0.773360 0.939853 0.029387 0.058649
1 0.882224 0.820524 0.032950 0.049136
2 0.312542 0.434169 0.028497 0.045973
2 0.765792 0.641833 0.032055 0.052307
3 0.280853 0.565247 0.032064 0.047592
3 0.725721 0.639455 0.030273 0.057064
4 0.723787 0.522148 0.139222 0.304362
5 0.271649 0.501539 0.150490 0.320210
1 0.232434 0.701426 0.032926 0.061812
1 0.760297 0.731095 0.031206 0.060092
1 0.226821 0.801422 0.032945 0.053935
1 0.229284 0.953318 0.032950 0.047576
1 0.126176 0.745923 0.036508 0.049144
