0 0.374628 0.703662 0.087738 0.147357
0 0.238648 0.830487 0.097908 0.160134
0 0.523131 0.894480 0.090844 0.135503
0 0.704350 0.348834 0.074797 0.099866
1 0.084109 0.827135 0.040961 0.050730
1 0.243975 0.158582 0.030278 0.039631
1 0.245782 0.195096 0.029387 0.034874
1 0.190528 0.491258 0.033836 0.058658
1 0.318332 0.396124 0.025825 0.045973
1 0.287620 0.241565 0.024910 0.044388
1 0.291409 0.387886 0.023139 0.042802
1 0.295615 0.479333 0.027620 0.041183
1 0.513857 0.501149 0.030278 0.053893
1 0.518202 0.638884 0.028497 0.057064
1 0.760353 0.207706 0.027606 0.036468
1 0.764347 0.232483 0.024934 0.033289
1 0.682719 0.399362 0.028492 0.043070
1 0.729416 0.385617 0.024929 0.039622
1 0.727394 0.898196 0.032950 0.060235
1 0.716770 0.948767 0.032059 0.057064
1 0.773360 0.939853 0.029387 0.058649
1 0.872271 0.823091 0.032950 0.049136
2 0.312542 0.434169 0.028497 0.045973
2 0.765792 0.641833 0.032055 0.052307
3 0.281268 0.569685 0.032064 0.047592
3 0.725721 0.639455 0.030273 0.057064
4 0.723549 0.522148 0.139698 0.304362
5 0.271956 0.501539 0.150490 0.320210
1 0.262684 0.872886 0.032926 0.061812
1 0.314392 0.895415 0.030273 0.066552
1 0.296001 0.941669 0.032945 0.055503
1 0.229284 0.953318 0.032950 0.047576
1 0.123120 0.748943 0.036513 0.049144
